      254,29/09/2018,11:08,B,172.168.1.8
       19,29/09/2018,11:17,B,172.168.1.8
      251,29/09/2018,11:20,B,172.168.1.8
       29,29/09/2018,11:29,B,172.168.1.8
      310,29/09/2018,11:32,B,172.168.1.8
      210,29/09/2018,11:36,B,172.168.1.8
      122,29/09/2018,11:37,B,172.168.1.8
      121,29/09/2018,11:37,B,172.168.1.8
      253,29/09/2018,11:38,B,172.168.1.8
      109,29/09/2018,11:38,B,172.168.1.8
      268,29/09/2018,11:38,B,172.168.1.8
      112,29/09/2018,11:38,B,172.168.1.8
      294,29/09/2018,11:38,B,172.168.1.8
      287,29/09/2018,11:38,B,172.168.1.8
      287,29/09/2018,11:38,B,172.168.1.8
      287,29/09/2018,11:39,B,172.168.1.8
      287,29/09/2018,11:39,B,172.168.1.8
      294,29/09/2018,11:39,B,172.168.1.8
      294,29/09/2018,11:39,B,172.168.1.8
      255,29/09/2018,11:39,B,172.168.1.8
      211,29/09/2018,11:39,B,172.168.1.8
      125,29/09/2018,11:40,B,172.168.1.8
       25,29/09/2018,11:41,B,172.168.1.8
      283,29/09/2018,11:41,B,172.168.1.8
      289,29/09/2018,11:41,B,172.168.1.8
      261,29/09/2018,11:41,B,172.168.1.8
      114,29/09/2018,11:41,B,172.168.1.8
      118,29/09/2018,11:42,B,172.168.1.8
      127,29/09/2018,11:42,B,172.168.1.8
      301,29/09/2018,11:42,B,172.168.1.8
      120,29/09/2018,11:43,B,172.168.1.8
        9,29/09/2018,11:46,B,172.168.1.8
       11,29/09/2018,11:47,B,172.168.1.8
       62,29/09/2018,11:47,B,172.168.1.8
       17,29/09/2018,11:47,B,172.168.1.8
      303,29/09/2018,11:47,B,172.168.1.8
       15,29/09/2018,11:48,B,172.168.1.8
       15,29/09/2018,11:48,B,172.168.1.8
       15,29/09/2018,11:48,B,172.168.1.8
       47,29/09/2018,11:48,B,172.168.1.8
      271,29/09/2018,11:48,B,172.168.1.8
      280,29/09/2018,11:48,B,172.168.1.8
      131,29/09/2018,11:49,B,172.168.1.8
       18,29/09/2018,11:50,B,172.168.1.8
       12,29/09/2018,11:50,B,172.168.1.8
       16,29/09/2018,11:51,B,172.168.1.8
       32,29/09/2018,11:51,B,172.168.1.8
       32,29/09/2018,11:51,B,172.168.1.8
      312,29/09/2018,11:56,B,172.168.1.8
      303,29/09/2018,11:57,B,172.168.1.8
      303,29/09/2018,11:57,B,172.168.1.8
      116,29/09/2018,12:00,B,172.168.1.8
      203,29/09/2018,12:01,B,172.168.1.8
      122,29/09/2018,12:01,B,172.168.1.8
      207,29/09/2018,12:04,B,172.168.1.8
      207,29/09/2018,12:07,B,172.168.1.8
      201,29/09/2018,12:09,B,172.168.1.8
      203,29/09/2018,12:09,B,172.168.1.8
      215,29/09/2018,12:11,B,172.168.1.8
       28,29/09/2018,12:15,B,172.168.1.8
      258,29/09/2018,12:22,B,172.168.1.8
      290,29/09/2018,12:22,B,172.168.1.8
      290,29/09/2018,12:22,B,172.168.1.8
      292,29/09/2018,12:23,B,172.168.1.8
      292,29/09/2018,12:24,B,172.168.1.8
       11,29/09/2018,12:27,B,172.168.1.8
       18,29/09/2018,12:32,B,172.168.1.8
       15,29/09/2018,12:35,B,172.168.1.8
       15,29/09/2018,12:35,B,172.168.1.8
      291,29/09/2018,12:36,B,172.168.1.8
      293,29/09/2018,12:39,B,172.168.1.8
      214,29/09/2018,12:40,B,172.168.1.8
        5,29/09/2018,12:49,B,172.168.1.8
      213,29/09/2018,12:49,B,172.168.1.8
        5,29/09/2018,12:49,B,172.168.1.8
       20,29/09/2018,12:56,B,172.168.1.8
       21,29/09/2018,12:57,B,172.168.1.8
       16,29/09/2018,13:00,B,172.168.1.8
       24,29/09/2018,13:01,B,172.168.1.8
       47,29/09/2018,13:20,B,172.168.1.8
       17,29/09/2018,13:29,B,172.168.1.8
        9,29/09/2018,13:35,B,172.168.1.8
       32,29/09/2018,14:09,B,172.168.1.8
      312,29/09/2018,14:13,B,172.168.1.8
      256,29/09/2018,14:36,B,172.168.1.8
       29,29/09/2018,14:45,B,172.168.1.8
      121,29/09/2018,15:18,B,172.168.1.8
      101,29/09/2018,15:23,B,172.168.1.8
      294,29/09/2018,15:36,B,172.168.1.8
        8,29/09/2018,15:37,B,172.168.1.8
      301,29/09/2018,15:37,B,172.168.1.8
      126,29/09/2018,15:47,B,172.168.1.8
      126,29/09/2018,15:47,B,172.168.1.8
        6,29/09/2018,15:59,B,172.168.1.8
       28,29/09/2018,16:03,B,172.168.1.8
      119,29/09/2018,16:31,B,172.168.1.8
      291,29/09/2018,16:44,B,172.168.1.8
       26,29/09/2018,16:48,B,172.168.1.8
       25,29/09/2018,16:58,B,172.168.1.8
      114,29/09/2018,17:02,B,172.168.1.8
       12,29/09/2018,17:03,B,172.168.1.8
      256,29/09/2018,17:10,B,172.168.1.8
      128,29/09/2018,17:13,B,172.168.1.8
      116,29/09/2018,17:14,B,172.168.1.8
      131,29/09/2018,17:15,B,172.168.1.8
      293,29/09/2018,17:15,B,172.168.1.8
      253,29/09/2018,17:15,B,172.168.1.8
      110,29/09/2018,17:15,B,172.168.1.8
      127,29/09/2018,17:15,B,172.168.1.8
      109,29/09/2018,17:17,B,172.168.1.8
      109,29/09/2018,17:17,B,172.168.1.8
      118,29/09/2018,17:17,B,172.168.1.8
      289,29/09/2018,17:18,B,172.168.1.8
      261,29/09/2018,17:18,B,172.168.1.8
      127,29/09/2018,17:19,B,172.168.1.8
      292,29/09/2018,17:19,B,172.168.1.8
      120,29/09/2018,17:20,B,172.168.1.8
      271,29/09/2018,17:20,B,172.168.1.8
      280,29/09/2018,17:20,B,172.168.1.8
      106,29/09/2018,17:20,B,172.168.1.8
      125,29/09/2018,17:20,B,172.168.1.8
      283,29/09/2018,17:20,B,172.168.1.8
      271,29/09/2018,17:21,B,172.168.1.8
      287,29/09/2018,17:27,B,172.168.1.8
      292,29/09/2018,17:28,B,172.168.1.8
      268,29/09/2018,17:29,B,172.168.1.8
      290,29/09/2018,17:40,B,172.168.1.8
      295,29/09/2018,17:41,B,172.168.1.8
      258,29/09/2018,17:41,B,172.168.1.8
      293,29/09/2018,17:43,B,172.168.1.8
      254,29/09/2018,17:52,B,172.168.1.8
      262,29/09/2018,17:56,B,172.168.1.8
      262,29/09/2018,18:00,B,172.168.1.8
      255,29/09/2018,18:01,B,172.168.1.8
      260,29/09/2018,18:03,B,172.168.1.8
      101,29/09/2018,18:19,B,172.168.1.8
      310,29/09/2018,18:20,B,172.168.1.8
      115,29/09/2018,18:22,B,172.168.1.8
      117,29/09/2018,18:22,B,172.168.1.8
      251,29/09/2018,18:22,B,172.168.1.8
      112,29/09/2018,18:22,B,172.168.1.8
      121,01/10/2018,06:53,B,172.168.1.8
      126,01/10/2018,07:06,B,172.168.1.8
      210,01/10/2018,07:18,B,172.168.1.8
      119,01/10/2018,07:24,B,172.168.1.8
      214,01/10/2018,07:35,B,172.168.1.8
      292,01/10/2018,07:42,B,172.168.1.8
      287,01/10/2018,07:42,B,172.168.1.8
       42,01/10/2018,07:44,B,172.168.1.8
      215,01/10/2018,07:54,B,172.168.1.8
      205,01/10/2018,07:57,B,172.168.1.8
      205,01/10/2018,07:57,B,172.168.1.8
      212,01/10/2018,07:57,B,172.168.1.8
      216,01/10/2018,07:58,B,172.168.1.8
      207,01/10/2018,07:58,B,172.168.1.8
      211,01/10/2018,08:03,B,172.168.1.8
      291,01/10/2018,08:09,B,172.168.1.8
      260,01/10/2018,08:11,B,172.168.1.8
      122,01/10/2018,08:12,B,172.168.1.8
      202,01/10/2018,08:21,B,172.168.1.8
      208,01/10/2018,08:23,B,172.168.1.8
      255,01/10/2018,08:26,B,172.168.1.8
      213,01/10/2018,08:36,B,172.168.1.8
       52,01/10/2018,08:47,B,172.168.1.8
      115,01/10/2018,08:47,B,172.168.1.8
      204,01/10/2018,08:49,B,172.168.1.8
       11,01/10/2018,08:51,B,172.168.1.8
      209,01/10/2018,08:53,B,172.168.1.8
       24,01/10/2018,08:54,B,172.168.1.8
      268,01/10/2018,08:54,B,172.168.1.8
       16,01/10/2018,08:55,B,172.168.1.8
       32,01/10/2018,08:56,B,172.168.1.8
       15,01/10/2018,08:56,B,172.168.1.8
       15,01/10/2018,08:56,B,172.168.1.8
       15,01/10/2018,08:56,B,172.168.1.8
       15,01/10/2018,08:56,B,172.168.1.8
       15,01/10/2018,08:56,B,172.168.1.8
       15,01/10/2018,08:56,B,172.168.1.8
       18,01/10/2018,08:57,B,172.168.1.8
      120,01/10/2018,09:02,B,172.168.1.8
       62,01/10/2018,09:03,B,172.168.1.8
       25,01/10/2018,09:03,B,172.168.1.8
      203,01/10/2018,09:16,B,172.168.1.8
      206,01/10/2018,09:18,B,172.168.1.8
      312,01/10/2018,09:19,B,172.168.1.8
      110,01/10/2018,09:19,B,172.168.1.8
      123,01/10/2018,09:20,B,172.168.1.8
      280,01/10/2018,09:24,B,172.168.1.8
      262,01/10/2018,09:33,B,172.168.1.8
      201,01/10/2018,09:34,B,172.168.1.8
      116,01/10/2018,09:39,B,172.168.1.8
      290,01/10/2018,09:40,B,172.168.1.8
      125,01/10/2018,09:40,B,172.168.1.8
       26,01/10/2018,09:41,B,172.168.1.8
       22,01/10/2018,09:42,B,172.168.1.8
       22,01/10/2018,09:43,B,172.168.1.8
        6,01/10/2018,09:45,B,172.168.1.8
      303,01/10/2018,09:45,B,172.168.1.8
      109,01/10/2018,09:47,B,172.168.1.8
       28,01/10/2018,09:52,B,172.168.1.8
      131,01/10/2018,09:54,B,172.168.1.8
      295,01/10/2018,09:54,B,172.168.1.8
       40,01/10/2018,09:56,B,172.168.1.8
       21,01/10/2018,09:59,B,172.168.1.8
      112,01/10/2018,10:05,B,172.168.1.8
      310,01/10/2018,10:06,B,172.168.1.8
      101,01/10/2018,10:06,B,172.168.1.8
      106,01/10/2018,10:07,B,172.168.1.8
      289,01/10/2018,10:07,B,172.168.1.8
      117,01/10/2018,10:08,B,172.168.1.8
      127,01/10/2018,10:09,B,172.168.1.8
      271,01/10/2018,10:09,B,172.168.1.8
      309,01/10/2018,10:11,B,172.168.1.8
      254,01/10/2018,10:12,B,172.168.1.8
      256,01/10/2018,10:12,B,172.168.1.8
       42,01/10/2018,10:14,B,172.168.1.8
      128,01/10/2018,10:16,B,172.168.1.8
      114,01/10/2018,10:16,B,172.168.1.8
      293,01/10/2018,10:22,B,172.168.1.8
       10,01/10/2018,10:29,B,172.168.1.8
        5,01/10/2018,10:29,B,172.168.1.8
       27,01/10/2018,10:32,B,172.168.1.8
      118,01/10/2018,10:35,B,172.168.1.8
      251,01/10/2018,10:39,B,172.168.1.8
       47,01/10/2018,10:39,B,172.168.1.8
       52,01/10/2018,10:43,B,172.168.1.8
      261,01/10/2018,11:01,B,172.168.1.8
       63,01/10/2018,11:04,B,172.168.1.8
       63,01/10/2018,11:04,B,172.168.1.8
        8,01/10/2018,11:14,B,172.168.1.8
       51,01/10/2018,11:19,B,172.168.1.8
        9,01/10/2018,11:22,B,172.168.1.8
       19,01/10/2018,11:24,B,172.168.1.8
        2,01/10/2018,11:28,B,172.168.1.8
       29,01/10/2018,11:46,B,172.168.1.8
      216,01/10/2018,12:59,B,172.168.1.8
      212,01/10/2018,12:59,B,172.168.1.8
      207,01/10/2018,12:59,B,172.168.1.8
      205,01/10/2018,13:11,B,172.168.1.8
      205,01/10/2018,13:11,B,172.168.1.8
      210,01/10/2018,13:17,B,172.168.1.8
      210,01/10/2018,13:18,B,172.168.1.8
      202,01/10/2018,13:22,B,172.168.1.8
      215,01/10/2018,13:25,B,172.168.1.8
      214,01/10/2018,13:26,B,172.168.1.8
      211,01/10/2018,13:26,B,172.168.1.8
      211,01/10/2018,13:29,B,172.168.1.8
      203,01/10/2018,13:36,B,172.168.1.8
      258,01/10/2018,13:36,B,172.168.1.8
       51,01/10/2018,13:51,B,172.168.1.8
      208,01/10/2018,13:54,B,172.168.1.8
      209,01/10/2018,14:09,B,172.168.1.8
      209,01/10/2018,14:09,B,172.168.1.8
      204,01/10/2018,14:09,B,172.168.1.8
      213,01/10/2018,14:09,B,172.168.1.8
      206,01/10/2018,14:14,B,172.168.1.8
       37,01/10/2018,14:26,B,172.168.1.8
       16,01/10/2018,14:30,B,172.168.1.8
       18,01/10/2018,14:40,B,172.168.1.8
      201,01/10/2018,14:40,B,172.168.1.8
       24,01/10/2018,14:41,B,172.168.1.8
      131,01/10/2018,15:12,B,172.168.1.8
       11,01/10/2018,15:24,B,172.168.1.8
       18,01/10/2018,15:31,B,172.168.1.8
       62,01/10/2018,15:33,B,172.168.1.8
      289,01/10/2018,15:36,B,172.168.1.8
      126,01/10/2018,15:39,B,172.168.1.8
      126,01/10/2018,15:40,B,172.168.1.8
      309,01/10/2018,15:44,B,172.168.1.8
      126,01/10/2018,15:45,B,172.168.1.8
       15,01/10/2018,16:01,B,172.168.1.8
       15,01/10/2018,16:01,B,172.168.1.8
       27,01/10/2018,16:19,B,172.168.1.8
      303,01/10/2018,16:19,B,172.168.1.8
      119,01/10/2018,16:25,B,172.168.1.8
      122,01/10/2018,16:27,B,172.168.1.8
       47,01/10/2018,16:31,B,172.168.1.8
       10,01/10/2018,16:36,B,172.168.1.8
        5,01/10/2018,16:39,B,172.168.1.8
       28,01/10/2018,16:45,B,172.168.1.8
       22,01/10/2018,16:46,B,172.168.1.8
        6,01/10/2018,16:48,B,172.168.1.8
       32,01/10/2018,16:48,B,172.168.1.8
        2,01/10/2018,16:50,B,172.168.1.8
       19,01/10/2018,16:50,B,172.168.1.8
       29,01/10/2018,16:50,B,172.168.1.8
        9,01/10/2018,16:50,B,172.168.1.8
       26,01/10/2018,16:58,B,172.168.1.8
      291,01/10/2018,17:00,B,172.168.1.8
       25,01/10/2018,17:04,B,172.168.1.8
      110,01/10/2018,17:06,B,172.168.1.8
      109,01/10/2018,17:06,B,172.168.1.8
      262,01/10/2018,17:06,B,172.168.1.8
      295,01/10/2018,17:06,B,172.168.1.8
      127,01/10/2018,17:10,B,172.168.1.8
      261,01/10/2018,17:12,B,172.168.1.8
      127,01/10/2018,17:12,B,172.168.1.8
      120,01/10/2018,17:13,B,172.168.1.8
      128,01/10/2018,17:13,B,172.168.1.8
      116,01/10/2018,17:14,B,172.168.1.8
      271,01/10/2018,17:16,B,172.168.1.8
      280,01/10/2018,17:16,B,172.168.1.8
      118,01/10/2018,17:16,B,172.168.1.8
      287,01/10/2018,17:39,B,172.168.1.8
      292,01/10/2018,17:39,B,172.168.1.8
      268,01/10/2018,17:39,B,172.168.1.8
      258,01/10/2018,17:39,B,172.168.1.8
      114,01/10/2018,17:41,B,172.168.1.8
      106,01/10/2018,17:41,B,172.168.1.8
      101,01/10/2018,17:41,B,172.168.1.8
      258,01/10/2018,17:41,B,172.168.1.8
      251,01/10/2018,17:42,B,172.168.1.8
      115,01/10/2018,17:42,B,172.168.1.8
      125,01/10/2018,17:42,B,172.168.1.8
      290,01/10/2018,17:43,B,172.168.1.8
      293,01/10/2018,17:45,B,172.168.1.8
        8,01/10/2018,17:46,B,172.168.1.8
      260,01/10/2018,17:47,B,172.168.1.8
      123,01/10/2018,17:48,B,172.168.1.8
      312,01/10/2018,17:54,B,172.168.1.8
      256,01/10/2018,18:00,B,172.168.1.8
      117,01/10/2018,18:03,B,172.168.1.8
      255,01/10/2018,18:04,B,172.168.1.8
      112,01/10/2018,18:04,B,172.168.1.8
      310,01/10/2018,18:04,B,172.168.1.8
      126,03/10/2018,06:59,B,172.168.1.8
      262,03/10/2018,07:16,B,172.168.1.8
      119,03/10/2018,07:19,B,172.168.1.8
      287,03/10/2018,07:31,B,172.168.1.8
      292,03/10/2018,07:31,B,172.168.1.8
       42,03/10/2018,07:42,B,172.168.1.8
      215,03/10/2018,07:44,B,172.168.1.8
       40,03/10/2018,07:46,B,172.168.1.8
      214,03/10/2018,07:58,B,172.168.1.8
      208,03/10/2018,07:58,B,172.168.1.8
      209,03/10/2018,08:00,B,172.168.1.8
       26,03/10/2018,08:00,B,172.168.1.8
      203,03/10/2018,08:01,B,172.168.1.8
      205,03/10/2018,08:03,B,172.168.1.8
      202,03/10/2018,08:03,B,172.168.1.8
      273,03/10/2018,08:05,B,172.168.1.8
      260,03/10/2018,08:11,B,172.168.1.8
      291,03/10/2018,08:12,B,172.168.1.8
      212,03/10/2018,08:20,B,172.168.1.8
      301,03/10/2018,08:38,B,172.168.1.8
       52,03/10/2018,08:40,B,172.168.1.8
      312,03/10/2018,08:45,B,172.168.1.8
       11,03/10/2018,08:45,B,172.168.1.8
      207,03/10/2018,08:46,B,172.168.1.8
       32,03/10/2018,08:47,B,172.168.1.8
      115,03/10/2018,08:49,B,172.168.1.8
      204,03/10/2018,08:50,B,172.168.1.8
       47,03/10/2018,08:53,B,172.168.1.8
      210,03/10/2018,08:54,B,172.168.1.8
      211,03/10/2018,08:55,B,172.168.1.8
      268,03/10/2018,09:00,B,172.168.1.8
      206,03/10/2018,09:00,B,172.168.1.8
       15,03/10/2018,09:04,B,172.168.1.8
       15,03/10/2018,09:04,B,172.168.1.8
      213,03/10/2018,09:14,B,172.168.1.8
      120,03/10/2018,09:18,B,172.168.1.8
        5,03/10/2018,09:18,B,172.168.1.8
       16,03/10/2018,09:19,B,172.168.1.8
       25,03/10/2018,09:21,B,172.168.1.8
       20,03/10/2018,09:22,B,172.168.1.8
      283,03/10/2018,09:27,B,172.168.1.8
       22,03/10/2018,09:28,B,172.168.1.8
      112,03/10/2018,09:29,B,172.168.1.8
      128,03/10/2018,09:36,B,172.168.1.8
        6,03/10/2018,09:38,B,172.168.1.8
      256,03/10/2018,09:39,B,172.168.1.8
      123,03/10/2018,09:42,B,172.168.1.8
      303,03/10/2018,09:43,B,172.168.1.8
       62,03/10/2018,09:43,B,172.168.1.8
      290,03/10/2018,09:44,B,172.168.1.8
      201,03/10/2018,09:45,B,172.168.1.8
       24,03/10/2018,09:46,B,172.168.1.8
        8,03/10/2018,09:49,B,172.168.1.8
      122,03/10/2018,09:53,B,172.168.1.8
      127,03/10/2018,09:55,B,172.168.1.8
      114,03/10/2018,09:56,B,172.168.1.8
      293,03/10/2018,10:00,B,172.168.1.8
      125,03/10/2018,10:01,B,172.168.1.8
      289,03/10/2018,10:03,B,172.168.1.8
       21,03/10/2018,10:06,B,172.168.1.8
      271,03/10/2018,10:08,B,172.168.1.8
      131,03/10/2018,10:08,B,172.168.1.8
      116,03/10/2018,10:10,B,172.168.1.8
      101,03/10/2018,10:11,B,172.168.1.8
      101,03/10/2018,10:11,B,172.168.1.8
      310,03/10/2018,10:12,B,172.168.1.8
      311,03/10/2018,10:16,B,172.168.1.8
       10,03/10/2018,10:18,B,172.168.1.8
      106,03/10/2018,10:21,B,172.168.1.8
       17,03/10/2018,10:24,B,172.168.1.8
      261,03/10/2018,10:32,B,172.168.1.8
       42,03/10/2018,10:57,B,172.168.1.8
        2,03/10/2018,11:01,B,172.168.1.8
       18,03/10/2018,11:07,B,172.168.1.8
       29,03/10/2018,11:10,B,172.168.1.8
       19,03/10/2018,11:17,B,172.168.1.8
       28,03/10/2018,11:22,B,172.168.1.8
       30,03/10/2018,11:41,B,172.168.1.8
        9,03/10/2018,11:42,B,172.168.1.8
       62,03/10/2018,11:42,B,172.168.1.8
       31,03/10/2018,11:52,B,172.168.1.8
       52,03/10/2018,12:40,B,172.168.1.8
      202,03/10/2018,12:44,B,172.168.1.8
      210,03/10/2018,12:48,B,172.168.1.8
      215,03/10/2018,12:54,B,172.168.1.8
      214,03/10/2018,12:54,B,172.168.1.8
      203,03/10/2018,13:02,B,172.168.1.8
      205,03/10/2018,13:06,B,172.168.1.8
      208,03/10/2018,13:16,B,172.168.1.8
      209,03/10/2018,13:16,B,172.168.1.8
      212,03/10/2018,13:16,B,172.168.1.8
      258,03/10/2018,13:20,B,172.168.1.8
       14,03/10/2018,13:49,B,172.168.1.8
      206,03/10/2018,14:00,B,172.168.1.8
      204,03/10/2018,14:00,B,172.168.1.8
      207,03/10/2018,14:02,B,172.168.1.8
      211,03/10/2018,14:06,B,172.168.1.8
      311,03/10/2018,14:11,B,172.168.1.8
      201,03/10/2018,14:16,B,172.168.1.8
       16,03/10/2018,14:39,B,172.168.1.8
      303,03/10/2018,14:48,B,172.168.1.8
      303,03/10/2018,14:48,B,172.168.1.8
       20,03/10/2018,14:57,B,172.168.1.8
      213,03/10/2018,15:08,B,172.168.1.8
       11,03/10/2018,15:14,B,172.168.1.8
      126,03/10/2018,15:17,B,172.168.1.8
      126,03/10/2018,15:17,B,172.168.1.8
      262,03/10/2018,15:24,B,172.168.1.8
       40,03/10/2018,15:29,B,172.168.1.8
       21,03/10/2018,15:36,B,172.168.1.8
       21,03/10/2018,15:37,B,172.168.1.8
       24,03/10/2018,15:39,B,172.168.1.8
        5,03/10/2018,15:40,B,172.168.1.8
       15,03/10/2018,15:43,B,172.168.1.8
       15,03/10/2018,15:43,B,172.168.1.8
       15,03/10/2018,15:43,B,172.168.1.8
       15,03/10/2018,15:43,B,172.168.1.8
      262,03/10/2018,15:44,B,172.168.1.8
      291,03/10/2018,15:47,B,172.168.1.8
       47,03/10/2018,15:53,B,172.168.1.8
      312,03/10/2018,16:25,B,172.168.1.8
      301,03/10/2018,16:26,B,172.168.1.8
       14,03/10/2018,16:30,B,172.168.1.8
      119,03/10/2018,16:32,B,172.168.1.8
       32,03/10/2018,16:33,B,172.168.1.8
        9,03/10/2018,16:43,B,172.168.1.8
       19,03/10/2018,16:48,B,172.168.1.8
       18,03/10/2018,16:50,B,172.168.1.8
       29,03/10/2018,16:50,B,172.168.1.8
       25,03/10/2018,17:03,B,172.168.1.8
      290,03/10/2018,17:06,B,172.168.1.8
        2,03/10/2018,17:07,B,172.168.1.8
      289,03/10/2018,17:13,B,172.168.1.8
      127,03/10/2018,17:14,B,172.168.1.8
      261,03/10/2018,17:14,B,172.168.1.8
      120,03/10/2018,17:15,B,172.168.1.8
      122,03/10/2018,17:15,B,172.168.1.8
      128,03/10/2018,17:16,B,172.168.1.8
      131,03/10/2018,17:19,B,172.168.1.8
      292,03/10/2018,17:19,B,172.168.1.8
      268,03/10/2018,17:20,B,172.168.1.8
      101,03/10/2018,17:21,B,172.168.1.8
       28,03/10/2018,17:21,B,172.168.1.8
      123,03/10/2018,17:23,B,172.168.1.8
      293,03/10/2018,17:25,B,172.168.1.8
       17,03/10/2018,17:27,B,172.168.1.8
      271,03/10/2018,17:28,B,172.168.1.8
      283,03/10/2018,17:29,B,172.168.1.8
      295,03/10/2018,17:30,B,172.168.1.8
      258,03/10/2018,17:30,B,172.168.1.8
      106,03/10/2018,17:31,B,172.168.1.8
      125,03/10/2018,17:31,B,172.168.1.8
      293,03/10/2018,17:32,B,172.168.1.8
      115,03/10/2018,17:32,B,172.168.1.8
      256,03/10/2018,17:32,B,172.168.1.8
      114,03/10/2018,17:39,B,172.168.1.8
       26,03/10/2018,17:40,B,172.168.1.8
      273,03/10/2018,17:40,B,172.168.1.8
       30,03/10/2018,17:40,B,172.168.1.8
       10,03/10/2018,17:49,B,172.168.1.8
        6,03/10/2018,17:50,B,172.168.1.8
      260,03/10/2018,17:51,B,172.168.1.8
      116,03/10/2018,18:10,B,172.168.1.8
      112,03/10/2018,18:10,B,172.168.1.8
      310,03/10/2018,18:10,B,172.168.1.8
      126,04/10/2018,06:57,B,172.168.1.8
      292,04/10/2018,07:37,B,172.168.1.8
      291,04/10/2018,07:38,B,172.168.1.8
      216,04/10/2018,07:46,B,172.168.1.8
      207,04/10/2018,07:46,B,172.168.1.8
      273,04/10/2018,07:47,B,172.168.1.8
      215,04/10/2018,07:52,B,172.168.1.8
      213,04/10/2018,07:55,B,172.168.1.8
      204,04/10/2018,07:55,B,172.168.1.8
       54,04/10/2018,07:55,B,172.168.1.8
      205,04/10/2018,07:59,B,172.168.1.8
      122,04/10/2018,07:59,B,172.168.1.8
      255,04/10/2018,08:01,B,172.168.1.8
      214,04/10/2018,08:01,B,172.168.1.8
      210,04/10/2018,08:02,B,172.168.1.8
      211,04/10/2018,08:04,B,172.168.1.8
       42,04/10/2018,08:06,B,172.168.1.8
      260,04/10/2018,08:09,B,172.168.1.8
      202,04/10/2018,08:09,B,172.168.1.8
       26,04/10/2018,08:10,B,172.168.1.8
      287,04/10/2018,08:12,B,172.168.1.8
      119,04/10/2018,08:12,B,172.168.1.8
      212,04/10/2018,08:17,B,172.168.1.8
       52,04/10/2018,08:28,B,172.168.1.8
       30,04/10/2018,08:42,B,172.168.1.8
       30,04/10/2018,08:43,B,172.168.1.8
       18,04/10/2018,08:49,B,172.168.1.8
      115,04/10/2018,08:51,B,172.168.1.8
       14,04/10/2018,08:53,B,172.168.1.8
       15,04/10/2018,08:55,B,172.168.1.8
       15,04/10/2018,08:55,B,172.168.1.8
       15,04/10/2018,08:55,B,172.168.1.8
       15,04/10/2018,08:55,B,172.168.1.8
       20,04/10/2018,08:55,B,172.168.1.8
      303,04/10/2018,08:57,B,172.168.1.8
      208,04/10/2018,09:00,B,172.168.1.8
       16,04/10/2018,09:02,B,172.168.1.8
      268,04/10/2018,09:05,B,172.168.1.8
       11,04/10/2018,09:06,B,172.168.1.8
       36,04/10/2018,09:07,B,172.168.1.8
      262,04/10/2018,09:17,B,172.168.1.8
      110,04/10/2018,09:21,B,172.168.1.8
      203,04/10/2018,09:21,B,172.168.1.8
      201,04/10/2018,09:22,B,172.168.1.8
      206,04/10/2018,09:22,B,172.168.1.8
       25,04/10/2018,09:23,B,172.168.1.8
        9,04/10/2018,09:23,B,172.168.1.8
      280,04/10/2018,09:25,B,172.168.1.8
      312,04/10/2018,09:26,B,172.168.1.8
      128,04/10/2018,09:37,B,172.168.1.8
      131,04/10/2018,09:46,B,172.168.1.8
      127,04/10/2018,09:50,B,172.168.1.8
      289,04/10/2018,09:52,B,172.168.1.8
      209,04/10/2018,09:52,B,172.168.1.8
       24,04/10/2018,09:52,B,172.168.1.8
      116,04/10/2018,09:53,B,172.168.1.8
      117,04/10/2018,09:54,B,172.168.1.8
      112,04/10/2018,10:05,B,172.168.1.8
      293,04/10/2018,10:08,B,172.168.1.8
      254,04/10/2018,10:14,B,172.168.1.8
      295,04/10/2018,10:14,B,172.168.1.8
       35,04/10/2018,10:15,B,172.168.1.8
      258,04/10/2018,10:19,B,172.168.1.8
      309,04/10/2018,10:22,B,172.168.1.8
      253,04/10/2018,10:22,B,172.168.1.8
      109,04/10/2018,10:22,B,172.168.1.8
        5,04/10/2018,10:24,B,172.168.1.8
      271,04/10/2018,10:25,B,172.168.1.8
       17,04/10/2018,10:31,B,172.168.1.8
       21,04/10/2018,10:31,B,172.168.1.8
       42,04/10/2018,10:32,B,172.168.1.8
       28,04/10/2018,10:35,B,172.168.1.8
       47,04/10/2018,10:42,B,172.168.1.8
        6,04/10/2018,10:48,B,172.168.1.8
       10,04/10/2018,10:53,B,172.168.1.8
        1,04/10/2018,10:54,B,172.168.1.8
       22,04/10/2018,11:02,B,172.168.1.8
      310,04/10/2018,11:03,B,172.168.1.8
      261,04/10/2018,11:08,B,172.168.1.8
       27,04/10/2018,11:12,B,172.168.1.8
       19,04/10/2018,11:15,B,172.168.1.8
      311,04/10/2018,11:24,B,172.168.1.8
        2,04/10/2018,11:26,B,172.168.1.8
        8,04/10/2018,11:29,B,172.168.1.8
      254,04/10/2018,11:43,B,172.168.1.8
      120,04/10/2018,11:51,B,172.168.1.8
       29,04/10/2018,11:51,B,172.168.1.8
      301,04/10/2018,11:56,B,172.168.1.8
       54,04/10/2018,12:09,B,172.168.1.8
      305,04/10/2018,12:12,B,172.168.1.8
      305,04/10/2018,12:12,B,172.168.1.8
      215,04/10/2018,13:03,B,172.168.1.8
      204,04/10/2018,13:04,B,172.168.1.8
      210,04/10/2018,13:13,B,172.168.1.8
      211,04/10/2018,13:17,B,172.168.1.8
      205,04/10/2018,13:20,B,172.168.1.8
      205,04/10/2018,13:20,B,172.168.1.8
      205,04/10/2018,13:20,B,172.168.1.8
      202,04/10/2018,13:22,B,172.168.1.8
      207,04/10/2018,13:24,B,172.168.1.8
      216,04/10/2018,13:25,B,172.168.1.8
       29,04/10/2018,13:29,B,172.168.1.8
       19,04/10/2018,13:30,B,172.168.1.8
      304,04/10/2018,13:41,B,172.168.1.8
      213,04/10/2018,13:54,B,172.168.1.8
      212,04/10/2018,14:00,B,172.168.1.8
      208,04/10/2018,14:00,B,172.168.1.8
      214,04/10/2018,14:05,B,172.168.1.8
       18,04/10/2018,14:07,B,172.168.1.8
       15,04/10/2018,14:08,B,172.168.1.8
       15,04/10/2018,14:08,B,172.168.1.8
       15,04/10/2018,14:08,B,172.168.1.8
      206,04/10/2018,14:20,B,172.168.1.8
      206,04/10/2018,14:20,B,172.168.1.8
      203,04/10/2018,14:27,B,172.168.1.8
      201,04/10/2018,14:27,B,172.168.1.8
      201,04/10/2018,14:27,B,172.168.1.8
       36,04/10/2018,14:31,B,172.168.1.8
      311,04/10/2018,14:44,B,172.168.1.8
      303,04/10/2018,14:45,B,172.168.1.8
      309,04/10/2018,14:48,B,172.168.1.8
       16,04/10/2018,14:49,B,172.168.1.8
      209,04/10/2018,14:53,B,172.168.1.8
       20,04/10/2018,14:59,B,172.168.1.8
      126,04/10/2018,15:10,B,172.168.1.8
      126,04/10/2018,15:22,B,172.168.1.8
      305,04/10/2018,15:39,B,172.168.1.8
      305,04/10/2018,15:39,B,172.168.1.8
      305,04/10/2018,15:39,B,172.168.1.8
       35,04/10/2018,15:49,B,172.168.1.8
        2,04/10/2018,15:55,B,172.168.1.8
        8,04/10/2018,15:55,B,172.168.1.8
        5,04/10/2018,15:57,B,172.168.1.8
      291,04/10/2018,15:58,B,172.168.1.8
       14,04/10/2018,16:02,B,172.168.1.8
        9,04/10/2018,16:09,B,172.168.1.8
      301,04/10/2018,16:14,B,172.168.1.8
       21,04/10/2018,16:22,B,172.168.1.8
       22,04/10/2018,16:27,B,172.168.1.8
      119,04/10/2018,16:30,B,172.168.1.8
      122,04/10/2018,16:36,B,172.168.1.8
       27,04/10/2018,16:37,B,172.168.1.8
      312,04/10/2018,16:40,B,172.168.1.8
       17,04/10/2018,16:46,B,172.168.1.8
       11,04/10/2018,16:47,B,172.168.1.8
       47,04/10/2018,16:49,B,172.168.1.8
       32,04/10/2018,16:50,B,172.168.1.8
       25,04/10/2018,17:00,B,172.168.1.8
      110,04/10/2018,17:08,B,172.168.1.8
      128,04/10/2018,17:09,B,172.168.1.8
      127,04/10/2018,17:12,B,172.168.1.8
      295,04/10/2018,17:12,B,172.168.1.8
      131,04/10/2018,17:15,B,172.168.1.8
      109,04/10/2018,17:15,B,172.168.1.8
      253,04/10/2018,17:19,B,172.168.1.8
      289,04/10/2018,17:19,B,172.168.1.8
      261,04/10/2018,17:19,B,172.168.1.8
      120,04/10/2018,17:21,B,172.168.1.8
       24,04/10/2018,17:25,B,172.168.1.8
        1,04/10/2018,17:30,B,172.168.1.8
       30,04/10/2018,17:31,B,172.168.1.8
      271,04/10/2018,17:31,B,172.168.1.8
      280,04/10/2018,17:32,B,172.168.1.8
       30,04/10/2018,17:32,B,172.168.1.8
      273,04/10/2018,17:43,B,172.168.1.8
      293,04/10/2018,17:48,B,172.168.1.8
      287,04/10/2018,17:51,B,172.168.1.8
      293,04/10/2018,17:51,B,172.168.1.8
      292,04/10/2018,17:53,B,172.168.1.8
      268,04/10/2018,17:53,B,172.168.1.8
      260,04/10/2018,17:57,B,172.168.1.8
      262,04/10/2018,18:03,B,172.168.1.8
      255,04/10/2018,18:04,B,172.168.1.8
       28,04/10/2018,18:04,B,172.168.1.8
      262,04/10/2018,18:04,B,172.168.1.8
      117,04/10/2018,18:04,B,172.168.1.8
      255,04/10/2018,18:04,B,172.168.1.8
      258,04/10/2018,18:04,B,172.168.1.8
      112,04/10/2018,18:06,B,172.168.1.8
      258,04/10/2018,18:06,B,172.168.1.8
       26,04/10/2018,18:57,B,172.168.1.8
       10,04/10/2018,19:08,B,172.168.1.8
        6,04/10/2018,19:09,B,172.168.1.8
      310,04/10/2018,19:13,B,172.168.1.8
      116,04/10/2018,19:14,B,172.168.1.8
      126,05/10/2018,07:29,B,172.168.1.8
      119,05/10/2018,07:29,B,172.168.1.8
      292,05/10/2018,07:30,B,172.168.1.8
      262,05/10/2018,07:30,B,172.168.1.8
      273,05/10/2018,07:43,B,172.168.1.8
      287,05/10/2018,07:49,B,172.168.1.8
      205,05/10/2018,07:52,B,172.168.1.8
      215,05/10/2018,07:53,B,172.168.1.8
      212,05/10/2018,07:54,B,172.168.1.8
      207,05/10/2018,07:54,B,172.168.1.8
      216,05/10/2018,07:54,B,172.168.1.8
      203,05/10/2018,07:57,B,172.168.1.8
      214,05/10/2018,07:59,B,172.168.1.8
      202,05/10/2018,08:02,B,172.168.1.8
      122,05/10/2018,08:04,B,172.168.1.8
      291,05/10/2018,08:07,B,172.168.1.8
      260,05/10/2018,08:13,B,172.168.1.8
      260,05/10/2018,08:13,B,172.168.1.8
       52,05/10/2018,08:25,B,172.168.1.8
       20,05/10/2018,08:26,B,172.168.1.8
      255,05/10/2018,08:29,B,172.168.1.8
      206,05/10/2018,08:30,B,172.168.1.8
      210,05/10/2018,08:32,B,172.168.1.8
      115,05/10/2018,08:35,B,172.168.1.8
      112,05/10/2018,08:39,B,172.168.1.8
      301,05/10/2018,08:43,B,172.168.1.8
       35,05/10/2018,08:44,B,172.168.1.8
      211,05/10/2018,08:48,B,172.168.1.8
       30,05/10/2018,08:49,B,172.168.1.8
       32,05/10/2018,08:51,B,172.168.1.8
       15,05/10/2018,08:52,B,172.168.1.8
       15,05/10/2018,08:52,B,172.168.1.8
       15,05/10/2018,08:52,B,172.168.1.8
       36,05/10/2018,08:53,B,172.168.1.8
      204,05/10/2018,08:53,B,172.168.1.8
      201,05/10/2018,08:55,B,172.168.1.8
      312,05/10/2018,08:56,B,172.168.1.8
      311,05/10/2018,08:57,B,172.168.1.8
      208,05/10/2018,09:05,B,172.168.1.8
       47,05/10/2018,09:07,B,172.168.1.8
      268,05/10/2018,09:10,B,172.168.1.8
      268,05/10/2018,09:10,B,172.168.1.8
      213,05/10/2018,09:21,B,172.168.1.8
      110,05/10/2018,09:21,B,172.168.1.8
      120,05/10/2018,09:23,B,172.168.1.8
      280,05/10/2018,09:24,B,172.168.1.8
       25,05/10/2018,09:28,B,172.168.1.8
      209,05/10/2018,09:33,B,172.168.1.8
      128,05/10/2018,09:33,B,172.168.1.8
       11,05/10/2018,09:45,B,172.168.1.8
      125,05/10/2018,09:45,B,172.168.1.8
      117,05/10/2018,09:46,B,172.168.1.8
       18,05/10/2018,09:52,B,172.168.1.8
       24,05/10/2018,09:52,B,172.168.1.8
        6,05/10/2018,09:52,B,172.168.1.8
      116,05/10/2018,09:53,B,172.168.1.8
      114,05/10/2018,09:59,B,172.168.1.8
      131,05/10/2018,09:59,B,172.168.1.8
      290,05/10/2018,09:59,B,172.168.1.8
      271,05/10/2018,10:06,B,172.168.1.8
      303,05/10/2018,10:07,B,172.168.1.8
      293,05/10/2018,10:07,B,172.168.1.8
      109,05/10/2018,10:09,B,172.168.1.8
      289,05/10/2018,10:09,B,172.168.1.8
      256,05/10/2018,10:10,B,172.168.1.8
       14,05/10/2018,10:14,B,172.168.1.8
       17,05/10/2018,10:16,B,172.168.1.8
      254,05/10/2018,10:17,B,172.168.1.8
      295,05/10/2018,10:18,B,172.168.1.8
      127,05/10/2018,10:21,B,172.168.1.8
       16,05/10/2018,10:27,B,172.168.1.8
      101,05/10/2018,10:30,B,172.168.1.8
      312,05/10/2018,10:31,B,172.168.1.8
      253,05/10/2018,10:35,B,172.168.1.8
        9,05/10/2018,10:40,B,172.168.1.8
      309,05/10/2018,10:44,B,172.168.1.8
       29,05/10/2018,10:45,B,172.168.1.8
      251,05/10/2018,10:55,B,172.168.1.8
       19,05/10/2018,11:15,B,172.168.1.8
       31,05/10/2018,11:18,B,172.168.1.8
      310,05/10/2018,11:18,B,172.168.1.8
      258,05/10/2018,11:20,B,172.168.1.8
       51,05/10/2018,11:22,B,172.168.1.8
       27,05/10/2018,11:26,B,172.168.1.8
       26,05/10/2018,11:27,B,172.168.1.8
        2,05/10/2018,11:31,B,172.168.1.8
       10,05/10/2018,11:34,B,172.168.1.8
       22,05/10/2018,11:42,B,172.168.1.8
      305,05/10/2018,12:02,B,172.168.1.8
      255,05/10/2018,12:30,B,172.168.1.8
      215,05/10/2018,12:59,B,172.168.1.8
      203,05/10/2018,13:04,B,172.168.1.8
      311,05/10/2018,13:05,B,172.168.1.8
      202,05/10/2018,13:20,B,172.168.1.8
      206,05/10/2018,13:21,B,172.168.1.8
      212,05/10/2018,13:26,B,172.168.1.8
      216,05/10/2018,13:26,B,172.168.1.8
      207,05/10/2018,13:27,B,172.168.1.8
      214,05/10/2018,13:32,B,172.168.1.8
      304,05/10/2018,13:33,B,172.168.1.8
      204,05/10/2018,13:53,B,172.168.1.8
      204,05/10/2018,13:54,B,172.168.1.8
      201,05/10/2018,13:58,B,172.168.1.8
      210,05/10/2018,14:03,B,172.168.1.8
      211,05/10/2018,14:04,B,172.168.1.8
       36,05/10/2018,14:08,B,172.168.1.8
       35,05/10/2018,14:21,B,172.168.1.8
       15,05/10/2018,14:25,B,172.168.1.8
       15,05/10/2018,14:25,B,172.168.1.8
       15,05/10/2018,14:25,B,172.168.1.8
       15,05/10/2018,14:25,B,172.168.1.8
       30,05/10/2018,14:29,B,172.168.1.8
        1,05/10/2018,14:33,B,172.168.1.8
      209,05/10/2018,14:34,B,172.168.1.8
       47,05/10/2018,14:35,B,172.168.1.8
       51,05/10/2018,14:46,B,172.168.1.8
      303,05/10/2018,14:56,B,172.168.1.8
       52,05/10/2018,15:12,B,172.168.1.8
      309,05/10/2018,15:21,B,172.168.1.8
      126,05/10/2018,15:30,B,172.168.1.8
       24,05/10/2018,15:35,B,172.168.1.8
      305,05/10/2018,15:36,B,172.168.1.8
       20,05/10/2018,15:36,B,172.168.1.8
       18,05/10/2018,15:44,B,172.168.1.8
       16,05/10/2018,15:47,B,172.168.1.8
      258,05/10/2018,16:03,B,172.168.1.8
        8,05/10/2018,16:34,B,172.168.1.8
       29,05/10/2018,16:37,B,172.168.1.8
       27,05/10/2018,16:48,B,172.168.1.8
       19,05/10/2018,16:49,B,172.168.1.8
        2,05/10/2018,16:50,B,172.168.1.8
      208,05/10/2018,16:51,B,172.168.1.8
      115,05/10/2018,16:58,B,172.168.1.8
      253,05/10/2018,16:59,B,172.168.1.8
      262,05/10/2018,16:59,B,172.168.1.8
       25,05/10/2018,17:01,B,172.168.1.8
       22,05/10/2018,17:01,B,172.168.1.8
      295,05/10/2018,17:06,B,172.168.1.8
      110,05/10/2018,17:09,B,172.168.1.8
      109,05/10/2018,17:09,B,172.168.1.8
       17,05/10/2018,17:10,B,172.168.1.8
      128,05/10/2018,17:10,B,172.168.1.8
      122,05/10/2018,17:13,B,172.168.1.8
       32,05/10/2018,17:13,B,172.168.1.8
      131,05/10/2018,17:15,B,172.168.1.8
      120,05/10/2018,17:15,B,172.168.1.8
      289,05/10/2018,17:16,B,172.168.1.8
       14,05/10/2018,17:16,B,172.168.1.8
      261,05/10/2018,17:17,B,172.168.1.8
      127,05/10/2018,17:17,B,172.168.1.8
       11,05/10/2018,17:19,B,172.168.1.8
      254,05/10/2018,17:23,B,172.168.1.8
        1,05/10/2018,17:27,B,172.168.1.8
      291,05/10/2018,17:27,B,172.168.1.8
      258,05/10/2018,17:34,B,172.168.1.8
      271,05/10/2018,17:34,B,172.168.1.8
       26,05/10/2018,17:35,B,172.168.1.8
      125,05/10/2018,17:35,B,172.168.1.8
      271,05/10/2018,17:37,B,172.168.1.8
      280,05/10/2018,17:37,B,172.168.1.8
      293,05/10/2018,17:53,B,172.168.1.8
        6,05/10/2018,17:59,B,172.168.1.8
      290,05/10/2018,17:59,B,172.168.1.8
       10,05/10/2018,17:59,B,172.168.1.8
      268,05/10/2018,18:00,B,172.168.1.8
      292,05/10/2018,18:00,B,172.168.1.8
      273,05/10/2018,18:04,B,172.168.1.8
      117,05/10/2018,18:06,B,172.168.1.8
      112,05/10/2018,18:06,B,172.168.1.8
      260,05/10/2018,18:07,B,172.168.1.8
      256,05/10/2018,18:08,B,172.168.1.8
      114,05/10/2018,18:18,B,172.168.1.8
      101,05/10/2018,19:13,B,172.168.1.8
      116,05/10/2018,19:14,B,172.168.1.8
      251,05/10/2018,19:15,B,172.168.1.8
      287,05/10/2018,19:30,B,172.168.1.8
      310,05/10/2018,19:30,B,172.168.1.8
      126,06/10/2018,07:15,B,172.168.1.8
      119,06/10/2018,07:18,B,172.168.1.8
      292,06/10/2018,07:20,B,172.168.1.8
      287,06/10/2018,07:20,B,172.168.1.8
      273,06/10/2018,07:29,B,172.168.1.8
      291,06/10/2018,07:34,B,172.168.1.8
      212,06/10/2018,07:50,B,172.168.1.8
      209,06/10/2018,07:52,B,172.168.1.8
      204,06/10/2018,07:52,B,172.168.1.8
      209,06/10/2018,07:52,B,172.168.1.8
      202,06/10/2018,07:55,B,172.168.1.8
      216,06/10/2018,07:56,B,172.168.1.8
      206,06/10/2018,07:58,B,172.168.1.8
      208,06/10/2018,08:10,B,172.168.1.8
      260,06/10/2018,08:13,B,172.168.1.8
      210,06/10/2018,08:16,B,172.168.1.8
      211,06/10/2018,08:40,B,172.168.1.8
       36,06/10/2018,08:40,B,172.168.1.8
       15,06/10/2018,08:44,B,172.168.1.8
       15,06/10/2018,08:44,B,172.168.1.8
       32,06/10/2018,08:47,B,172.168.1.8
      115,06/10/2018,08:47,B,172.168.1.8
      213,06/10/2018,08:48,B,172.168.1.8
      312,06/10/2018,08:51,B,172.168.1.8
       20,06/10/2018,08:52,B,172.168.1.8
      214,06/10/2018,08:54,B,172.168.1.8
       10,06/10/2018,09:00,B,172.168.1.8
       17,06/10/2018,09:01,B,172.168.1.8
      112,06/10/2018,09:13,B,172.168.1.8
      215,06/10/2018,09:19,B,172.168.1.8
      120,06/10/2018,09:22,B,172.168.1.8
      262,06/10/2018,09:22,B,172.168.1.8
      280,06/10/2018,09:23,B,172.168.1.8
      122,06/10/2018,09:24,B,172.168.1.8
       11,06/10/2018,09:26,B,172.168.1.8
       18,06/10/2018,09:28,B,172.168.1.8
      283,06/10/2018,09:29,B,172.168.1.8
      201,06/10/2018,09:32,B,172.168.1.8
      110,06/10/2018,09:32,B,172.168.1.8
      290,06/10/2018,09:36,B,172.168.1.8
      290,06/10/2018,09:36,B,172.168.1.8
       26,06/10/2018,09:38,B,172.168.1.8
       47,06/10/2018,09:39,B,172.168.1.8
      128,06/10/2018,09:43,B,172.168.1.8
      303,06/10/2018,09:44,B,172.168.1.8
      303,06/10/2018,09:44,B,172.168.1.8
      114,06/10/2018,09:48,B,172.168.1.8
       30,06/10/2018,09:56,B,172.168.1.8
      116,06/10/2018,09:56,B,172.168.1.8
        6,06/10/2018,09:58,B,172.168.1.8
      203,06/10/2018,09:58,B,172.168.1.8
      131,06/10/2018,10:04,B,172.168.1.8
      289,06/10/2018,10:05,B,172.168.1.8
       24,06/10/2018,10:06,B,172.168.1.8
      127,06/10/2018,10:09,B,172.168.1.8
      125,06/10/2018,10:10,B,172.168.1.8
      256,06/10/2018,10:13,B,172.168.1.8
      271,06/10/2018,10:14,B,172.168.1.8
       35,06/10/2018,10:16,B,172.168.1.8
      301,06/10/2018,10:17,B,172.168.1.8
      209,06/10/2018,10:17,B,172.168.1.8
      204,06/10/2018,10:17,B,172.168.1.8
      206,06/10/2018,10:18,B,172.168.1.8
      202,06/10/2018,10:20,B,172.168.1.8
      109,06/10/2018,10:21,B,172.168.1.8
        8,06/10/2018,10:22,B,172.168.1.8
      253,06/10/2018,10:22,B,172.168.1.8
      254,06/10/2018,10:25,B,172.168.1.8
       27,06/10/2018,10:27,B,172.168.1.8
      117,06/10/2018,10:28,B,172.168.1.8
      118,06/10/2018,10:31,B,172.168.1.8
       14,06/10/2018,10:41,B,172.168.1.8
      251,06/10/2018,10:41,B,172.168.1.8
      216,06/10/2018,10:45,B,172.168.1.8
      212,06/10/2018,10:45,B,172.168.1.8
      261,06/10/2018,10:46,B,172.168.1.8
       16,06/10/2018,10:50,B,172.168.1.8
       36,06/10/2018,10:54,B,172.168.1.8
       28,06/10/2018,10:55,B,172.168.1.8
        9,06/10/2018,11:03,B,172.168.1.8
      210,06/10/2018,11:13,B,172.168.1.8
      310,06/10/2018,11:15,B,172.168.1.8
       19,06/10/2018,11:17,B,172.168.1.8
      211,06/10/2018,11:28,B,172.168.1.8
      213,06/10/2018,11:28,B,172.168.1.8
      211,06/10/2018,11:28,B,172.168.1.8
       22,06/10/2018,11:29,B,172.168.1.8
        2,06/10/2018,11:29,B,172.168.1.8
       29,06/10/2018,11:42,B,172.168.1.8
      291,06/10/2018,11:47,B,172.168.1.8
      215,06/10/2018,12:04,B,172.168.1.8
       52,06/10/2018,12:12,B,172.168.1.8
       11,06/10/2018,12:16,B,172.168.1.8
      303,06/10/2018,12:18,B,172.168.1.8
       20,06/10/2018,12:19,B,172.168.1.8
      201,06/10/2018,12:22,B,172.168.1.8
      203,06/10/2018,12:22,B,172.168.1.8
       17,06/10/2018,12:24,B,172.168.1.8
       35,06/10/2018,12:28,B,172.168.1.8
       15,06/10/2018,12:29,B,172.168.1.8
       15,06/10/2018,12:29,B,172.168.1.8
       15,06/10/2018,12:29,B,172.168.1.8
       21,06/10/2018,12:38,B,172.168.1.8
       47,06/10/2018,13:08,B,172.168.1.8
       16,06/10/2018,13:09,B,172.168.1.8
       24,06/10/2018,13:09,B,172.168.1.8
      208,06/10/2018,13:16,B,172.168.1.8
       16,06/10/2018,13:29,B,172.168.1.8
       18,06/10/2018,13:36,B,172.168.1.8
        8,06/10/2018,13:39,B,172.168.1.8
        9,06/10/2018,13:55,B,172.168.1.8
      258,06/10/2018,13:56,B,172.168.1.8
       19,06/10/2018,14:23,B,172.168.1.8
       22,06/10/2018,14:40,B,172.168.1.8
       52,06/10/2018,14:49,B,172.168.1.8
       27,06/10/2018,15:09,B,172.168.1.8
       29,06/10/2018,15:22,B,172.168.1.8
      312,06/10/2018,15:51,B,172.168.1.8
      126,06/10/2018,15:54,B,172.168.1.8
       32,06/10/2018,15:54,B,172.168.1.8
       30,06/10/2018,16:13,B,172.168.1.8
      126,06/10/2018,16:14,B,172.168.1.8
       14,06/10/2018,16:16,B,172.168.1.8
      126,06/10/2018,16:25,B,172.168.1.8
      119,06/10/2018,16:26,B,172.168.1.8
        2,06/10/2018,16:33,B,172.168.1.8
       37,06/10/2018,16:42,B,172.168.1.8
      127,06/10/2018,17:00,B,172.168.1.8
      127,06/10/2018,17:01,B,172.168.1.8
      110,06/10/2018,17:06,B,172.168.1.8
      120,06/10/2018,17:06,B,172.168.1.8
      289,06/10/2018,17:06,B,172.168.1.8
      261,06/10/2018,17:06,B,172.168.1.8
      260,06/10/2018,17:07,B,172.168.1.8
      128,06/10/2018,17:07,B,172.168.1.8
      131,06/10/2018,17:15,B,172.168.1.8
      253,06/10/2018,17:19,B,172.168.1.8
      109,06/10/2018,17:20,B,172.168.1.8
      122,06/10/2018,17:21,B,172.168.1.8
      271,06/10/2018,17:34,B,172.168.1.8
      280,06/10/2018,17:34,B,172.168.1.8
      254,06/10/2018,17:35,B,172.168.1.8
      251,06/10/2018,17:35,B,172.168.1.8
      271,06/10/2018,17:35,B,172.168.1.8
      115,06/10/2018,17:36,B,172.168.1.8
      280,06/10/2018,17:36,B,172.168.1.8
      101,06/10/2018,18:01,B,172.168.1.8
      256,06/10/2018,18:12,B,172.168.1.8
      292,06/10/2018,18:17,B,172.168.1.8
      125,06/10/2018,18:18,B,172.168.1.8
       26,06/10/2018,18:19,B,172.168.1.8
      258,06/10/2018,18:19,B,172.168.1.8
      114,06/10/2018,18:20,B,172.168.1.8
      117,06/10/2018,18:21,B,172.168.1.8
      258,06/10/2018,18:21,B,172.168.1.8
      283,06/10/2018,18:21,B,172.168.1.8
      273,06/10/2018,18:25,B,172.168.1.8
       28,06/10/2018,18:27,B,172.168.1.8
       10,06/10/2018,18:45,B,172.168.1.8
        6,06/10/2018,18:52,B,172.168.1.8
      287,06/10/2018,19:26,B,172.168.1.8
      262,06/10/2018,19:26,B,172.168.1.8
      116,06/10/2018,19:29,B,172.168.1.8
      262,06/10/2018,19:30,B,172.168.1.8
      310,06/10/2018,19:30,B,172.168.1.8
      287,06/10/2018,19:30,B,172.168.1.8
      290,06/10/2018,19:30,B,172.168.1.8
      290,06/10/2018,19:30,B,172.168.1.8
      290,06/10/2018,19:30,B,172.168.1.8
      112,06/10/2018,19:30,B,172.168.1.8
      112,06/10/2018,19:31,B,172.168.1.8
      118,07/10/2018,08:10,B,172.168.1.8
      262,07/10/2018,08:10,B,172.168.1.8
      260,07/10/2018,08:10,B,172.168.1.8
      287,07/10/2018,08:13,B,172.168.1.8
      116,07/10/2018,08:39,B,172.168.1.8
      112,07/10/2018,08:59,B,172.168.1.8
       28,07/10/2018,09:06,B,172.168.1.8
       26,07/10/2018,09:16,B,172.168.1.8
      283,07/10/2018,09:29,B,172.168.1.8
      115,07/10/2018,09:33,B,172.168.1.8
        6,07/10/2018,09:39,B,172.168.1.8
      256,07/10/2018,09:53,B,172.168.1.8
        1,07/10/2018,10:04,B,172.168.1.8
       10,07/10/2018,10:04,B,172.168.1.8
      131,07/10/2018,10:20,B,172.168.1.8
        2,07/10/2018,10:24,B,172.168.1.8
      251,07/10/2018,10:34,B,172.168.1.8
       25,07/10/2018,10:48,B,172.168.1.8
      101,07/10/2018,10:50,B,172.168.1.8
      290,07/10/2018,11:02,B,172.168.1.8
      201,07/10/2018,11:11,B,172.168.1.8
      114,07/10/2018,11:29,B,172.168.1.8
      205,07/10/2018,11:35,B,172.168.1.8
      205,07/10/2018,11:35,B,172.168.1.8
      305,07/10/2018,14:01,B,172.168.1.8
      205,07/10/2018,14:24,B,172.168.1.8
      201,07/10/2018,14:25,B,172.168.1.8
       25,07/10/2018,14:30,B,172.168.1.8
        2,07/10/2018,14:48,B,172.168.1.8
        2,07/10/2018,14:57,B,172.168.1.8
      101,07/10/2018,14:57,B,172.168.1.8
        1,07/10/2018,15:13,B,172.168.1.8
      251,07/10/2018,15:17,B,172.168.1.8
      115,07/10/2018,15:17,B,172.168.1.8
       26,07/10/2018,15:30,B,172.168.1.8
       28,07/10/2018,17:07,B,172.168.1.8
       10,07/10/2018,17:17,B,172.168.1.8
        6,07/10/2018,17:23,B,172.168.1.8
      131,07/10/2018,17:30,B,172.168.1.8
      114,07/10/2018,17:40,B,172.168.1.8
      287,07/10/2018,17:40,B,172.168.1.8
      256,07/10/2018,17:41,B,172.168.1.8
      287,07/10/2018,17:45,B,172.168.1.8
      262,07/10/2018,17:46,B,172.168.1.8
      116,07/10/2018,17:46,B,172.168.1.8
      283,07/10/2018,17:46,B,172.168.1.8
      112,07/10/2018,17:46,B,172.168.1.8
      260,07/10/2018,17:47,B,172.168.1.8
      290,07/10/2018,17:47,B,172.168.1.8
      126,07/10/2018,17:47,B,172.168.1.8
      112,07/10/2018,17:47,B,172.168.1.8
      126,08/10/2018,07:10,B,172.168.1.8
      210,08/10/2018,07:11,B,172.168.1.8
       63,08/10/2018,07:14,B,172.168.1.8
      119,08/10/2018,07:18,B,172.168.1.8
      292,08/10/2018,07:31,B,172.168.1.8
      287,08/10/2018,07:31,B,172.168.1.8
      205,08/10/2018,07:53,B,172.168.1.8
      273,08/10/2018,07:53,B,172.168.1.8
      212,08/10/2018,07:59,B,172.168.1.8
      207,08/10/2018,07:59,B,172.168.1.8
      216,08/10/2018,07:59,B,172.168.1.8
      215,08/10/2018,08:01,B,172.168.1.8
      211,08/10/2018,08:02,B,172.168.1.8
      282,08/10/2018,08:03,B,172.168.1.8
      260,08/10/2018,08:10,B,172.168.1.8
      291,08/10/2018,08:18,B,172.168.1.8
      202,08/10/2018,08:20,B,172.168.1.8
      208,08/10/2018,08:26,B,172.168.1.8
      268,08/10/2018,08:32,B,172.168.1.8
      204,08/10/2018,08:44,B,172.168.1.8
      301,08/10/2018,08:49,B,172.168.1.8
      213,08/10/2018,08:57,B,172.168.1.8
       36,08/10/2018,09:01,B,172.168.1.8
       11,08/10/2018,09:02,B,172.168.1.8
       20,08/10/2018,09:04,B,172.168.1.8
       24,08/10/2018,09:07,B,172.168.1.8
      203,08/10/2018,09:11,B,172.168.1.8
       40,08/10/2018,09:12,B,172.168.1.8
      206,08/10/2018,09:12,B,172.168.1.8
      206,08/10/2018,09:13,B,172.168.1.8
      312,08/10/2018,09:18,B,172.168.1.8
       15,08/10/2018,09:21,B,172.168.1.8
       15,08/10/2018,09:21,B,172.168.1.8
       28,08/10/2018,09:23,B,172.168.1.8
       25,08/10/2018,09:25,B,172.168.1.8
       32,08/10/2018,09:25,B,172.168.1.8
      112,08/10/2018,09:30,B,172.168.1.8
       14,08/10/2018,09:31,B,172.168.1.8
      283,08/10/2018,09:33,B,172.168.1.8
      117,08/10/2018,09:34,B,172.168.1.8
      280,08/10/2018,09:36,B,172.168.1.8
      128,08/10/2018,09:38,B,172.168.1.8
      303,08/10/2018,09:42,B,172.168.1.8
      201,08/10/2018,09:42,B,172.168.1.8
      110,08/10/2018,09:45,B,172.168.1.8
        6,08/10/2018,09:47,B,172.168.1.8
       35,08/10/2018,09:47,B,172.168.1.8
       17,08/10/2018,09:56,B,172.168.1.8
       18,08/10/2018,09:59,B,172.168.1.8
      271,08/10/2018,10:05,B,172.168.1.8
      106,08/10/2018,10:08,B,172.168.1.8
      289,08/10/2018,10:13,B,172.168.1.8
      262,08/10/2018,10:13,B,172.168.1.8
      118,08/10/2018,10:14,B,172.168.1.8
      253,08/10/2018,10:15,B,172.168.1.8
      256,08/10/2018,10:16,B,172.168.1.8
      293,08/10/2018,10:17,B,172.168.1.8
      131,08/10/2018,10:19,B,172.168.1.8
      127,08/10/2018,10:19,B,172.168.1.8
      114,08/10/2018,10:19,B,172.168.1.8
      295,08/10/2018,10:22,B,172.168.1.8
        9,08/10/2018,10:26,B,172.168.1.8
       21,08/10/2018,10:33,B,172.168.1.8
      251,08/10/2018,10:36,B,172.168.1.8
      290,08/10/2018,10:37,B,172.168.1.8
      254,08/10/2018,10:40,B,172.168.1.8
       63,08/10/2018,10:42,B,172.168.1.8
        1,08/10/2018,10:47,B,172.168.1.8
       47,08/10/2018,10:48,B,172.168.1.8
        5,08/10/2018,10:51,B,172.168.1.8
       10,08/10/2018,10:51,B,172.168.1.8
       64,08/10/2018,10:55,B,172.168.1.8
       64,08/10/2018,10:55,B,172.168.1.8
       51,08/10/2018,10:56,B,172.168.1.8
       29,08/10/2018,10:59,B,172.168.1.8
      309,08/10/2018,11:04,B,172.168.1.8
      261,08/10/2018,11:05,B,172.168.1.8
       30,08/10/2018,11:06,B,172.168.1.8
       30,08/10/2018,11:07,B,172.168.1.8
       27,08/10/2018,11:15,B,172.168.1.8
       19,08/10/2018,11:17,B,172.168.1.8
       62,08/10/2018,11:18,B,172.168.1.8
        2,08/10/2018,11:19,B,172.168.1.8
      301,08/10/2018,11:26,B,172.168.1.8
       40,08/10/2018,11:42,B,172.168.1.8
       22,08/10/2018,11:43,B,172.168.1.8
       15,08/10/2018,12:42,B,172.168.1.8
       15,08/10/2018,12:42,B,172.168.1.8
      205,08/10/2018,13:00,B,172.168.1.8
      205,08/10/2018,13:00,B,172.168.1.8
      215,08/10/2018,13:00,B,172.168.1.8
      131,08/10/2018,13:08,B,172.168.1.8
      202,08/10/2018,13:22,B,172.168.1.8
      212,08/10/2018,13:30,B,172.168.1.8
      207,08/10/2018,13:30,B,172.168.1.8
      207,08/10/2018,13:30,B,172.168.1.8
      216,08/10/2018,13:30,B,172.168.1.8
      210,08/10/2018,13:33,B,172.168.1.8
      254,08/10/2018,13:37,B,172.168.1.8
      211,08/10/2018,13:37,B,172.168.1.8
      211,08/10/2018,13:38,B,172.168.1.8
       27,08/10/2018,13:51,B,172.168.1.8
      204,08/10/2018,13:55,B,172.168.1.8
      208,08/10/2018,13:59,B,172.168.1.8
      213,08/10/2018,14:00,B,172.168.1.8
      206,08/10/2018,14:16,B,172.168.1.8
      203,08/10/2018,14:16,B,172.168.1.8
      203,08/10/2018,14:16,B,172.168.1.8
       51,08/10/2018,14:39,B,172.168.1.8
       24,08/10/2018,14:40,B,172.168.1.8
       35,08/10/2018,14:42,B,172.168.1.8
      201,08/10/2018,14:43,B,172.168.1.8
       20,08/10/2018,14:53,B,172.168.1.8
       36,08/10/2018,14:55,B,172.168.1.8
       35,08/10/2018,14:55,B,172.168.1.8
       11,08/10/2018,14:56,B,172.168.1.8
      291,08/10/2018,15:02,B,172.168.1.8
      126,08/10/2018,15:30,B,172.168.1.8
       28,08/10/2018,15:43,B,172.168.1.8
        9,08/10/2018,15:48,B,172.168.1.8
        1,08/10/2018,16:01,B,172.168.1.8
        5,08/10/2018,16:02,B,172.168.1.8
        6,08/10/2018,16:03,B,172.168.1.8
       21,08/10/2018,16:08,B,172.168.1.8
       30,08/10/2018,16:08,B,172.168.1.8
       32,08/10/2018,16:14,B,172.168.1.8
      309,08/10/2018,16:17,B,172.168.1.8
      119,08/10/2018,16:27,B,172.168.1.8
       47,08/10/2018,16:33,B,172.168.1.8
       10,08/10/2018,16:39,B,172.168.1.8
       19,08/10/2018,16:47,B,172.168.1.8
       62,08/10/2018,16:47,B,172.168.1.8
      303,08/10/2018,16:47,B,172.168.1.8
      303,08/10/2018,16:47,B,172.168.1.8
       17,08/10/2018,16:51,B,172.168.1.8
        2,08/10/2018,16:52,B,172.168.1.8
       25,08/10/2018,17:03,B,172.168.1.8
       29,08/10/2018,17:03,B,172.168.1.8
      128,08/10/2018,17:09,B,172.168.1.8
       22,08/10/2018,17:10,B,172.168.1.8
      271,08/10/2018,17:11,B,172.168.1.8
      280,08/10/2018,17:11,B,172.168.1.8
      283,08/10/2018,17:11,B,172.168.1.8
      110,08/10/2018,17:11,B,172.168.1.8
      295,08/10/2018,17:11,B,172.168.1.8
      290,08/10/2018,17:13,B,172.168.1.8
      290,08/10/2018,17:13,B,172.168.1.8
      118,08/10/2018,17:14,B,172.168.1.8
      122,08/10/2018,17:15,B,172.168.1.8
      253,08/10/2018,17:15,B,172.168.1.8
      271,08/10/2018,17:16,B,172.168.1.8
      251,08/10/2018,17:16,B,172.168.1.8
      261,08/10/2018,17:18,B,172.168.1.8
      289,08/10/2018,17:18,B,172.168.1.8
      127,08/10/2018,17:19,B,172.168.1.8
      262,08/10/2018,17:20,B,172.168.1.8
       14,08/10/2018,17:25,B,172.168.1.8
      292,08/10/2018,17:31,B,172.168.1.8
       18,08/10/2018,17:38,B,172.168.1.8
      293,08/10/2018,17:55,B,172.168.1.8
      106,08/10/2018,17:57,B,172.168.1.8
      117,08/10/2018,17:57,B,172.168.1.8
      256,08/10/2018,18:00,B,172.168.1.8
      273,08/10/2018,18:15,B,172.168.1.8
      114,08/10/2018,18:16,B,172.168.1.8
      312,08/10/2018,18:32,B,172.168.1.8
      112,08/10/2018,19:05,B,172.168.1.8
      260,08/10/2018,19:07,B,172.168.1.8
      287,08/10/2018,19:07,B,172.168.1.8
      112,08/10/2018,19:07,B,172.168.1.8
      126,09/10/2018,07:04,B,172.168.1.8
      210,09/10/2018,07:07,B,172.168.1.8
      273,09/10/2018,07:22,B,172.168.1.8
       42,09/10/2018,07:44,B,172.168.1.8
       26,09/10/2018,07:56,B,172.168.1.8
      287,09/10/2018,08:04,B,172.168.1.8
      292,09/10/2018,08:04,B,172.168.1.8
       54,09/10/2018,08:04,B,172.168.1.8
      260,09/10/2018,08:16,B,172.168.1.8
      213,09/10/2018,08:25,B,172.168.1.8
       52,09/10/2018,08:27,B,172.168.1.8
      208,09/10/2018,08:28,B,172.168.1.8
      204,09/10/2018,08:39,B,172.168.1.8
       29,09/10/2018,08:43,B,172.168.1.8
      122,09/10/2018,08:44,B,172.168.1.8
      115,09/10/2018,08:44,B,172.168.1.8
       16,09/10/2018,08:50,B,172.168.1.8
       18,09/10/2018,08:50,B,172.168.1.8
      203,09/10/2018,08:54,B,172.168.1.8
      112,09/10/2018,08:56,B,172.168.1.8
      212,09/10/2018,08:58,B,172.168.1.8
      280,09/10/2018,08:58,B,172.168.1.8
      202,09/10/2018,08:59,B,172.168.1.8
       11,09/10/2018,09:00,B,172.168.1.8
      215,09/10/2018,09:00,B,172.168.1.8
      312,09/10/2018,09:01,B,172.168.1.8
      205,09/10/2018,09:02,B,172.168.1.8
      211,09/10/2018,09:04,B,172.168.1.8
       47,09/10/2018,09:05,B,172.168.1.8
       17,09/10/2018,09:08,B,172.168.1.8
      214,09/10/2018,09:10,B,172.168.1.8
       40,09/10/2018,09:11,B,172.168.1.8
       20,09/10/2018,09:12,B,172.168.1.8
      303,09/10/2018,09:13,B,172.168.1.8
      309,09/10/2018,09:13,B,172.168.1.8
      201,09/10/2018,09:19,B,172.168.1.8
      201,09/10/2018,09:21,B,172.168.1.8
       25,09/10/2018,09:22,B,172.168.1.8
      283,09/10/2018,09:30,B,172.168.1.8
       32,09/10/2018,09:33,B,172.168.1.8
      128,09/10/2018,09:40,B,172.168.1.8
      207,09/10/2018,09:41,B,172.168.1.8
      110,09/10/2018,09:42,B,172.168.1.8
       24,09/10/2018,09:43,B,172.168.1.8
       14,09/10/2018,09:44,B,172.168.1.8
       14,09/10/2018,09:44,B,172.168.1.8
      255,09/10/2018,09:48,B,172.168.1.8
       42,09/10/2018,09:50,B,172.168.1.8
       54,09/10/2018,09:50,B,172.168.1.8
        1,09/10/2018,09:51,B,172.168.1.8
        2,09/10/2018,09:55,B,172.168.1.8
       30,09/10/2018,09:55,B,172.168.1.8
      127,09/10/2018,09:58,B,172.168.1.8
      118,09/10/2018,09:58,B,172.168.1.8
       12,09/10/2018,10:00,B,172.168.1.8
       36,09/10/2018,10:03,B,172.168.1.8
      271,09/10/2018,10:06,B,172.168.1.8
      216,09/10/2018,10:06,B,172.168.1.8
      131,09/10/2018,10:06,B,172.168.1.8
      116,09/10/2018,10:07,B,172.168.1.8
      289,09/10/2018,10:09,B,172.168.1.8
      114,09/10/2018,10:12,B,172.168.1.8
      254,09/10/2018,10:13,B,172.168.1.8
       58,09/10/2018,10:15,B,172.168.1.8
      295,09/10/2018,10:18,B,172.168.1.8
      106,09/10/2018,10:18,B,172.168.1.8
      256,09/10/2018,10:20,B,172.168.1.8
      253,09/10/2018,10:20,B,172.168.1.8
      117,09/10/2018,10:23,B,172.168.1.8
        5,09/10/2018,10:26,B,172.168.1.8
      206,09/10/2018,10:29,B,172.168.1.8
      293,09/10/2018,10:32,B,172.168.1.8
       10,09/10/2018,10:33,B,172.168.1.8
      251,09/10/2018,10:34,B,172.168.1.8
      128,09/10/2018,10:34,B,172.168.1.8
       27,09/10/2018,10:37,B,172.168.1.8
       22,09/10/2018,10:44,B,172.168.1.8
      261,09/10/2018,10:48,B,172.168.1.8
      291,09/10/2018,10:50,B,172.168.1.8
       28,09/10/2018,10:53,B,172.168.1.8
        9,09/10/2018,10:54,B,172.168.1.8
       35,09/10/2018,11:10,B,172.168.1.8
       62,09/10/2018,11:13,B,172.168.1.8
       19,09/10/2018,11:14,B,172.168.1.8
       52,09/10/2018,11:57,B,172.168.1.8
      305,09/10/2018,12:00,B,172.168.1.8
       40,09/10/2018,13:27,B,172.168.1.8
      311,09/10/2018,13:39,B,172.168.1.8
      304,09/10/2018,13:46,B,172.168.1.8
        8,09/10/2018,14:05,B,172.168.1.8
      213,09/10/2018,14:25,B,172.168.1.8
      210,09/10/2018,14:26,B,172.168.1.8
       47,09/10/2018,14:39,B,172.168.1.8
      303,09/10/2018,14:50,B,172.168.1.8
      309,09/10/2018,14:50,B,172.168.1.8
       16,09/10/2018,15:12,B,172.168.1.8
      311,09/10/2018,15:23,B,172.168.1.8
      202,09/10/2018,15:30,B,172.168.1.8
      202,09/10/2018,15:30,B,172.168.1.8
      211,09/10/2018,15:30,B,172.168.1.8
      203,09/10/2018,15:30,B,172.168.1.8
      205,09/10/2018,15:31,B,172.168.1.8
      126,09/10/2018,15:35,B,172.168.1.8
      215,09/10/2018,15:36,B,172.168.1.8
      305,09/10/2018,15:36,B,172.168.1.8
       20,09/10/2018,15:45,B,172.168.1.8
       10,09/10/2018,15:57,B,172.168.1.8
      291,09/10/2018,16:03,B,172.168.1.8
        1,09/10/2018,16:05,B,172.168.1.8
       35,09/10/2018,16:17,B,172.168.1.8
       28,09/10/2018,16:19,B,172.168.1.8
      204,09/10/2018,16:20,B,172.168.1.8
       21,09/10/2018,16:21,B,172.168.1.8
      206,09/10/2018,16:21,B,172.168.1.8
      204,09/10/2018,16:21,B,172.168.1.8
       24,09/10/2018,16:26,B,172.168.1.8
       36,09/10/2018,16:30,B,172.168.1.8
        2,09/10/2018,16:30,B,172.168.1.8
       12,09/10/2018,16:32,B,172.168.1.8
        5,09/10/2018,16:36,B,172.168.1.8
       22,09/10/2018,16:40,B,172.168.1.8
       18,09/10/2018,16:41,B,172.168.1.8
        6,09/10/2018,16:46,B,172.168.1.8
       19,09/10/2018,16:49,B,172.168.1.8
       25,09/10/2018,16:55,B,172.168.1.8
       11,09/10/2018,16:58,B,172.168.1.8
       14,09/10/2018,16:59,B,172.168.1.8
       29,09/10/2018,17:00,B,172.168.1.8
      115,09/10/2018,17:01,B,172.168.1.8
      251,09/10/2018,17:01,B,172.168.1.8
      254,09/10/2018,17:02,B,172.168.1.8
       62,09/10/2018,17:04,B,172.168.1.8
      295,09/10/2018,17:05,B,172.168.1.8
      201,09/10/2018,17:07,B,172.168.1.8
      207,09/10/2018,17:09,B,172.168.1.8
      110,09/10/2018,17:10,B,172.168.1.8
      212,09/10/2018,17:10,B,172.168.1.8
      216,09/10/2018,17:11,B,172.168.1.8
       27,09/10/2018,17:11,B,172.168.1.8
      131,09/10/2018,17:11,B,172.168.1.8
      289,09/10/2018,17:12,B,172.168.1.8
      214,09/10/2018,17:13,B,172.168.1.8
      261,09/10/2018,17:13,B,172.168.1.8
      253,09/10/2018,17:15,B,172.168.1.8
      253,09/10/2018,17:15,B,172.168.1.8
       17,09/10/2018,17:16,B,172.168.1.8
       26,09/10/2018,17:16,B,172.168.1.8
      127,09/10/2018,17:23,B,172.168.1.8
       37,09/10/2018,17:27,B,172.168.1.8
       30,09/10/2018,17:29,B,172.168.1.8
      208,09/10/2018,17:30,B,172.168.1.8
       30,09/10/2018,17:30,B,172.168.1.8
      271,09/10/2018,17:30,B,172.168.1.8
      280,09/10/2018,17:31,B,172.168.1.8
      118,09/10/2018,17:31,B,172.168.1.8
      283,09/10/2018,17:35,B,172.168.1.8
      122,09/10/2018,17:36,B,172.168.1.8
      114,09/10/2018,17:45,B,172.168.1.8
      273,09/10/2018,17:45,B,172.168.1.8
      287,09/10/2018,17:58,B,172.168.1.8
      287,09/10/2018,17:58,B,172.168.1.8
      287,09/10/2018,17:58,B,172.168.1.8
      268,09/10/2018,18:00,B,172.168.1.8
      292,09/10/2018,18:00,B,172.168.1.8
      293,09/10/2018,18:01,B,172.168.1.8
      293,09/10/2018,18:01,B,172.168.1.8
      116,09/10/2018,18:02,B,172.168.1.8
      117,09/10/2018,18:02,B,172.168.1.8
      293,09/10/2018,18:03,B,172.168.1.8
      255,09/10/2018,18:04,B,172.168.1.8
      106,09/10/2018,18:04,B,172.168.1.8
      256,09/10/2018,18:10,B,172.168.1.8
      112,09/10/2018,19:11,B,172.168.1.8
      260,09/10/2018,19:16,B,172.168.1.8
      112,09/10/2018,19:16,B,172.168.1.8
      126,10/10/2018,07:08,B,172.168.1.8
      119,10/10/2018,07:31,B,172.168.1.8
      287,10/10/2018,07:31,B,172.168.1.8
      292,10/10/2018,07:31,B,172.168.1.8
      273,10/10/2018,07:33,B,172.168.1.8
       42,10/10/2018,07:42,B,172.168.1.8
      268,10/10/2018,07:47,B,172.168.1.8
      216,10/10/2018,07:48,B,172.168.1.8
      215,10/10/2018,07:53,B,172.168.1.8
      208,10/10/2018,07:55,B,172.168.1.8
      202,10/10/2018,07:55,B,172.168.1.8
      214,10/10/2018,07:56,B,172.168.1.8
      203,10/10/2018,07:57,B,172.168.1.8
      260,10/10/2018,08:13,B,172.168.1.8
      205,10/10/2018,08:15,B,172.168.1.8
      212,10/10/2018,08:29,B,172.168.1.8
       26,10/10/2018,08:36,B,172.168.1.8
      255,10/10/2018,08:37,B,172.168.1.8
      301,10/10/2018,08:38,B,172.168.1.8
      122,10/10/2018,08:38,B,172.168.1.8
       15,10/10/2018,08:49,B,172.168.1.8
       15,10/10/2018,08:49,B,172.168.1.8
       15,10/10/2018,08:49,B,172.168.1.8
       15,10/10/2018,08:49,B,172.168.1.8
      115,10/10/2018,08:49,B,172.168.1.8
      207,10/10/2018,08:50,B,172.168.1.8
      120,10/10/2018,08:54,B,172.168.1.8
      204,10/10/2018,08:59,B,172.168.1.8
      312,10/10/2018,09:01,B,172.168.1.8
       11,10/10/2018,09:02,B,172.168.1.8
       47,10/10/2018,09:03,B,172.168.1.8
       32,10/10/2018,09:04,B,172.168.1.8
       25,10/10/2018,09:07,B,172.168.1.8
       36,10/10/2018,09:09,B,172.168.1.8
       12,10/10/2018,09:13,B,172.168.1.8
       52,10/10/2018,09:15,B,172.168.1.8
      262,10/10/2018,09:15,B,172.168.1.8
      211,10/10/2018,09:16,B,172.168.1.8
       20,10/10/2018,09:17,B,172.168.1.8
      283,10/10/2018,09:25,B,172.168.1.8
        5,10/10/2018,09:28,B,172.168.1.8
      128,10/10/2018,09:33,B,172.168.1.8
       14,10/10/2018,09:35,B,172.168.1.8
      303,10/10/2018,09:35,B,172.168.1.8
      290,10/10/2018,09:37,B,172.168.1.8
      290,10/10/2018,09:37,B,172.168.1.8
       24,10/10/2018,09:39,B,172.168.1.8
      112,10/10/2018,09:43,B,172.168.1.8
      117,10/10/2018,09:47,B,172.168.1.8
      295,10/10/2018,09:55,B,172.168.1.8
       28,10/10/2018,09:59,B,172.168.1.8
      289,10/10/2018,10:03,B,172.168.1.8
      310,10/10/2018,10:05,B,172.168.1.8
       21,10/10/2018,10:09,B,172.168.1.8
       18,10/10/2018,10:09,B,172.168.1.8
      106,10/10/2018,10:12,B,172.168.1.8
       42,10/10/2018,10:13,B,172.168.1.8
      213,10/10/2018,10:16,B,172.168.1.8
      213,10/10/2018,10:16,B,172.168.1.8
      254,10/10/2018,10:18,B,172.168.1.8
      271,10/10/2018,10:18,B,172.168.1.8
      293,10/10/2018,10:22,B,172.168.1.8
      293,10/10/2018,10:22,B,172.168.1.8
      311,10/10/2018,10:25,B,172.168.1.8
      253,10/10/2018,10:28,B,172.168.1.8
        6,10/10/2018,10:31,B,172.168.1.8
       27,10/10/2018,10:33,B,172.168.1.8
      261,10/10/2018,10:34,B,172.168.1.8
      116,10/10/2018,10:35,B,172.168.1.8
      201,10/10/2018,10:39,B,172.168.1.8
      127,10/10/2018,10:43,B,172.168.1.8
       17,10/10/2018,10:45,B,172.168.1.8
      251,10/10/2018,10:45,B,172.168.1.8
       35,10/10/2018,10:46,B,172.168.1.8
      101,10/10/2018,10:48,B,172.168.1.8
       10,10/10/2018,10:50,B,172.168.1.8
      256,10/10/2018,10:55,B,172.168.1.8
        9,10/10/2018,10:58,B,172.168.1.8
      206,10/10/2018,11:05,B,172.168.1.8
      280,10/10/2018,11:06,B,172.168.1.8
        8,10/10/2018,11:08,B,172.168.1.8
       19,10/10/2018,11:10,B,172.168.1.8
       30,10/10/2018,11:12,B,172.168.1.8
       30,10/10/2018,11:12,B,172.168.1.8
       22,10/10/2018,11:16,B,172.168.1.8
        2,10/10/2018,11:32,B,172.168.1.8
       29,10/10/2018,11:38,B,172.168.1.8
       62,10/10/2018,11:44,B,172.168.1.8
      118,10/10/2018,12:35,B,172.168.1.8
      258,10/10/2018,12:40,B,172.168.1.8
      208,10/10/2018,12:40,B,172.168.1.8
      203,10/10/2018,12:53,B,172.168.1.8
      202,10/10/2018,12:53,B,172.168.1.8
      215,10/10/2018,13:00,B,172.168.1.8
       52,10/10/2018,13:04,B,172.168.1.8
      214,10/10/2018,13:08,B,172.168.1.8
      212,10/10/2018,13:09,B,172.168.1.8
      216,10/10/2018,13:09,B,172.168.1.8
      205,10/10/2018,13:23,B,172.168.1.8
      205,10/10/2018,13:24,B,172.168.1.8
      205,10/10/2018,13:24,B,172.168.1.8
      207,10/10/2018,13:48,B,172.168.1.8
      204,10/10/2018,14:15,B,172.168.1.8
      211,10/10/2018,14:18,B,172.168.1.8
      303,10/10/2018,14:22,B,172.168.1.8
       11,10/10/2018,14:45,B,172.168.1.8
       15,10/10/2018,14:46,B,172.168.1.8
       15,10/10/2018,14:46,B,172.168.1.8
      311,10/10/2018,14:48,B,172.168.1.8
        6,10/10/2018,14:50,B,172.168.1.8
      206,10/10/2018,14:56,B,172.168.1.8
      206,10/10/2018,14:57,B,172.168.1.8
       20,10/10/2018,14:57,B,172.168.1.8
       14,10/10/2018,15:19,B,172.168.1.8
        5,10/10/2018,15:25,B,172.168.1.8
       47,10/10/2018,15:31,B,172.168.1.8
      126,10/10/2018,15:31,B,172.168.1.8
       21,10/10/2018,15:32,B,172.168.1.8
      201,10/10/2018,15:32,B,172.168.1.8
       28,10/10/2018,15:34,B,172.168.1.8
       64,10/10/2018,15:38,B,172.168.1.8
       31,10/10/2018,15:39,B,172.168.1.8
       15,10/10/2018,15:47,B,172.168.1.8
       15,10/10/2018,15:47,B,172.168.1.8
       24,10/10/2018,15:53,B,172.168.1.8
       35,10/10/2018,15:57,B,172.168.1.8
       35,10/10/2018,16:01,B,172.168.1.8
       36,10/10/2018,16:18,B,172.168.1.8
      301,10/10/2018,16:23,B,172.168.1.8
        9,10/10/2018,16:26,B,172.168.1.8
      119,10/10/2018,16:28,B,172.168.1.8
       12,10/10/2018,16:28,B,172.168.1.8
       12,10/10/2018,16:30,B,172.168.1.8
        2,10/10/2018,16:32,B,172.168.1.8
      312,10/10/2018,16:33,B,172.168.1.8
      292,10/10/2018,16:44,B,172.168.1.8
      287,10/10/2018,16:44,B,172.168.1.8
      268,10/10/2018,16:44,B,172.168.1.8
       19,10/10/2018,16:48,B,172.168.1.8
        8,10/10/2018,16:50,B,172.168.1.8
       29,10/10/2018,16:57,B,172.168.1.8
       25,10/10/2018,17:01,B,172.168.1.8
       27,10/10/2018,17:04,B,172.168.1.8
       18,10/10/2018,17:07,B,172.168.1.8
      295,10/10/2018,17:09,B,172.168.1.8
      289,10/10/2018,17:13,B,172.168.1.8
      261,10/10/2018,17:14,B,172.168.1.8
      127,10/10/2018,17:15,B,172.168.1.8
      120,10/10/2018,17:15,B,172.168.1.8
       62,10/10/2018,17:15,B,172.168.1.8
      128,10/10/2018,17:17,B,172.168.1.8
       17,10/10/2018,17:17,B,172.168.1.8
      273,10/10/2018,17:18,B,172.168.1.8
      253,10/10/2018,17:18,B,172.168.1.8
       22,10/10/2018,17:18,B,172.168.1.8
      122,10/10/2018,17:25,B,172.168.1.8
      118,10/10/2018,17:26,B,172.168.1.8
      254,10/10/2018,17:26,B,172.168.1.8
      258,10/10/2018,17:27,B,172.168.1.8
      271,10/10/2018,17:27,B,172.168.1.8
      280,10/10/2018,17:27,B,172.168.1.8
      254,10/10/2018,17:27,B,172.168.1.8
      258,10/10/2018,17:28,B,172.168.1.8
      283,10/10/2018,17:28,B,172.168.1.8
      290,10/10/2018,17:28,B,172.168.1.8
       10,10/10/2018,17:29,B,172.168.1.8
      256,10/10/2018,17:30,B,172.168.1.8
      262,10/10/2018,17:32,B,172.168.1.8
       26,10/10/2018,17:34,B,172.168.1.8
       30,10/10/2018,17:39,B,172.168.1.8
      101,10/10/2018,17:40,B,172.168.1.8
       30,10/10/2018,17:40,B,172.168.1.8
      115,10/10/2018,17:41,B,172.168.1.8
      251,10/10/2018,17:41,B,172.168.1.8
      116,10/10/2018,17:42,B,172.168.1.8
       58,10/10/2018,17:56,B,172.168.1.8
      106,10/10/2018,17:57,B,172.168.1.8
      293,10/10/2018,18:01,B,172.168.1.8
      293,10/10/2018,18:01,B,172.168.1.8
      293,10/10/2018,18:01,B,172.168.1.8
      117,10/10/2018,18:03,B,172.168.1.8
      310,10/10/2018,18:05,B,172.168.1.8
      260,10/10/2018,19:02,B,172.168.1.8
      112,10/10/2018,19:02,B,172.168.1.8
      255,10/10/2018,19:03,B,172.168.1.8
      126,11/10/2018,07:06,B,172.168.1.8
      287,11/10/2018,07:06,B,172.168.1.8
      210,11/10/2018,07:08,B,172.168.1.8
      292,11/10/2018,07:29,B,172.168.1.8
      283,11/10/2018,07:29,B,172.168.1.8
      273,11/10/2018,07:29,B,172.168.1.8
      262,11/10/2018,07:49,B,172.168.1.8
      215,11/10/2018,07:55,B,172.168.1.8
      204,11/10/2018,07:55,B,172.168.1.8
      112,11/10/2018,07:55,B,172.168.1.8
      112,11/10/2018,07:56,B,172.168.1.8
      291,11/10/2018,07:56,B,172.168.1.8
      207,11/10/2018,07:58,B,172.168.1.8
      211,11/10/2018,07:59,B,172.168.1.8
      122,11/10/2018,08:03,B,172.168.1.8
      216,11/10/2018,08:04,B,172.168.1.8
       42,11/10/2018,08:06,B,172.168.1.8
      260,11/10/2018,08:16,B,172.168.1.8
       52,11/10/2018,08:18,B,172.168.1.8
      214,11/10/2018,08:28,B,172.168.1.8
       15,11/10/2018,08:39,B,172.168.1.8
       15,11/10/2018,08:39,B,172.168.1.8
       15,11/10/2018,08:39,B,172.168.1.8
       15,11/10/2018,08:39,B,172.168.1.8
       15,11/10/2018,08:39,B,172.168.1.8
       15,11/10/2018,08:39,B,172.168.1.8
      212,11/10/2018,08:47,B,172.168.1.8
      119,11/10/2018,08:47,B,172.168.1.8
       36,11/10/2018,08:48,B,172.168.1.8
      115,11/10/2018,08:49,B,172.168.1.8
       32,11/10/2018,08:51,B,172.168.1.8
      120,11/10/2018,08:55,B,172.168.1.8
      312,11/10/2018,08:56,B,172.168.1.8
      208,11/10/2018,08:56,B,172.168.1.8
      303,11/10/2018,09:01,B,172.168.1.8
      202,11/10/2018,09:04,B,172.168.1.8
       26,11/10/2018,09:04,B,172.168.1.8
       62,11/10/2018,09:05,B,172.168.1.8
       25,11/10/2018,09:08,B,172.168.1.8
       17,11/10/2018,09:11,B,172.168.1.8
      203,11/10/2018,09:12,B,172.168.1.8
      209,11/10/2018,09:12,B,172.168.1.8
      209,11/10/2018,09:12,B,172.168.1.8
      123,11/10/2018,09:16,B,172.168.1.8
      280,11/10/2018,09:17,B,172.168.1.8
       20,11/10/2018,09:18,B,172.168.1.8
       18,11/10/2018,09:20,B,172.168.1.8
      206,11/10/2018,09:20,B,172.168.1.8
       12,11/10/2018,09:21,B,172.168.1.8
       30,11/10/2018,09:30,B,172.168.1.8
       30,11/10/2018,09:31,B,172.168.1.8
      201,11/10/2018,09:31,B,172.168.1.8
      114,11/10/2018,09:33,B,172.168.1.8
      116,11/10/2018,09:34,B,172.168.1.8
       11,11/10/2018,09:37,B,172.168.1.8
      290,11/10/2018,09:41,B,172.168.1.8
       14,11/10/2018,09:46,B,172.168.1.8
       21,11/10/2018,09:47,B,172.168.1.8
      131,11/10/2018,09:53,B,172.168.1.8
      256,11/10/2018,09:55,B,172.168.1.8
       28,11/10/2018,09:58,B,172.168.1.8
        9,11/10/2018,10:02,B,172.168.1.8
      118,11/10/2018,10:04,B,172.168.1.8
       24,11/10/2018,10:06,B,172.168.1.8
      106,11/10/2018,10:08,B,172.168.1.8
      127,11/10/2018,10:11,B,172.168.1.8
      271,11/10/2018,10:21,B,172.168.1.8
      117,11/10/2018,10:22,B,172.168.1.8
      258,11/10/2018,10:22,B,172.168.1.8
      253,11/10/2018,10:23,B,172.168.1.8
      309,11/10/2018,10:27,B,172.168.1.8
       29,11/10/2018,10:27,B,172.168.1.8
      254,11/10/2018,10:32,B,172.168.1.8
      261,11/10/2018,10:34,B,172.168.1.8
        5,11/10/2018,10:36,B,172.168.1.8
       10,11/10/2018,10:36,B,172.168.1.8
      251,11/10/2018,10:39,B,172.168.1.8
      293,11/10/2018,10:41,B,172.168.1.8
      293,11/10/2018,10:41,B,172.168.1.8
       35,11/10/2018,10:42,B,172.168.1.8
       47,11/10/2018,10:54,B,172.168.1.8
      310,11/10/2018,11:02,B,172.168.1.8
      101,11/10/2018,11:14,B,172.168.1.8
       19,11/10/2018,11:14,B,172.168.1.8
        2,11/10/2018,11:26,B,172.168.1.8
        8,11/10/2018,11:30,B,172.168.1.8
       27,11/10/2018,11:31,B,172.168.1.8
       22,11/10/2018,11:36,B,172.168.1.8
       42,11/10/2018,11:46,B,172.168.1.8
      305,11/10/2018,11:57,B,172.168.1.8
      305,11/10/2018,11:57,B,172.168.1.8
      301,11/10/2018,12:00,B,172.168.1.8
      204,11/10/2018,12:54,B,172.168.1.8
      215,11/10/2018,12:56,B,172.168.1.8
      210,11/10/2018,13:00,B,172.168.1.8
      211,11/10/2018,13:03,B,172.168.1.8
      201,11/10/2018,13:04,B,172.168.1.8
      207,11/10/2018,13:12,B,172.168.1.8
      216,11/10/2018,13:13,B,172.168.1.8
      201,11/10/2018,13:23,B,172.168.1.8
      208,11/10/2018,13:31,B,172.168.1.8
      212,11/10/2018,13:39,B,172.168.1.8
      202,11/10/2018,14:04,B,172.168.1.8
      209,11/10/2018,14:14,B,172.168.1.8
      206,11/10/2018,14:16,B,172.168.1.8
       36,11/10/2018,14:16,B,172.168.1.8
      214,11/10/2018,14:18,B,172.168.1.8
      203,11/10/2018,14:22,B,172.168.1.8
      258,11/10/2018,14:55,B,172.168.1.8
       17,11/10/2018,14:58,B,172.168.1.8
      291,11/10/2018,14:59,B,172.168.1.8
      309,11/10/2018,15:01,B,172.168.1.8
       20,11/10/2018,15:09,B,172.168.1.8
       21,11/10/2018,15:13,B,172.168.1.8
      303,11/10/2018,15:13,B,172.168.1.8
      303,11/10/2018,15:13,B,172.168.1.8
       28,11/10/2018,15:29,B,172.168.1.8
       14,11/10/2018,15:34,B,172.168.1.8
        5,11/10/2018,15:37,B,172.168.1.8
      122,11/10/2018,15:40,B,172.168.1.8
       15,11/10/2018,15:41,B,172.168.1.8
       15,11/10/2018,15:41,B,172.168.1.8
       15,11/10/2018,15:41,B,172.168.1.8
        2,11/10/2018,15:41,B,172.168.1.8
      312,11/10/2018,15:45,B,172.168.1.8
      283,11/10/2018,15:50,B,172.168.1.8
      119,11/10/2018,15:51,B,172.168.1.8
       12,11/10/2018,15:58,B,172.168.1.8
      127,11/10/2018,16:02,B,172.168.1.8
       26,11/10/2018,16:07,B,172.168.1.8
       35,11/10/2018,16:11,B,172.168.1.8
       18,11/10/2018,16:11,B,172.168.1.8
        9,11/10/2018,16:23,B,172.168.1.8
        9,11/10/2018,16:24,B,172.168.1.8
       27,11/10/2018,16:33,B,172.168.1.8
       29,11/10/2018,16:33,B,172.168.1.8
       47,11/10/2018,16:39,B,172.168.1.8
       19,11/10/2018,16:45,B,172.168.1.8
      262,11/10/2018,16:46,B,172.168.1.8
       11,11/10/2018,16:49,B,172.168.1.8
       25,11/10/2018,16:58,B,172.168.1.8
      271,11/10/2018,17:02,B,172.168.1.8
      280,11/10/2018,17:03,B,172.168.1.8
      118,11/10/2018,17:04,B,172.168.1.8
       24,11/10/2018,17:04,B,172.168.1.8
       62,11/10/2018,17:09,B,172.168.1.8
      115,11/10/2018,17:13,B,172.168.1.8
      131,11/10/2018,17:15,B,172.168.1.8
      251,11/10/2018,17:15,B,172.168.1.8
      253,11/10/2018,17:16,B,172.168.1.8
      253,11/10/2018,17:16,B,172.168.1.8
        8,11/10/2018,17:16,B,172.168.1.8
      254,11/10/2018,17:16,B,172.168.1.8
      261,11/10/2018,17:18,B,172.168.1.8
      116,11/10/2018,17:19,B,172.168.1.8
      120,11/10/2018,17:20,B,172.168.1.8
      101,11/10/2018,17:26,B,172.168.1.8
      256,11/10/2018,17:30,B,172.168.1.8
      106,11/10/2018,17:30,B,172.168.1.8
       22,11/10/2018,17:34,B,172.168.1.8
       30,11/10/2018,17:34,B,172.168.1.8
      290,11/10/2018,17:38,B,172.168.1.8
      290,11/10/2018,17:38,B,172.168.1.8
      287,11/10/2018,17:46,B,172.168.1.8
      292,11/10/2018,17:46,B,172.168.1.8
      268,11/10/2018,17:46,B,172.168.1.8
      273,11/10/2018,17:47,B,172.168.1.8
      114,11/10/2018,17:50,B,172.168.1.8
      273,11/10/2018,17:51,B,172.168.1.8
      123,11/10/2018,18:00,B,172.168.1.8
      117,11/10/2018,18:05,B,172.168.1.8
      112,11/10/2018,18:05,B,172.168.1.8
      293,11/10/2018,18:06,B,172.168.1.8
      293,11/10/2018,18:06,B,172.168.1.8
      310,11/10/2018,19:45,B,172.168.1.8
      260,11/10/2018,19:45,B,172.168.1.8
      112,12/10/2018,06:54,B,172.168.1.8
      210,12/10/2018,07:13,B,172.168.1.8
      126,12/10/2018,07:17,B,172.168.1.8
      273,12/10/2018,07:30,B,172.168.1.8
      287,12/10/2018,07:32,B,172.168.1.8
      292,12/10/2018,07:32,B,172.168.1.8
      255,12/10/2018,07:36,B,172.168.1.8
      255,12/10/2018,07:37,B,172.168.1.8
      262,12/10/2018,07:37,B,172.168.1.8
      119,12/10/2018,07:37,B,172.168.1.8
       42,12/10/2018,07:38,B,172.168.1.8
      215,12/10/2018,07:48,B,172.168.1.8
      214,12/10/2018,07:53,B,172.168.1.8
      207,12/10/2018,07:56,B,172.168.1.8
      291,12/10/2018,07:57,B,172.168.1.8
      216,12/10/2018,07:58,B,172.168.1.8
       37,12/10/2018,07:58,B,172.168.1.8
      212,12/10/2018,07:58,B,172.168.1.8
      205,12/10/2018,08:00,B,172.168.1.8
      203,12/10/2018,08:01,B,172.168.1.8
      260,12/10/2018,08:10,B,172.168.1.8
      122,12/10/2018,08:15,B,172.168.1.8
      206,12/10/2018,08:20,B,172.168.1.8
      202,12/10/2018,08:26,B,172.168.1.8
      301,12/10/2018,08:35,B,172.168.1.8
       47,12/10/2018,08:44,B,172.168.1.8
      311,12/10/2018,08:49,B,172.168.1.8
      115,12/10/2018,08:50,B,172.168.1.8
      204,12/10/2018,08:51,B,172.168.1.8
       15,12/10/2018,08:52,B,172.168.1.8
       15,12/10/2018,08:52,B,172.168.1.8
        2,12/10/2018,08:53,B,172.168.1.8
       52,12/10/2018,08:53,B,172.168.1.8
      312,12/10/2018,08:56,B,172.168.1.8
      209,12/10/2018,08:56,B,172.168.1.8
      120,12/10/2018,08:57,B,172.168.1.8
      208,12/10/2018,08:58,B,172.168.1.8
      303,12/10/2018,08:59,B,172.168.1.8
       20,12/10/2018,08:59,B,172.168.1.8
       36,12/10/2018,09:05,B,172.168.1.8
      211,12/10/2018,09:07,B,172.168.1.8
      201,12/10/2018,09:09,B,172.168.1.8
      280,12/10/2018,09:16,B,172.168.1.8
      127,12/10/2018,09:23,B,172.168.1.8
       25,12/10/2018,09:25,B,172.168.1.8
      290,12/10/2018,09:27,B,172.168.1.8
      283,12/10/2018,09:38,B,172.168.1.8
       32,12/10/2018,09:42,B,172.168.1.8
       12,12/10/2018,09:48,B,172.168.1.8
       62,12/10/2018,09:49,B,172.168.1.8
      123,12/10/2018,09:51,B,172.168.1.8
       30,12/10/2018,09:53,B,172.168.1.8
       35,12/10/2018,09:53,B,172.168.1.8
      114,12/10/2018,09:54,B,172.168.1.8
        8,12/10/2018,09:57,B,172.168.1.8
        1,12/10/2018,10:01,B,172.168.1.8
       24,12/10/2018,10:02,B,172.168.1.8
      293,12/10/2018,10:02,B,172.168.1.8
      293,12/10/2018,10:02,B,172.168.1.8
      131,12/10/2018,10:03,B,172.168.1.8
      117,12/10/2018,10:05,B,172.168.1.8
      116,12/10/2018,10:14,B,172.168.1.8
      295,12/10/2018,10:15,B,172.168.1.8
      106,12/10/2018,10:15,B,172.168.1.8
       18,12/10/2018,10:15,B,172.168.1.8
      101,12/10/2018,10:17,B,172.168.1.8
      256,12/10/2018,10:18,B,172.168.1.8
      253,12/10/2018,10:18,B,172.168.1.8
      258,12/10/2018,10:20,B,172.168.1.8
       26,12/10/2018,10:21,B,172.168.1.8
      254,12/10/2018,10:22,B,172.168.1.8
        9,12/10/2018,10:23,B,172.168.1.8
      271,12/10/2018,10:23,B,172.168.1.8
       14,12/10/2018,10:25,B,172.168.1.8
      118,12/10/2018,10:30,B,172.168.1.8
       11,12/10/2018,10:35,B,172.168.1.8
        5,12/10/2018,10:37,B,172.168.1.8
       10,12/10/2018,10:38,B,172.168.1.8
      251,12/10/2018,10:39,B,172.168.1.8
       28,12/10/2018,10:40,B,172.168.1.8
       21,12/10/2018,10:43,B,172.168.1.8
      311,12/10/2018,10:44,B,172.168.1.8
      261,12/10/2018,10:47,B,172.168.1.8
       17,12/10/2018,10:48,B,172.168.1.8
      310,12/10/2018,10:50,B,172.168.1.8
       42,12/10/2018,10:57,B,172.168.1.8
       29,12/10/2018,11:12,B,172.168.1.8
       31,12/10/2018,11:14,B,172.168.1.8
       51,12/10/2018,11:32,B,172.168.1.8
       22,12/10/2018,11:44,B,172.168.1.8
       27,12/10/2018,11:46,B,172.168.1.8
       52,12/10/2018,11:58,B,172.168.1.8
      305,12/10/2018,12:02,B,172.168.1.8
      215,12/10/2018,12:59,B,172.168.1.8
      210,12/10/2018,13:14,B,172.168.1.8
      205,12/10/2018,13:14,B,172.168.1.8
      205,12/10/2018,13:15,B,172.168.1.8
      207,12/10/2018,13:17,B,172.168.1.8
      207,12/10/2018,13:17,B,172.168.1.8
      212,12/10/2018,13:17,B,172.168.1.8
      216,12/10/2018,13:19,B,172.168.1.8
      206,12/10/2018,13:21,B,172.168.1.8
      214,12/10/2018,13:24,B,172.168.1.8
      202,12/10/2018,13:24,B,172.168.1.8
      204,12/10/2018,14:02,B,172.168.1.8
      209,12/10/2018,14:03,B,172.168.1.8
       18,12/10/2018,14:05,B,172.168.1.8
      208,12/10/2018,14:08,B,172.168.1.8
      201,12/10/2018,14:09,B,172.168.1.8
       47,12/10/2018,14:26,B,172.168.1.8
       15,12/10/2018,14:56,B,172.168.1.8
       15,12/10/2018,14:56,B,172.168.1.8
       15,12/10/2018,14:56,B,172.168.1.8
      303,12/10/2018,15:03,B,172.168.1.8
      305,12/10/2018,15:20,B,172.168.1.8
      305,12/10/2018,15:20,B,172.168.1.8
      291,12/10/2018,15:22,B,172.168.1.8
       51,12/10/2018,15:27,B,172.168.1.8
       21,12/10/2018,15:28,B,172.168.1.8
       20,12/10/2018,15:28,B,172.168.1.8
       26,12/10/2018,15:36,B,172.168.1.8
       14,12/10/2018,15:51,B,172.168.1.8
        5,12/10/2018,16:00,B,172.168.1.8
      312,12/10/2018,16:01,B,172.168.1.8
       24,12/10/2018,16:03,B,172.168.1.8
       12,12/10/2018,16:08,B,172.168.1.8
      123,12/10/2018,16:18,B,172.168.1.8
      301,12/10/2018,16:18,B,172.168.1.8
       35,12/10/2018,16:22,B,172.168.1.8
       10,12/10/2018,16:23,B,172.168.1.8
       28,12/10/2018,16:24,B,172.168.1.8
      119,12/10/2018,16:30,B,172.168.1.8
       29,12/10/2018,16:31,B,172.168.1.8
      262,12/10/2018,16:36,B,172.168.1.8
       17,12/10/2018,16:39,B,172.168.1.8
       35,12/10/2018,16:39,B,172.168.1.8
        9,12/10/2018,16:42,B,172.168.1.8
       11,12/10/2018,16:48,B,172.168.1.8
       25,12/10/2018,17:00,B,172.168.1.8
       27,12/10/2018,17:01,B,172.168.1.8
      295,12/10/2018,17:09,B,172.168.1.8
      122,12/10/2018,17:11,B,172.168.1.8
      131,12/10/2018,17:15,B,172.168.1.8
      253,12/10/2018,17:17,B,172.168.1.8
      101,12/10/2018,17:18,B,172.168.1.8
      254,12/10/2018,17:18,B,172.168.1.8
      251,12/10/2018,17:18,B,172.168.1.8
      115,12/10/2018,17:19,B,172.168.1.8
      280,12/10/2018,17:21,B,172.168.1.8
       32,12/10/2018,17:21,B,172.168.1.8
        2,12/10/2018,17:21,B,172.168.1.8
       22,12/10/2018,17:22,B,172.168.1.8
      118,12/10/2018,17:22,B,172.168.1.8
      271,12/10/2018,17:23,B,172.168.1.8
        8,12/10/2018,17:24,B,172.168.1.8
      261,12/10/2018,17:24,B,172.168.1.8
      127,12/10/2018,17:25,B,172.168.1.8
      283,12/10/2018,17:25,B,172.168.1.8
      290,12/10/2018,17:25,B,172.168.1.8
      120,12/10/2018,17:25,B,172.168.1.8
       30,12/10/2018,17:28,B,172.168.1.8
      260,12/10/2018,17:29,B,172.168.1.8
      106,12/10/2018,17:30,B,172.168.1.8
      114,12/10/2018,17:40,B,172.168.1.8
      273,12/10/2018,17:45,B,172.168.1.8
      268,12/10/2018,17:51,B,172.168.1.8
      287,12/10/2018,17:51,B,172.168.1.8
      292,12/10/2018,17:51,B,172.168.1.8
        1,12/10/2018,17:52,B,172.168.1.8
      293,12/10/2018,17:56,B,172.168.1.8
      293,12/10/2018,17:56,B,172.168.1.8
      116,12/10/2018,17:59,B,172.168.1.8
      256,12/10/2018,18:00,B,172.168.1.8
      258,12/10/2018,18:01,B,172.168.1.8
      116,12/10/2018,18:03,B,172.168.1.8
      117,12/10/2018,18:05,B,172.168.1.8
      117,12/10/2018,18:05,B,172.168.1.8
      255,12/10/2018,18:07,B,172.168.1.8
      310,12/10/2018,19:50,B,172.168.1.8
      112,12/10/2018,19:52,B,172.168.1.8
      126,13/10/2018,06:56,B,172.168.1.8
      287,13/10/2018,06:57,B,172.168.1.8
      119,13/10/2018,07:22,B,172.168.1.8
      292,13/10/2018,07:27,B,172.168.1.8
      209,13/10/2018,07:56,B,172.168.1.8
      204,13/10/2018,07:56,B,172.168.1.8
      291,13/10/2018,07:57,B,172.168.1.8
      202,13/10/2018,07:58,B,172.168.1.8
      216,13/10/2018,08:01,B,172.168.1.8
      212,13/10/2018,08:01,B,172.168.1.8
      206,13/10/2018,08:05,B,172.168.1.8
      112,13/10/2018,08:10,B,172.168.1.8
      260,13/10/2018,08:15,B,172.168.1.8
      205,13/10/2018,08:21,B,172.168.1.8
       37,13/10/2018,08:24,B,172.168.1.8
      255,13/10/2018,08:26,B,172.168.1.8
      273,13/10/2018,08:31,B,172.168.1.8
      210,13/10/2018,08:38,B,172.168.1.8
      211,13/10/2018,08:38,B,172.168.1.8
      268,13/10/2018,08:38,B,172.168.1.8
       36,13/10/2018,08:41,B,172.168.1.8
      115,13/10/2018,08:45,B,172.168.1.8
      208,13/10/2018,08:48,B,172.168.1.8
       15,13/10/2018,08:49,B,172.168.1.8
       15,13/10/2018,08:49,B,172.168.1.8
       15,13/10/2018,08:49,B,172.168.1.8
      207,13/10/2018,08:49,B,172.168.1.8
      312,13/10/2018,08:56,B,172.168.1.8
      120,13/10/2018,08:58,B,172.168.1.8
       11,13/10/2018,09:10,B,172.168.1.8
       12,13/10/2018,09:11,B,172.168.1.8
      303,13/10/2018,09:17,B,172.168.1.8
       25,13/10/2018,09:21,B,172.168.1.8
      215,13/10/2018,09:23,B,172.168.1.8
       20,13/10/2018,09:28,B,172.168.1.8
      280,13/10/2018,09:29,B,172.168.1.8
       18,13/10/2018,09:37,B,172.168.1.8
       14,13/10/2018,09:41,B,172.168.1.8
      203,13/10/2018,09:55,B,172.168.1.8
       47,13/10/2018,09:57,B,172.168.1.8
      204,13/10/2018,09:58,B,172.168.1.8
      114,13/10/2018,09:58,B,172.168.1.8
      204,13/10/2018,09:59,B,172.168.1.8
      209,13/10/2018,09:59,B,172.168.1.8
      206,13/10/2018,10:00,B,172.168.1.8
      271,13/10/2018,10:02,B,172.168.1.8
      202,13/10/2018,10:03,B,172.168.1.8
      118,13/10/2018,10:04,B,172.168.1.8
       30,13/10/2018,10:05,B,172.168.1.8
       30,13/10/2018,10:05,B,172.168.1.8
      202,13/10/2018,10:07,B,172.168.1.8
      127,13/10/2018,10:08,B,172.168.1.8
      201,13/10/2018,10:09,B,172.168.1.8
       24,13/10/2018,10:14,B,172.168.1.8
       16,13/10/2018,10:14,B,172.168.1.8
        8,13/10/2018,10:17,B,172.168.1.8
      116,13/10/2018,10:19,B,172.168.1.8
       28,13/10/2018,10:23,B,172.168.1.8
        2,13/10/2018,10:27,B,172.168.1.8
      258,13/10/2018,10:28,B,172.168.1.8
      290,13/10/2018,10:28,B,172.168.1.8
      261,13/10/2018,10:34,B,172.168.1.8
        9,13/10/2018,10:40,B,172.168.1.8
      293,13/10/2018,10:40,B,172.168.1.8
      293,13/10/2018,10:41,B,172.168.1.8
       21,13/10/2018,10:45,B,172.168.1.8
      212,13/10/2018,10:46,B,172.168.1.8
      216,13/10/2018,10:46,B,172.168.1.8
      205,13/10/2018,10:49,B,172.168.1.8
      205,13/10/2018,10:49,B,172.168.1.8
      205,13/10/2018,10:49,B,172.168.1.8
      205,13/10/2018,10:49,B,172.168.1.8
       10,13/10/2018,10:51,B,172.168.1.8
       27,13/10/2018,10:51,B,172.168.1.8
       36,13/10/2018,10:57,B,172.168.1.8
      251,13/10/2018,11:01,B,172.168.1.8
       22,13/10/2018,11:04,B,172.168.1.8
      210,13/10/2018,11:20,B,172.168.1.8
       26,13/10/2018,11:21,B,172.168.1.8
      211,13/10/2018,11:23,B,172.168.1.8
      256,13/10/2018,11:27,B,172.168.1.8
       29,13/10/2018,11:27,B,172.168.1.8
      303,13/10/2018,11:33,B,172.168.1.8
      101,13/10/2018,11:33,B,172.168.1.8
      303,13/10/2018,11:37,B,172.168.1.8
       11,13/10/2018,11:42,B,172.168.1.8
      208,13/10/2018,11:45,B,172.168.1.8
      210,13/10/2018,11:46,B,172.168.1.8
       15,13/10/2018,11:48,B,172.168.1.8
       15,13/10/2018,11:48,B,172.168.1.8
       15,13/10/2018,11:48,B,172.168.1.8
       15,13/10/2018,11:54,B,172.168.1.8
       12,13/10/2018,11:56,B,172.168.1.8
       20,13/10/2018,11:59,B,172.168.1.8
      215,13/10/2018,12:05,B,172.168.1.8
      203,13/10/2018,12:10,B,172.168.1.8
      207,13/10/2018,12:10,B,172.168.1.8
       14,13/10/2018,12:19,B,172.168.1.8
      292,13/10/2018,12:30,B,172.168.1.8
       24,13/10/2018,12:49,B,172.168.1.8
       16,13/10/2018,12:56,B,172.168.1.8
       16,13/10/2018,12:56,B,172.168.1.8
       28,13/10/2018,13:18,B,172.168.1.8
       18,13/10/2018,13:21,B,172.168.1.8
       47,13/10/2018,13:25,B,172.168.1.8
       21,13/10/2018,13:37,B,172.168.1.8
       22,13/10/2018,13:37,B,172.168.1.8
       10,13/10/2018,13:38,B,172.168.1.8
      128,13/10/2018,13:51,B,172.168.1.8
        9,13/10/2018,13:52,B,172.168.1.8
       29,13/10/2018,14:18,B,172.168.1.8
      291,13/10/2018,14:26,B,172.168.1.8
      119,13/10/2018,14:27,B,172.168.1.8
      119,13/10/2018,14:29,B,172.168.1.8
        8,13/10/2018,14:47,B,172.168.1.8
       19,13/10/2018,14:51,B,172.168.1.8
       27,13/10/2018,14:52,B,172.168.1.8
      126,13/10/2018,15:00,B,172.168.1.8
       30,13/10/2018,15:14,B,172.168.1.8
        8,13/10/2018,15:23,B,172.168.1.8
      262,13/10/2018,15:24,B,172.168.1.8
       32,13/10/2018,15:41,B,172.168.1.8
        2,13/10/2018,15:52,B,172.168.1.8
       26,13/10/2018,15:57,B,172.168.1.8
      258,13/10/2018,16:11,B,172.168.1.8
      290,13/10/2018,16:11,B,172.168.1.8
      115,13/10/2018,16:16,B,172.168.1.8
      251,13/10/2018,16:16,B,172.168.1.8
      101,13/10/2018,16:20,B,172.168.1.8
      101,13/10/2018,16:20,B,172.168.1.8
       37,13/10/2018,16:23,B,172.168.1.8
      128,13/10/2018,16:24,B,172.168.1.8
      116,13/10/2018,16:42,B,172.168.1.8
       25,13/10/2018,16:57,B,172.168.1.8
      261,13/10/2018,17:01,B,172.168.1.8
      127,13/10/2018,17:01,B,172.168.1.8
      114,13/10/2018,17:01,B,172.168.1.8
      112,13/10/2018,17:01,B,172.168.1.8
      280,13/10/2018,17:02,B,172.168.1.8
      271,13/10/2018,17:02,B,172.168.1.8
      112,13/10/2018,17:02,B,172.168.1.8
      118,13/10/2018,17:07,B,172.168.1.8
      260,13/10/2018,17:21,B,172.168.1.8
      273,13/10/2018,17:27,B,172.168.1.8
      312,13/10/2018,17:34,B,172.168.1.8
      293,13/10/2018,17:52,B,172.168.1.8
      293,13/10/2018,17:52,B,172.168.1.8
      255,13/10/2018,18:00,B,172.168.1.8
      268,13/10/2018,18:24,B,172.168.1.8
      114,13/10/2018,18:25,B,172.168.1.8
      287,13/10/2018,18:25,B,172.168.1.8
      268,13/10/2018,18:25,B,172.168.1.8
      256,13/10/2018,18:25,B,172.168.1.8
      126,15/10/2018,07:14,B,172.168.1.8
      210,15/10/2018,07:14,B,172.168.1.8
      112,15/10/2018,07:32,B,172.168.1.8
      292,15/10/2018,07:33,B,172.168.1.8
       63,15/10/2018,07:43,B,172.168.1.8
      256,15/10/2018,07:51,B,172.168.1.8
       42,15/10/2018,07:51,B,172.168.1.8
      207,15/10/2018,07:54,B,172.168.1.8
      214,15/10/2018,07:54,B,172.168.1.8
      255,15/10/2018,07:56,B,172.168.1.8
      216,15/10/2018,08:03,B,172.168.1.8
      215,15/10/2018,08:05,B,172.168.1.8
      205,15/10/2018,08:07,B,172.168.1.8
      211,15/10/2018,08:11,B,172.168.1.8
      291,15/10/2018,08:11,B,172.168.1.8
      122,15/10/2018,08:15,B,172.168.1.8
      208,15/10/2018,08:18,B,172.168.1.8
      212,15/10/2018,08:18,B,172.168.1.8
      119,15/10/2018,08:20,B,172.168.1.8
      260,15/10/2018,08:20,B,172.168.1.8
       28,15/10/2018,08:23,B,172.168.1.8
      268,15/10/2018,08:34,B,172.168.1.8
       36,15/10/2018,08:40,B,172.168.1.8
      273,15/10/2018,08:45,B,172.168.1.8
      115,15/10/2018,08:51,B,172.168.1.8
       32,15/10/2018,08:51,B,172.168.1.8
      120,15/10/2018,08:55,B,172.168.1.8
      125,15/10/2018,08:58,B,172.168.1.8
       15,15/10/2018,09:06,B,172.168.1.8
       15,15/10/2018,09:06,B,172.168.1.8
      303,15/10/2018,09:07,B,172.168.1.8
       23,15/10/2018,09:08,B,172.168.1.8
       62,15/10/2018,09:10,B,172.168.1.8
       12,15/10/2018,09:14,B,172.168.1.8
      203,15/10/2018,09:17,B,172.168.1.8
      280,15/10/2018,09:18,B,172.168.1.8
      204,15/10/2018,09:18,B,172.168.1.8
      206,15/10/2018,09:18,B,172.168.1.8
      201,15/10/2018,09:31,B,172.168.1.8
       25,15/10/2018,09:32,B,172.168.1.8
      283,15/10/2018,09:37,B,172.168.1.8
       24,15/10/2018,09:37,B,172.168.1.8
      128,15/10/2018,09:41,B,172.168.1.8
      123,15/10/2018,09:42,B,172.168.1.8
      127,15/10/2018,09:44,B,172.168.1.8
      110,15/10/2018,09:47,B,172.168.1.8
      117,15/10/2018,09:53,B,172.168.1.8
      312,15/10/2018,09:54,B,172.168.1.8
       11,15/10/2018,09:55,B,172.168.1.8
       18,15/10/2018,09:55,B,172.168.1.8
       14,15/10/2018,10:08,B,172.168.1.8
        9,15/10/2018,10:09,B,172.168.1.8
      271,15/10/2018,10:09,B,172.168.1.8
      295,15/10/2018,10:09,B,172.168.1.8
      289,15/10/2018,10:09,B,172.168.1.8
      254,15/10/2018,10:17,B,172.168.1.8
      116,15/10/2018,10:17,B,172.168.1.8
       20,15/10/2018,10:19,B,172.168.1.8
       42,15/10/2018,10:19,B,172.168.1.8
      293,15/10/2018,10:21,B,172.168.1.8
      253,15/10/2018,10:22,B,172.168.1.8
      261,15/10/2018,10:27,B,172.168.1.8
        8,15/10/2018,10:28,B,172.168.1.8
      310,15/10/2018,10:30,B,172.168.1.8
      114,15/10/2018,10:31,B,172.168.1.8
       16,15/10/2018,10:32,B,172.168.1.8
      106,15/10/2018,10:39,B,172.168.1.8
       27,15/10/2018,10:39,B,172.168.1.8
       29,15/10/2018,10:41,B,172.168.1.8
      109,15/10/2018,10:42,B,172.168.1.8
      251,15/10/2018,10:44,B,172.168.1.8
       17,15/10/2018,10:47,B,172.168.1.8
       63,15/10/2018,10:51,B,172.168.1.8
      128,15/10/2018,10:52,B,172.168.1.8
        5,15/10/2018,10:58,B,172.168.1.8
       10,15/10/2018,10:58,B,172.168.1.8
        6,15/10/2018,10:58,B,172.168.1.8
       26,15/10/2018,11:05,B,172.168.1.8
      122,15/10/2018,11:24,B,172.168.1.8
       30,15/10/2018,11:28,B,172.168.1.8
       30,15/10/2018,11:28,B,172.168.1.8
      211,15/10/2018,11:30,B,172.168.1.8
        2,15/10/2018,11:30,B,172.168.1.8
      309,15/10/2018,11:30,B,172.168.1.8
      256,15/10/2018,12:00,B,172.168.1.8
      207,15/10/2018,12:58,B,172.168.1.8
      216,15/10/2018,12:59,B,172.168.1.8
      207,15/10/2018,13:00,B,172.168.1.8
      212,15/10/2018,13:00,B,172.168.1.8
       20,15/10/2018,13:18,B,172.168.1.8
      214,15/10/2018,13:21,B,172.168.1.8
      208,15/10/2018,13:25,B,172.168.1.8
      205,15/10/2018,13:27,B,172.168.1.8
      205,15/10/2018,13:27,B,172.168.1.8
      205,15/10/2018,13:27,B,172.168.1.8
       28,15/10/2018,13:50,B,172.168.1.8
      201,15/10/2018,14:01,B,172.168.1.8
      203,15/10/2018,14:01,B,172.168.1.8
      291,15/10/2018,14:03,B,172.168.1.8
       36,15/10/2018,14:18,B,172.168.1.8
      206,15/10/2018,14:20,B,172.168.1.8
      204,15/10/2018,14:20,B,172.168.1.8
      204,15/10/2018,14:21,B,172.168.1.8
       62,15/10/2018,14:27,B,172.168.1.8
       15,15/10/2018,14:33,B,172.168.1.8
       15,15/10/2018,14:33,B,172.168.1.8
      210,15/10/2018,14:41,B,172.168.1.8
      210,15/10/2018,14:42,B,172.168.1.8
       12,15/10/2018,14:56,B,172.168.1.8
      110,15/10/2018,15:01,B,172.168.1.8
      287,15/10/2018,15:07,B,172.168.1.8
      292,15/10/2018,15:07,B,172.168.1.8
      309,15/10/2018,15:11,B,172.168.1.8
       18,15/10/2018,15:15,B,172.168.1.8
       24,15/10/2018,15:31,B,172.168.1.8
        9,15/10/2018,15:33,B,172.168.1.8
       11,15/10/2018,15:42,B,172.168.1.8
       23,15/10/2018,15:54,B,172.168.1.8
      295,15/10/2018,15:54,B,172.168.1.8
       16,15/10/2018,15:56,B,172.168.1.8
       14,15/10/2018,15:59,B,172.168.1.8
        8,15/10/2018,16:00,B,172.168.1.8
        5,15/10/2018,16:01,B,172.168.1.8
       32,15/10/2018,16:03,B,172.168.1.8
        2,15/10/2018,16:06,B,172.168.1.8
        6,15/10/2018,16:06,B,172.168.1.8
      312,15/10/2018,16:11,B,172.168.1.8
       27,15/10/2018,16:18,B,172.168.1.8
      119,15/10/2018,16:40,B,172.168.1.8
       10,15/10/2018,16:57,B,172.168.1.8
       25,15/10/2018,16:59,B,172.168.1.8
      115,15/10/2018,17:00,B,172.168.1.8
      251,15/10/2018,17:00,B,172.168.1.8
      254,15/10/2018,17:00,B,172.168.1.8
      109,15/10/2018,17:01,B,172.168.1.8
       30,15/10/2018,17:03,B,172.168.1.8
       29,15/10/2018,17:03,B,172.168.1.8
       30,15/10/2018,17:04,B,172.168.1.8
      271,15/10/2018,17:05,B,172.168.1.8
      280,15/10/2018,17:05,B,172.168.1.8
       17,15/10/2018,17:06,B,172.168.1.8
      253,15/10/2018,17:10,B,172.168.1.8
      273,15/10/2018,17:12,B,172.168.1.8
      268,15/10/2018,17:13,B,172.168.1.8
       26,15/10/2018,17:16,B,172.168.1.8
      261,15/10/2018,17:18,B,172.168.1.8
      289,15/10/2018,17:18,B,172.168.1.8
      127,15/10/2018,17:18,B,172.168.1.8
      127,15/10/2018,17:18,B,172.168.1.8
      120,15/10/2018,17:18,B,172.168.1.8
      283,15/10/2018,17:26,B,172.168.1.8
      125,15/10/2018,17:26,B,172.168.1.8
      255,15/10/2018,17:26,B,172.168.1.8
      116,15/10/2018,17:28,B,172.168.1.8
      114,15/10/2018,17:29,B,172.168.1.8
      273,15/10/2018,17:33,B,172.168.1.8
      106,15/10/2018,18:02,B,172.168.1.8
       58,15/10/2018,18:03,B,172.168.1.8
      112,15/10/2018,18:03,B,172.168.1.8
      112,15/10/2018,18:03,B,172.168.1.8
      293,15/10/2018,18:04,B,172.168.1.8
      293,15/10/2018,18:04,B,172.168.1.8
      112,15/10/2018,18:04,B,172.168.1.8
      310,15/10/2018,18:51,B,172.168.1.8
      260,15/10/2018,18:52,B,172.168.1.8
      310,15/10/2018,18:52,B,172.168.1.8
      126,16/10/2018,07:00,B,172.168.1.8
      209,16/10/2018,07:42,B,172.168.1.8
       54,16/10/2018,07:51,B,172.168.1.8
       42,16/10/2018,07:54,B,172.168.1.8
      207,16/10/2018,07:55,B,172.168.1.8
      207,16/10/2018,07:55,B,172.168.1.8
      208,16/10/2018,07:56,B,172.168.1.8
      215,16/10/2018,07:57,B,172.168.1.8
      214,16/10/2018,07:57,B,172.168.1.8
      216,16/10/2018,08:00,B,172.168.1.8
      273,16/10/2018,08:01,B,172.168.1.8
      212,16/10/2018,08:02,B,172.168.1.8
      119,16/10/2018,08:03,B,172.168.1.8
      211,16/10/2018,08:04,B,172.168.1.8
      205,16/10/2018,08:05,B,172.168.1.8
      260,16/10/2018,08:12,B,172.168.1.8
      210,16/10/2018,08:27,B,172.168.1.8
      262,16/10/2018,08:29,B,172.168.1.8
      268,16/10/2018,08:36,B,172.168.1.8
      122,16/10/2018,08:39,B,172.168.1.8
       40,16/10/2018,08:42,B,172.168.1.8
      303,16/10/2018,08:42,B,172.168.1.8
       36,16/10/2018,08:45,B,172.168.1.8
      115,16/10/2018,08:46,B,172.168.1.8
      120,16/10/2018,08:54,B,172.168.1.8
       11,16/10/2018,08:55,B,172.168.1.8
      255,16/10/2018,08:59,B,172.168.1.8
       23,16/10/2018,09:09,B,172.168.1.8
       15,16/10/2018,09:10,B,172.168.1.8
      203,16/10/2018,09:18,B,172.168.1.8
      116,16/10/2018,09:24,B,172.168.1.8
      127,16/10/2018,09:25,B,172.168.1.8
      213,16/10/2018,09:25,B,172.168.1.8
      309,16/10/2018,09:26,B,172.168.1.8
       12,16/10/2018,09:28,B,172.168.1.8
      206,16/10/2018,09:33,B,172.168.1.8
      123,16/10/2018,09:33,B,172.168.1.8
      128,16/10/2018,09:39,B,172.168.1.8
      280,16/10/2018,09:39,B,172.168.1.8
       22,16/10/2018,09:45,B,172.168.1.8
      131,16/10/2018,09:45,B,172.168.1.8
      125,16/10/2018,09:48,B,172.168.1.8
      290,16/10/2018,09:49,B,172.168.1.8
      283,16/10/2018,09:49,B,172.168.1.8
      117,16/10/2018,09:49,B,172.168.1.8
      201,16/10/2018,09:53,B,172.168.1.8
       42,16/10/2018,09:55,B,172.168.1.8
       54,16/10/2018,09:55,B,172.168.1.8
       28,16/10/2018,10:01,B,172.168.1.8
       24,16/10/2018,10:01,B,172.168.1.8
      256,16/10/2018,10:03,B,172.168.1.8
      110,16/10/2018,10:06,B,172.168.1.8
      289,16/10/2018,10:06,B,172.168.1.8
       14,16/10/2018,10:06,B,172.168.1.8
      295,16/10/2018,10:06,B,172.168.1.8
        1,16/10/2018,10:07,B,172.168.1.8
      112,16/10/2018,10:07,B,172.168.1.8
      271,16/10/2018,10:08,B,172.168.1.8
      109,16/10/2018,10:09,B,172.168.1.8
      118,16/10/2018,10:10,B,172.168.1.8
      254,16/10/2018,10:17,B,172.168.1.8
      293,16/10/2018,10:19,B,172.168.1.8
      114,16/10/2018,10:25,B,172.168.1.8
       17,16/10/2018,10:28,B,172.168.1.8
       18,16/10/2018,10:29,B,172.168.1.8
      253,16/10/2018,10:30,B,172.168.1.8
        8,16/10/2018,10:37,B,172.168.1.8
        5,16/10/2018,10:38,B,172.168.1.8
        6,16/10/2018,10:39,B,172.168.1.8
       27,16/10/2018,10:41,B,172.168.1.8
       20,16/10/2018,10:41,B,172.168.1.8
      291,16/10/2018,10:42,B,172.168.1.8
      101,16/10/2018,10:43,B,172.168.1.8
       30,16/10/2018,10:47,B,172.168.1.8
       26,16/10/2018,10:52,B,172.168.1.8
        9,16/10/2018,10:57,B,172.168.1.8
      251,16/10/2018,10:59,B,172.168.1.8
        2,16/10/2018,11:04,B,172.168.1.8
      310,16/10/2018,11:12,B,172.168.1.8
       19,16/10/2018,11:13,B,172.168.1.8
      106,16/10/2018,11:26,B,172.168.1.8
      258,16/10/2018,11:47,B,172.168.1.8
       62,16/10/2018,12:22,B,172.168.1.8
      209,16/10/2018,12:45,B,172.168.1.8
      309,16/10/2018,12:50,B,172.168.1.8
       40,16/10/2018,12:51,B,172.168.1.8
      208,16/10/2018,12:57,B,172.168.1.8
      215,16/10/2018,12:59,B,172.168.1.8
      214,16/10/2018,12:59,B,172.168.1.8
      205,16/10/2018,13:06,B,172.168.1.8
      205,16/10/2018,13:07,B,172.168.1.8
      211,16/10/2018,13:12,B,172.168.1.8
      210,16/10/2018,13:13,B,172.168.1.8
      210,16/10/2018,13:14,B,172.168.1.8
      216,16/10/2018,13:20,B,172.168.1.8
      207,16/10/2018,13:20,B,172.168.1.8
      212,16/10/2018,13:20,B,172.168.1.8
      201,16/10/2018,13:27,B,172.168.1.8
      128,16/10/2018,13:47,B,172.168.1.8
       36,16/10/2018,13:59,B,172.168.1.8
        9,16/10/2018,14:15,B,172.168.1.8
      203,16/10/2018,14:15,B,172.168.1.8
      206,16/10/2018,14:20,B,172.168.1.8
      303,16/10/2018,14:53,B,172.168.1.8
       15,16/10/2018,15:10,B,172.168.1.8
       15,16/10/2018,15:10,B,172.168.1.8
       15,16/10/2018,15:10,B,172.168.1.8
       15,16/10/2018,15:10,B,172.168.1.8
      122,16/10/2018,15:15,B,172.168.1.8
      291,16/10/2018,15:22,B,172.168.1.8
      126,16/10/2018,15:26,B,172.168.1.8
      293,16/10/2018,15:27,B,172.168.1.8
      293,16/10/2018,15:28,B,172.168.1.8
      126,16/10/2018,15:30,B,172.168.1.8
       11,16/10/2018,15:30,B,172.168.1.8
       24,16/10/2018,15:34,B,172.168.1.8
      312,16/10/2018,15:45,B,172.168.1.8
       12,16/10/2018,15:46,B,172.168.1.8
       20,16/10/2018,15:53,B,172.168.1.8
       18,16/10/2018,16:00,B,172.168.1.8
      273,16/10/2018,16:01,B,172.168.1.8
        2,16/10/2018,16:09,B,172.168.1.8
       22,16/10/2018,16:09,B,172.168.1.8
       23,16/10/2018,16:10,B,172.168.1.8
       27,16/10/2018,16:17,B,172.168.1.8
       14,16/10/2018,16:21,B,172.168.1.8
      123,16/10/2018,16:26,B,172.168.1.8
       17,16/10/2018,16:26,B,172.168.1.8
       28,16/10/2018,16:29,B,172.168.1.8
       19,16/10/2018,16:30,B,172.168.1.8
        5,16/10/2018,16:31,B,172.168.1.8
        5,16/10/2018,16:32,B,172.168.1.8
      119,16/10/2018,16:33,B,172.168.1.8
        6,16/10/2018,16:36,B,172.168.1.8
        8,16/10/2018,16:42,B,172.168.1.8
       30,16/10/2018,16:49,B,172.168.1.8
      262,16/10/2018,16:56,B,172.168.1.8
       26,16/10/2018,17:02,B,172.168.1.8
      127,16/10/2018,17:06,B,172.168.1.8
      289,16/10/2018,17:10,B,172.168.1.8
      110,16/10/2018,17:14,B,172.168.1.8
      109,16/10/2018,17:14,B,172.168.1.8
        1,16/10/2018,17:14,B,172.168.1.8
      131,16/10/2018,17:15,B,172.168.1.8
      295,16/10/2018,17:19,B,172.168.1.8
      120,16/10/2018,17:20,B,172.168.1.8
      253,16/10/2018,17:21,B,172.168.1.8
      254,16/10/2018,17:24,B,172.168.1.8
      251,16/10/2018,17:24,B,172.168.1.8
      115,16/10/2018,17:24,B,172.168.1.8
      271,16/10/2018,17:26,B,172.168.1.8
      280,16/10/2018,17:26,B,172.168.1.8
      283,16/10/2018,17:26,B,172.168.1.8
      118,16/10/2018,17:26,B,172.168.1.8
      268,16/10/2018,17:30,B,172.168.1.8
       62,16/10/2018,17:31,B,172.168.1.8
      125,16/10/2018,17:32,B,172.168.1.8
      258,16/10/2018,17:32,B,172.168.1.8
      114,16/10/2018,17:32,B,172.168.1.8
      117,16/10/2018,17:40,B,172.168.1.8
      116,16/10/2018,17:41,B,172.168.1.8
      290,16/10/2018,17:41,B,172.168.1.8
      101,16/10/2018,17:42,B,172.168.1.8
      101,16/10/2018,17:43,B,172.168.1.8
      256,16/10/2018,17:50,B,172.168.1.8
      255,16/10/2018,18:01,B,172.168.1.8
      106,16/10/2018,18:02,B,172.168.1.8
      112,16/10/2018,18:02,B,172.168.1.8
      255,16/10/2018,18:15,B,172.168.1.8
      260,16/10/2018,18:50,B,172.168.1.8
      310,16/10/2018,18:51,B,172.168.1.8
      126,17/10/2018,07:01,B,172.168.1.8
      262,17/10/2018,07:07,B,172.168.1.8
      119,17/10/2018,07:26,B,172.168.1.8
      292,17/10/2018,07:26,B,172.168.1.8
       40,17/10/2018,07:40,B,172.168.1.8
      215,17/10/2018,07:43,B,172.168.1.8
      214,17/10/2018,07:53,B,172.168.1.8
      209,17/10/2018,07:53,B,172.168.1.8
      203,17/10/2018,07:55,B,172.168.1.8
      208,17/10/2018,08:01,B,172.168.1.8
      291,17/10/2018,08:04,B,172.168.1.8
       42,17/10/2018,08:05,B,172.168.1.8
      287,17/10/2018,08:08,B,172.168.1.8
      212,17/10/2018,08:14,B,172.168.1.8
      260,17/10/2018,08:17,B,172.168.1.8
      260,17/10/2018,08:17,B,172.168.1.8
      122,17/10/2018,08:17,B,172.168.1.8
      201,17/10/2018,08:19,B,172.168.1.8
      210,17/10/2018,08:20,B,172.168.1.8
      211,17/10/2018,08:30,B,172.168.1.8
      205,17/10/2018,08:32,B,172.168.1.8
      273,17/10/2018,08:35,B,172.168.1.8
      303,17/10/2018,08:38,B,172.168.1.8
      309,17/10/2018,08:42,B,172.168.1.8
      268,17/10/2018,08:42,B,172.168.1.8
      216,17/10/2018,08:43,B,172.168.1.8
      207,17/10/2018,08:44,B,172.168.1.8
      204,17/10/2018,08:49,B,172.168.1.8
      115,17/10/2018,08:51,B,172.168.1.8
      255,17/10/2018,08:52,B,172.168.1.8
      120,17/10/2018,08:55,B,172.168.1.8
      312,17/10/2018,08:56,B,172.168.1.8
      206,17/10/2018,08:57,B,172.168.1.8
       32,17/10/2018,09:06,B,172.168.1.8
       23,17/10/2018,09:07,B,172.168.1.8
      127,17/10/2018,09:17,B,172.168.1.8
       12,17/10/2018,09:22,B,172.168.1.8
      290,17/10/2018,09:23,B,172.168.1.8
       25,17/10/2018,09:26,B,172.168.1.8
        6,17/10/2018,09:27,B,172.168.1.8
      280,17/10/2018,09:29,B,172.168.1.8
      123,17/10/2018,09:34,B,172.168.1.8
      123,17/10/2018,09:35,B,172.168.1.8
      112,17/10/2018,09:37,B,172.168.1.8
      128,17/10/2018,09:38,B,172.168.1.8
      117,17/10/2018,09:48,B,172.168.1.8
      116,17/10/2018,09:48,B,172.168.1.8
       18,17/10/2018,09:53,B,172.168.1.8
       17,17/10/2018,09:56,B,172.168.1.8
      253,17/10/2018,09:58,B,172.168.1.8
      114,17/10/2018,10:01,B,172.168.1.8
      118,17/10/2018,10:01,B,172.168.1.8
      289,17/10/2018,10:03,B,172.168.1.8
        1,17/10/2018,10:05,B,172.168.1.8
      271,17/10/2018,10:06,B,172.168.1.8
       35,17/10/2018,10:07,B,172.168.1.8
      131,17/10/2018,10:09,B,172.168.1.8
       14,17/10/2018,10:11,B,172.168.1.8
      256,17/10/2018,10:14,B,172.168.1.8
      295,17/10/2018,10:20,B,172.168.1.8
      310,17/10/2018,10:24,B,172.168.1.8
      125,17/10/2018,10:24,B,172.168.1.8
       42,17/10/2018,10:28,B,172.168.1.8
      293,17/10/2018,10:35,B,172.168.1.8
      213,17/10/2018,10:46,B,172.168.1.8
      106,17/10/2018,10:51,B,172.168.1.8
       11,17/10/2018,10:52,B,172.168.1.8
      101,17/10/2018,10:55,B,172.168.1.8
      258,17/10/2018,10:59,B,172.168.1.8
       26,17/10/2018,11:01,B,172.168.1.8
       19,17/10/2018,11:03,B,172.168.1.8
       40,17/10/2018,11:29,B,172.168.1.8
       22,17/10/2018,11:40,B,172.168.1.8
       62,17/10/2018,11:41,B,172.168.1.8
      251,17/10/2018,11:44,B,172.168.1.8
        2,17/10/2018,11:46,B,172.168.1.8
       28,17/10/2018,11:46,B,172.168.1.8
        2,17/10/2018,11:48,B,172.168.1.8
       27,17/10/2018,11:49,B,172.168.1.8
      216,17/10/2018,12:08,B,172.168.1.8
      208,17/10/2018,12:39,B,172.168.1.8
       30,17/10/2018,12:40,B,172.168.1.8
      204,17/10/2018,12:47,B,172.168.1.8
      206,17/10/2018,12:48,B,172.168.1.8
      209,17/10/2018,12:54,B,172.168.1.8
      209,17/10/2018,12:54,B,172.168.1.8
      215,17/10/2018,12:55,B,172.168.1.8
      205,17/10/2018,12:57,B,172.168.1.8
      205,17/10/2018,12:57,B,172.168.1.8
      203,17/10/2018,13:05,B,172.168.1.8
      214,17/10/2018,13:07,B,172.168.1.8
      258,17/10/2018,13:13,B,172.168.1.8
      201,17/10/2018,13:19,B,172.168.1.8
      212,17/10/2018,13:25,B,172.168.1.8
      207,17/10/2018,13:25,B,172.168.1.8
      207,17/10/2018,13:25,B,172.168.1.8
      210,17/10/2018,13:30,B,172.168.1.8
      210,17/10/2018,13:31,B,172.168.1.8
      211,17/10/2018,13:40,B,172.168.1.8
      304,17/10/2018,13:51,B,172.168.1.8
      309,17/10/2018,14:06,B,172.168.1.8
      126,17/10/2018,14:20,B,172.168.1.8
      213,17/10/2018,14:23,B,172.168.1.8
      213,17/10/2018,14:29,B,172.168.1.8
      312,17/10/2018,14:41,B,172.168.1.8
       19,17/10/2018,14:43,B,172.168.1.8
        6,17/10/2018,14:48,B,172.168.1.8
      119,17/10/2018,14:56,B,172.168.1.8
      128,17/10/2018,14:57,B,172.168.1.8
      122,17/10/2018,15:00,B,172.168.1.8
      291,17/10/2018,15:08,B,172.168.1.8
       14,17/10/2018,15:27,B,172.168.1.8
      303,17/10/2018,15:29,B,172.168.1.8
      303,17/10/2018,15:29,B,172.168.1.8
      262,17/10/2018,15:33,B,172.168.1.8
      253,17/10/2018,15:40,B,172.168.1.8
      295,17/10/2018,15:41,B,172.168.1.8
      118,17/10/2018,15:42,B,172.168.1.8
      115,17/10/2018,15:44,B,172.168.1.8
      271,17/10/2018,15:46,B,172.168.1.8
      280,17/10/2018,15:46,B,172.168.1.8
       25,17/10/2018,15:47,B,172.168.1.8
       35,17/10/2018,15:50,B,172.168.1.8
      123,17/10/2018,15:52,B,172.168.1.8
      271,17/10/2018,15:52,B,172.168.1.8
       30,17/10/2018,16:08,B,172.168.1.8
      101,17/10/2018,16:10,B,172.168.1.8
      101,17/10/2018,16:10,B,172.168.1.8
       28,17/10/2018,16:12,B,172.168.1.8
       26,17/10/2018,16:20,B,172.168.1.8
       23,17/10/2018,16:22,B,172.168.1.8
      117,17/10/2018,16:27,B,172.168.1.8
      290,17/10/2018,16:30,B,172.168.1.8
      106,17/10/2018,16:33,B,172.168.1.8
      271,17/10/2018,16:34,B,172.168.1.8
      280,17/10/2018,16:34,B,172.168.1.8
      251,17/10/2018,16:34,B,172.168.1.8
       12,17/10/2018,16:36,B,172.168.1.8
       22,17/10/2018,16:36,B,172.168.1.8
       11,17/10/2018,16:40,B,172.168.1.8
       17,17/10/2018,16:41,B,172.168.1.8
      114,17/10/2018,16:42,B,172.168.1.8
      273,17/10/2018,16:44,B,172.168.1.8
       32,17/10/2018,16:45,B,172.168.1.8
      292,17/10/2018,16:48,B,172.168.1.8
       27,17/10/2018,16:48,B,172.168.1.8
      268,17/10/2018,16:49,B,172.168.1.8
      287,17/10/2018,16:49,B,172.168.1.8
        2,17/10/2018,16:54,B,172.168.1.8
       22,17/10/2018,16:54,B,172.168.1.8
      116,17/10/2018,17:00,B,172.168.1.8
      293,17/10/2018,17:00,B,172.168.1.8
      293,17/10/2018,17:00,B,172.168.1.8
      255,17/10/2018,17:01,B,172.168.1.8
      112,17/10/2018,17:01,B,172.168.1.8
      289,17/10/2018,17:13,B,172.168.1.8
      120,17/10/2018,17:15,B,172.168.1.8
      127,17/10/2018,17:15,B,172.168.1.8
      256,17/10/2018,17:18,B,172.168.1.8
       62,17/10/2018,17:25,B,172.168.1.8
      310,17/10/2018,19:31,B,172.168.1.8
      260,17/10/2018,19:31,B,172.168.1.8
      310,17/10/2018,19:32,B,172.168.1.8
      121,19/10/2018,06:50,B,172.168.1.8
      126,19/10/2018,07:21,B,172.168.1.8
      292,19/10/2018,07:24,B,172.168.1.8
      119,19/10/2018,07:24,B,172.168.1.8
      291,19/10/2018,07:38,B,172.168.1.8
      273,19/10/2018,07:44,B,172.168.1.8
      215,19/10/2018,07:57,B,172.168.1.8
      203,19/10/2018,07:58,B,172.168.1.8
      203,19/10/2018,07:58,B,172.168.1.8
      203,19/10/2018,07:59,B,172.168.1.8
      207,19/10/2018,08:01,B,172.168.1.8
      207,19/10/2018,08:01,B,172.168.1.8
      216,19/10/2018,08:01,B,172.168.1.8
      260,19/10/2018,08:18,B,172.168.1.8
      287,19/10/2018,08:18,B,172.168.1.8
      122,19/10/2018,08:24,B,172.168.1.8
      206,19/10/2018,08:28,B,172.168.1.8
      255,19/10/2018,08:29,B,172.168.1.8
      212,19/10/2018,08:31,B,172.168.1.8
       20,19/10/2018,08:39,B,172.168.1.8
      303,19/10/2018,08:45,B,172.168.1.8
      211,19/10/2018,08:46,B,172.168.1.8
      115,19/10/2018,08:51,B,172.168.1.8
       32,19/10/2018,08:54,B,172.168.1.8
      120,19/10/2018,08:55,B,172.168.1.8
      204,19/10/2018,08:56,B,172.168.1.8
      268,19/10/2018,09:00,B,172.168.1.8
       23,19/10/2018,09:04,B,172.168.1.8
       14,19/10/2018,09:04,B,172.168.1.8
      208,19/10/2018,09:05,B,172.168.1.8
       15,19/10/2018,09:06,B,172.168.1.8
       15,19/10/2018,09:06,B,172.168.1.8
      209,19/10/2018,09:12,B,172.168.1.8
       24,19/10/2018,09:15,B,172.168.1.8
      283,19/10/2018,09:21,B,172.168.1.8
      290,19/10/2018,09:21,B,172.168.1.8
      312,19/10/2018,09:21,B,172.168.1.8
      309,19/10/2018,09:22,B,172.168.1.8
      127,19/10/2018,09:22,B,172.168.1.8
       25,19/10/2018,09:24,B,172.168.1.8
      262,19/10/2018,09:30,B,172.168.1.8
       62,19/10/2018,09:30,B,172.168.1.8
       62,19/10/2018,09:30,B,172.168.1.8
       17,19/10/2018,09:36,B,172.168.1.8
      125,19/10/2018,09:43,B,172.168.1.8
      110,19/10/2018,09:46,B,172.168.1.8
       28,19/10/2018,09:48,B,172.168.1.8
      117,19/10/2018,09:48,B,172.168.1.8
        8,19/10/2018,09:49,B,172.168.1.8
      123,19/10/2018,09:49,B,172.168.1.8
       11,19/10/2018,09:55,B,172.168.1.8
      106,19/10/2018,09:57,B,172.168.1.8
       26,19/10/2018,10:02,B,172.168.1.8
      213,19/10/2018,10:02,B,172.168.1.8
      131,19/10/2018,10:03,B,172.168.1.8
      289,19/10/2018,10:04,B,172.168.1.8
      295,19/10/2018,10:05,B,172.168.1.8
      116,19/10/2018,10:05,B,172.168.1.8
       35,19/10/2018,10:07,B,172.168.1.8
      271,19/10/2018,10:10,B,172.168.1.8
      114,19/10/2018,10:13,B,172.168.1.8
       16,19/10/2018,10:14,B,172.168.1.8
      253,19/10/2018,10:15,B,172.168.1.8
        6,19/10/2018,10:16,B,172.168.1.8
      254,19/10/2018,10:18,B,172.168.1.8
      258,19/10/2018,10:20,B,172.168.1.8
        5,19/10/2018,10:21,B,172.168.1.8
      256,19/10/2018,10:22,B,172.168.1.8
      293,19/10/2018,10:30,B,172.168.1.8
      261,19/10/2018,10:38,B,172.168.1.8
      251,19/10/2018,10:45,B,172.168.1.8
      310,19/10/2018,10:54,B,172.168.1.8
       12,19/10/2018,11:01,B,172.168.1.8
       21,19/10/2018,11:05,B,172.168.1.8
      109,19/10/2018,11:12,B,172.168.1.8
        2,19/10/2018,11:14,B,172.168.1.8
       22,19/10/2018,11:25,B,172.168.1.8
       29,19/10/2018,11:25,B,172.168.1.8
       29,19/10/2018,11:25,B,172.168.1.8
      305,19/10/2018,12:03,B,172.168.1.8
      203,19/10/2018,12:10,B,172.168.1.8
      215,19/10/2018,12:54,B,172.168.1.8
      208,19/10/2018,13:10,B,172.168.1.8
      212,19/10/2018,13:12,B,172.168.1.8
      216,19/10/2018,13:12,B,172.168.1.8
      206,19/10/2018,13:16,B,172.168.1.8
      304,19/10/2018,13:36,B,172.168.1.8
      209,19/10/2018,13:41,B,172.168.1.8
      204,19/10/2018,13:41,B,172.168.1.8
      213,19/10/2018,13:41,B,172.168.1.8
      211,19/10/2018,14:07,B,172.168.1.8
       15,19/10/2018,14:34,B,172.168.1.8
       15,19/10/2018,14:34,B,172.168.1.8
        2,19/10/2018,14:34,B,172.168.1.8
       20,19/10/2018,14:46,B,172.168.1.8
        8,19/10/2018,14:53,B,172.168.1.8
       24,19/10/2018,14:58,B,172.168.1.8
      121,19/10/2018,14:59,B,172.168.1.8
       62,19/10/2018,15:00,B,172.168.1.8
       16,19/10/2018,15:01,B,172.168.1.8
        6,19/10/2018,15:03,B,172.168.1.8
      305,19/10/2018,15:14,B,172.168.1.8
      305,19/10/2018,15:14,B,172.168.1.8
       28,19/10/2018,15:22,B,172.168.1.8
      291,19/10/2018,15:23,B,172.168.1.8
       35,19/10/2018,15:26,B,172.168.1.8
       23,19/10/2018,15:27,B,172.168.1.8
       14,19/10/2018,15:28,B,172.168.1.8
      312,19/10/2018,15:30,B,172.168.1.8
       32,19/10/2018,15:32,B,172.168.1.8
       11,19/10/2018,15:33,B,172.168.1.8
       26,19/10/2018,15:36,B,172.168.1.8
      126,19/10/2018,15:50,B,172.168.1.8
      126,19/10/2018,15:57,B,172.168.1.8
      303,19/10/2018,16:01,B,172.168.1.8
      271,19/10/2018,16:04,B,172.168.1.8
        5,19/10/2018,16:10,B,172.168.1.8
      119,19/10/2018,16:35,B,172.168.1.8
       29,19/10/2018,16:37,B,172.168.1.8
      123,19/10/2018,16:43,B,172.168.1.8
      115,19/10/2018,17:00,B,172.168.1.8
      122,19/10/2018,17:01,B,172.168.1.8
       25,19/10/2018,17:01,B,172.168.1.8
       21,19/10/2018,17:02,B,172.168.1.8
       22,19/10/2018,17:10,B,172.168.1.8
      110,19/10/2018,17:11,B,172.168.1.8
      295,19/10/2018,17:11,B,172.168.1.8
       12,19/10/2018,17:11,B,172.168.1.8
      109,19/10/2018,17:14,B,172.168.1.8
       17,19/10/2018,17:14,B,172.168.1.8
      253,19/10/2018,17:15,B,172.168.1.8
      131,19/10/2018,17:16,B,172.168.1.8
      251,19/10/2018,17:16,B,172.168.1.8
      254,19/10/2018,17:17,B,172.168.1.8
      127,19/10/2018,17:20,B,172.168.1.8
      262,19/10/2018,17:22,B,172.168.1.8
      120,19/10/2018,17:22,B,172.168.1.8
      261,19/10/2018,17:23,B,172.168.1.8
      289,19/10/2018,17:23,B,172.168.1.8
      290,19/10/2018,17:27,B,172.168.1.8
      290,19/10/2018,17:27,B,172.168.1.8
      283,19/10/2018,17:30,B,172.168.1.8
      256,19/10/2018,17:30,B,172.168.1.8
      273,19/10/2018,17:31,B,172.168.1.8
      287,19/10/2018,17:49,B,172.168.1.8
      268,19/10/2018,17:49,B,172.168.1.8
      292,19/10/2018,17:49,B,172.168.1.8
      258,19/10/2018,17:49,B,172.168.1.8
      125,19/10/2018,17:50,B,172.168.1.8
      116,19/10/2018,17:50,B,172.168.1.8
      117,19/10/2018,17:50,B,172.168.1.8
      106,19/10/2018,17:51,B,172.168.1.8
      293,19/10/2018,18:00,B,172.168.1.8
      114,19/10/2018,18:01,B,172.168.1.8
      260,19/10/2018,19:30,B,172.168.1.8
      310,19/10/2018,19:30,B,172.168.1.8
      255,19/10/2018,19:50,B,172.168.1.8
      121,20/10/2018,06:47,B,172.168.1.8
      126,20/10/2018,07:23,B,172.168.1.8
      292,20/10/2018,07:37,B,172.168.1.8
      119,20/10/2018,07:38,B,172.168.1.8
      209,20/10/2018,07:49,B,172.168.1.8
      291,20/10/2018,07:53,B,172.168.1.8
      202,20/10/2018,07:55,B,172.168.1.8
      216,20/10/2018,08:03,B,172.168.1.8
      212,20/10/2018,08:06,B,172.168.1.8
      273,20/10/2018,08:11,B,172.168.1.8
      204,20/10/2018,08:16,B,172.168.1.8
      287,20/10/2018,08:20,B,172.168.1.8
      203,20/10/2018,08:21,B,172.168.1.8
       37,20/10/2018,08:24,B,172.168.1.8
      206,20/10/2018,08:25,B,172.168.1.8
      210,20/10/2018,08:28,B,172.168.1.8
      255,20/10/2018,08:30,B,172.168.1.8
      260,20/10/2018,08:33,B,172.168.1.8
      115,20/10/2018,08:46,B,172.168.1.8
       15,20/10/2018,08:49,B,172.168.1.8
       15,20/10/2018,08:49,B,172.168.1.8
        2,20/10/2018,08:49,B,172.168.1.8
      208,20/10/2018,08:51,B,172.168.1.8
       14,20/10/2018,08:53,B,172.168.1.8
      214,20/10/2018,08:53,B,172.168.1.8
      120,20/10/2018,08:54,B,172.168.1.8
      280,20/10/2018,08:56,B,172.168.1.8
       62,20/10/2018,09:05,B,172.168.1.8
       28,20/10/2018,09:07,B,172.168.1.8
      303,20/10/2018,09:10,B,172.168.1.8
       12,20/10/2018,09:11,B,172.168.1.8
      262,20/10/2018,09:12,B,172.168.1.8
      211,20/10/2018,09:12,B,172.168.1.8
       23,20/10/2018,09:12,B,172.168.1.8
       16,20/10/2018,09:18,B,172.168.1.8
       32,20/10/2018,09:18,B,172.168.1.8
      127,20/10/2018,09:20,B,172.168.1.8
      215,20/10/2018,09:21,B,172.168.1.8
       11,20/10/2018,09:23,B,172.168.1.8
        5,20/10/2018,09:27,B,172.168.1.8
      290,20/10/2018,09:29,B,172.168.1.8
      123,20/10/2018,09:33,B,172.168.1.8
       10,20/10/2018,09:39,B,172.168.1.8
       20,20/10/2018,09:40,B,172.168.1.8
      117,20/10/2018,09:48,B,172.168.1.8
        8,20/10/2018,09:48,B,172.168.1.8
       36,20/10/2018,09:49,B,172.168.1.8
      110,20/10/2018,09:52,B,172.168.1.8
      213,20/10/2018,09:52,B,172.168.1.8
      116,20/10/2018,09:52,B,172.168.1.8
      289,20/10/2018,09:53,B,172.168.1.8
      312,20/10/2018,09:55,B,172.168.1.8
      256,20/10/2018,09:56,B,172.168.1.8
      209,20/10/2018,09:56,B,172.168.1.8
       17,20/10/2018,09:56,B,172.168.1.8
       26,20/10/2018,10:00,B,172.168.1.8
      295,20/10/2018,10:04,B,172.168.1.8
      114,20/10/2018,10:05,B,172.168.1.8
      125,20/10/2018,10:12,B,172.168.1.8
       24,20/10/2018,10:13,B,172.168.1.8
      112,20/10/2018,10:14,B,172.168.1.8
      106,20/10/2018,10:15,B,172.168.1.8
      254,20/10/2018,10:19,B,172.168.1.8
      201,20/10/2018,10:20,B,172.168.1.8
      258,20/10/2018,10:21,B,172.168.1.8
       29,20/10/2018,10:23,B,172.168.1.8
      204,20/10/2018,10:24,B,172.168.1.8
      206,20/10/2018,10:24,B,172.168.1.8
      131,20/10/2018,10:30,B,172.168.1.8
      293,20/10/2018,10:32,B,172.168.1.8
      261,20/10/2018,10:33,B,172.168.1.8
       35,20/10/2018,10:38,B,172.168.1.8
      253,20/10/2018,10:39,B,172.168.1.8
      109,20/10/2018,10:41,B,172.168.1.8
      202,20/10/2018,10:46,B,172.168.1.8
       22,20/10/2018,10:47,B,172.168.1.8
      202,20/10/2018,10:48,B,172.168.1.8
      212,20/10/2018,10:59,B,172.168.1.8
      216,20/10/2018,10:59,B,172.168.1.8
      216,20/10/2018,10:59,B,172.168.1.8
       21,20/10/2018,11:01,B,172.168.1.8
      310,20/10/2018,11:07,B,172.168.1.8
      251,20/10/2018,11:10,B,172.168.1.8
      210,20/10/2018,11:20,B,172.168.1.8
      210,20/10/2018,11:20,B,172.168.1.8
       27,20/10/2018,11:24,B,172.168.1.8
      211,20/10/2018,11:25,B,172.168.1.8
      208,20/10/2018,11:25,B,172.168.1.8
       16,20/10/2018,11:40,B,172.168.1.8
       14,20/10/2018,11:45,B,172.168.1.8
      283,20/10/2018,11:55,B,172.168.1.8
       15,20/10/2018,12:00,B,172.168.1.8
       15,20/10/2018,12:00,B,172.168.1.8
        2,20/10/2018,12:00,B,172.168.1.8
       11,20/10/2018,12:10,B,172.168.1.8
       23,20/10/2018,12:15,B,172.168.1.8
      215,20/10/2018,12:16,B,172.168.1.8
      203,20/10/2018,12:17,B,172.168.1.8
      203,20/10/2018,12:19,B,172.168.1.8
       10,20/10/2018,12:19,B,172.168.1.8
      201,20/10/2018,12:20,B,172.168.1.8
       36,20/10/2018,12:20,B,172.168.1.8
      303,20/10/2018,12:28,B,172.168.1.8
       62,20/10/2018,12:28,B,172.168.1.8
       20,20/10/2018,12:31,B,172.168.1.8
        5,20/10/2018,12:35,B,172.168.1.8
       19,20/10/2018,12:40,B,172.168.1.8
       35,20/10/2018,12:57,B,172.168.1.8
       29,20/10/2018,12:57,B,172.168.1.8
       24,20/10/2018,13:04,B,172.168.1.8
        8,20/10/2018,13:05,B,172.168.1.8
      213,20/10/2018,13:15,B,172.168.1.8
       26,20/10/2018,13:37,B,172.168.1.8
       22,20/10/2018,13:40,B,172.168.1.8
       21,20/10/2018,13:40,B,172.168.1.8
       32,20/10/2018,13:51,B,172.168.1.8
      213,20/10/2018,13:56,B,172.168.1.8
      214,20/10/2018,14:05,B,172.168.1.8
      312,20/10/2018,14:10,B,172.168.1.8
       28,20/10/2018,14:11,B,172.168.1.8
       27,20/10/2018,14:19,B,172.168.1.8
       12,20/10/2018,14:51,B,172.168.1.8
       17,20/10/2018,14:51,B,172.168.1.8
      121,20/10/2018,14:57,B,172.168.1.8
      291,20/10/2018,15:02,B,172.168.1.8
      126,20/10/2018,15:35,B,172.168.1.8
       19,20/10/2018,16:15,B,172.168.1.8
      123,20/10/2018,16:20,B,172.168.1.8
      119,20/10/2018,16:29,B,172.168.1.8
      117,20/10/2018,16:48,B,172.168.1.8
      273,20/10/2018,16:52,B,172.168.1.8
      112,20/10/2018,16:58,B,172.168.1.8
      112,20/10/2018,16:58,B,172.168.1.8
      112,20/10/2018,16:58,B,172.168.1.8
      116,20/10/2018,17:01,B,172.168.1.8
      115,20/10/2018,17:01,B,172.168.1.8
      295,20/10/2018,17:02,B,172.168.1.8
      262,20/10/2018,17:02,B,172.168.1.8
      262,20/10/2018,17:03,B,172.168.1.8
      251,20/10/2018,17:04,B,172.168.1.8
      254,20/10/2018,17:04,B,172.168.1.8
      292,20/10/2018,17:08,B,172.168.1.8
      280,20/10/2018,17:08,B,172.168.1.8
      287,20/10/2018,17:09,B,172.168.1.8
      258,20/10/2018,17:10,B,172.168.1.8
      110,20/10/2018,17:10,B,172.168.1.8
      109,20/10/2018,17:10,B,172.168.1.8
      260,20/10/2018,17:11,B,172.168.1.8
      253,20/10/2018,17:14,B,172.168.1.8
      106,20/10/2018,17:14,B,172.168.1.8
      125,20/10/2018,17:14,B,172.168.1.8
      131,20/10/2018,17:15,B,172.168.1.8
      256,20/10/2018,17:20,B,172.168.1.8
      290,20/10/2018,17:23,B,172.168.1.8
      290,20/10/2018,17:23,B,172.168.1.8
      114,20/10/2018,17:24,B,172.168.1.8
      289,20/10/2018,17:34,B,172.168.1.8
      261,20/10/2018,17:37,B,172.168.1.8
      127,20/10/2018,17:38,B,172.168.1.8
      120,20/10/2018,17:39,B,172.168.1.8
      293,20/10/2018,17:40,B,172.168.1.8
      283,20/10/2018,17:40,B,172.168.1.8
      310,20/10/2018,17:40,B,172.168.1.8
      255,20/10/2018,19:01,B,172.168.1.8
      112,21/10/2018,09:45,B,172.168.1.8
      210,21/10/2018,10:07,B,172.168.1.8
      211,21/10/2018,10:19,B,172.168.1.8
      206,21/10/2018,10:47,B,172.168.1.8
      206,21/10/2018,13:16,B,172.168.1.8
      211,21/10/2018,13:22,B,172.168.1.8
      112,21/10/2018,13:38,B,172.168.1.8
      121,22/10/2018,06:52,B,172.168.1.8
      126,22/10/2018,07:03,B,172.168.1.8
      292,22/10/2018,07:27,B,172.168.1.8
      119,22/10/2018,07:27,B,172.168.1.8
      273,22/10/2018,07:39,B,172.168.1.8
       42,22/10/2018,07:46,B,172.168.1.8
       63,22/10/2018,07:49,B,172.168.1.8
      214,22/10/2018,07:54,B,172.168.1.8
      215,22/10/2018,07:54,B,172.168.1.8
      291,22/10/2018,07:58,B,172.168.1.8
      260,22/10/2018,08:25,B,172.168.1.8
      211,22/10/2018,08:26,B,172.168.1.8
      255,22/10/2018,08:26,B,172.168.1.8
      287,22/10/2018,08:26,B,172.168.1.8
      203,22/10/2018,08:27,B,172.168.1.8
      202,22/10/2018,08:32,B,172.168.1.8
      202,22/10/2018,08:33,B,172.168.1.8
      122,22/10/2018,08:34,B,172.168.1.8
      205,22/10/2018,08:34,B,172.168.1.8
      205,22/10/2018,08:34,B,172.168.1.8
      206,22/10/2018,08:40,B,172.168.1.8
      204,22/10/2018,08:46,B,172.168.1.8
      120,22/10/2018,08:47,B,172.168.1.8
      115,22/10/2018,08:49,B,172.168.1.8
        8,22/10/2018,08:49,B,172.168.1.8
      268,22/10/2018,08:51,B,172.168.1.8
      208,22/10/2018,08:51,B,172.168.1.8
      303,22/10/2018,08:52,B,172.168.1.8
       36,22/10/2018,08:53,B,172.168.1.8
      303,22/10/2018,08:54,B,172.168.1.8
      212,22/10/2018,08:54,B,172.168.1.8
      216,22/10/2018,08:54,B,172.168.1.8
      280,22/10/2018,08:57,B,172.168.1.8
      207,22/10/2018,08:58,B,172.168.1.8
       20,22/10/2018,08:59,B,172.168.1.8
       62,22/10/2018,09:01,B,172.168.1.8
       23,22/10/2018,09:03,B,172.168.1.8
      112,22/10/2018,09:03,B,172.168.1.8
      116,22/10/2018,09:09,B,172.168.1.8
      209,22/10/2018,09:11,B,172.168.1.8
       16,22/10/2018,09:15,B,172.168.1.8
       18,22/10/2018,09:15,B,172.168.1.8
       12,22/10/2018,09:18,B,172.168.1.8
       25,22/10/2018,09:21,B,172.168.1.8
       24,22/10/2018,09:21,B,172.168.1.8
       15,22/10/2018,09:22,B,172.168.1.8
       15,22/10/2018,09:22,B,172.168.1.8
      262,22/10/2018,09:25,B,172.168.1.8
      283,22/10/2018,09:26,B,172.168.1.8
      110,22/10/2018,09:26,B,172.168.1.8
       32,22/10/2018,09:27,B,172.168.1.8
      123,22/10/2018,09:33,B,172.168.1.8
      290,22/10/2018,09:36,B,172.168.1.8
       10,22/10/2018,09:42,B,172.168.1.8
       26,22/10/2018,09:43,B,172.168.1.8
       35,22/10/2018,09:44,B,172.168.1.8
       42,22/10/2018,09:53,B,172.168.1.8
      127,22/10/2018,09:55,B,172.168.1.8
       17,22/10/2018,09:56,B,172.168.1.8
      125,22/10/2018,09:56,B,172.168.1.8
      128,22/10/2018,09:57,B,172.168.1.8
      289,22/10/2018,09:59,B,172.168.1.8
       28,22/10/2018,10:01,B,172.168.1.8
       11,22/10/2018,10:01,B,172.168.1.8
       14,22/10/2018,10:01,B,172.168.1.8
       63,22/10/2018,10:05,B,172.168.1.8
      271,22/10/2018,10:06,B,172.168.1.8
      201,22/10/2018,10:07,B,172.168.1.8
      310,22/10/2018,10:07,B,172.168.1.8
      261,22/10/2018,10:10,B,172.168.1.8
      118,22/10/2018,10:12,B,172.168.1.8
      106,22/10/2018,10:18,B,172.168.1.8
      293,22/10/2018,10:19,B,172.168.1.8
      213,22/10/2018,10:20,B,172.168.1.8
      109,22/10/2018,10:21,B,172.168.1.8
      256,22/10/2018,10:22,B,172.168.1.8
      295,22/10/2018,10:23,B,172.168.1.8
      253,22/10/2018,10:24,B,172.168.1.8
      309,22/10/2018,10:29,B,172.168.1.8
        5,22/10/2018,10:31,B,172.168.1.8
       27,22/10/2018,10:32,B,172.168.1.8
      254,22/10/2018,10:38,B,172.168.1.8
      101,22/10/2018,10:44,B,172.168.1.8
      312,22/10/2018,10:50,B,172.168.1.8
      251,22/10/2018,10:52,B,172.168.1.8
       29,22/10/2018,11:08,B,172.168.1.8
      311,22/10/2018,11:14,B,172.168.1.8
       21,22/10/2018,11:15,B,172.168.1.8
       19,22/10/2018,11:20,B,172.168.1.8
        2,22/10/2018,11:30,B,172.168.1.8
       22,22/10/2018,11:34,B,172.168.1.8
       30,22/10/2018,11:42,B,172.168.1.8
      305,22/10/2018,11:58,B,172.168.1.8
      215,22/10/2018,12:56,B,172.168.1.8
      203,22/10/2018,13:04,B,172.168.1.8
      202,22/10/2018,13:05,B,172.168.1.8
      207,22/10/2018,13:17,B,172.168.1.8
      216,22/10/2018,13:17,B,172.168.1.8
      212,22/10/2018,13:17,B,172.168.1.8
      208,22/10/2018,13:18,B,172.168.1.8
      213,22/10/2018,13:20,B,172.168.1.8
      211,22/10/2018,13:27,B,172.168.1.8
      205,22/10/2018,13:35,B,172.168.1.8
      205,22/10/2018,13:35,B,172.168.1.8
      214,22/10/2018,13:36,B,172.168.1.8
      206,22/10/2018,13:40,B,172.168.1.8
      204,22/10/2018,13:40,B,172.168.1.8
       36,22/10/2018,14:13,B,172.168.1.8
      209,22/10/2018,14:16,B,172.168.1.8
      110,22/10/2018,14:22,B,172.168.1.8
       18,22/10/2018,14:23,B,172.168.1.8
      119,22/10/2018,14:24,B,172.168.1.8
      311,22/10/2018,14:25,B,172.168.1.8
       16,22/10/2018,14:31,B,172.168.1.8
       16,22/10/2018,14:42,B,172.168.1.8
      309,22/10/2018,14:49,B,172.168.1.8
      121,22/10/2018,14:58,B,172.168.1.8
       24,22/10/2018,14:59,B,172.168.1.8
      291,22/10/2018,15:03,B,172.168.1.8
       20,22/10/2018,15:05,B,172.168.1.8
      303,22/10/2018,15:09,B,172.168.1.8
      303,22/10/2018,15:09,B,172.168.1.8
       62,22/10/2018,15:09,B,172.168.1.8
      305,22/10/2018,15:16,B,172.168.1.8
      305,22/10/2018,15:16,B,172.168.1.8
       35,22/10/2018,15:19,B,172.168.1.8
       15,22/10/2018,15:23,B,172.168.1.8
       15,22/10/2018,15:23,B,172.168.1.8
        2,22/10/2018,15:24,B,172.168.1.8
      201,22/10/2018,15:24,B,172.168.1.8
       10,22/10/2018,15:32,B,172.168.1.8
      126,22/10/2018,15:37,B,172.168.1.8
       23,22/10/2018,15:38,B,172.168.1.8
      122,22/10/2018,16:00,B,172.168.1.8
       27,22/10/2018,16:01,B,172.168.1.8
       14,22/10/2018,16:09,B,172.168.1.8
       11,22/10/2018,16:13,B,172.168.1.8
      312,22/10/2018,16:13,B,172.168.1.8
       29,22/10/2018,16:14,B,172.168.1.8
       17,22/10/2018,16:22,B,172.168.1.8
       28,22/10/2018,16:23,B,172.168.1.8
       12,22/10/2018,16:24,B,172.168.1.8
       32,22/10/2018,16:25,B,172.168.1.8
       26,22/10/2018,16:28,B,172.168.1.8
        5,22/10/2018,16:30,B,172.168.1.8
        5,22/10/2018,16:31,B,172.168.1.8
      123,22/10/2018,16:34,B,172.168.1.8
        8,22/10/2018,16:39,B,172.168.1.8
       19,22/10/2018,16:45,B,172.168.1.8
       21,22/10/2018,16:53,B,172.168.1.8
       22,22/10/2018,16:55,B,172.168.1.8
      273,22/10/2018,16:56,B,172.168.1.8
      101,22/10/2018,16:58,B,172.168.1.8
      115,22/10/2018,16:58,B,172.168.1.8
      254,22/10/2018,16:58,B,172.168.1.8
      251,22/10/2018,16:58,B,172.168.1.8
      295,22/10/2018,16:59,B,172.168.1.8
       25,22/10/2018,16:59,B,172.168.1.8
      109,22/10/2018,17:04,B,172.168.1.8
      128,22/10/2018,17:04,B,172.168.1.8
      253,22/10/2018,17:05,B,172.168.1.8
      262,22/10/2018,17:07,B,172.168.1.8
      287,22/10/2018,17:08,B,172.168.1.8
       30,22/10/2018,17:15,B,172.168.1.8
      118,22/10/2018,17:19,B,172.168.1.8
      271,22/10/2018,17:19,B,172.168.1.8
      280,22/10/2018,17:19,B,172.168.1.8
      283,22/10/2018,17:19,B,172.168.1.8
      289,22/10/2018,17:20,B,172.168.1.8
      261,22/10/2018,17:21,B,172.168.1.8
      127,22/10/2018,17:21,B,172.168.1.8
      120,22/10/2018,17:21,B,172.168.1.8
      106,22/10/2018,17:35,B,172.168.1.8
      290,22/10/2018,17:35,B,172.168.1.8
      256,22/10/2018,17:41,B,172.168.1.8
      125,22/10/2018,17:44,B,172.168.1.8
      116,22/10/2018,17:44,B,172.168.1.8
      112,22/10/2018,18:07,B,172.168.1.8
      293,22/10/2018,18:07,B,172.168.1.8
      293,22/10/2018,18:07,B,172.168.1.8
      260,22/10/2018,19:17,B,172.168.1.8
      310,22/10/2018,19:17,B,172.168.1.8
      255,22/10/2018,19:30,B,172.168.1.8
      121,23/10/2018,06:49,B,172.168.1.8
      210,23/10/2018,07:17,B,172.168.1.8
      126,23/10/2018,07:20,B,172.168.1.8
      292,23/10/2018,07:25,B,172.168.1.8
      119,23/10/2018,07:25,B,172.168.1.8
      273,23/10/2018,07:30,B,172.168.1.8
       54,23/10/2018,07:36,B,172.168.1.8
      215,23/10/2018,07:51,B,172.168.1.8
      214,23/10/2018,07:56,B,172.168.1.8
      287,23/10/2018,07:58,B,172.168.1.8
      255,23/10/2018,07:59,B,172.168.1.8
      203,23/10/2018,08:03,B,172.168.1.8
      203,23/10/2018,08:03,B,172.168.1.8
      205,23/10/2018,08:09,B,172.168.1.8
      211,23/10/2018,08:12,B,172.168.1.8
      208,23/10/2018,08:13,B,172.168.1.8
      291,23/10/2018,08:20,B,172.168.1.8
      260,23/10/2018,08:24,B,172.168.1.8
      202,23/10/2018,08:25,B,172.168.1.8
      209,23/10/2018,08:28,B,172.168.1.8
      204,23/10/2018,08:29,B,172.168.1.8
      212,23/10/2018,08:30,B,172.168.1.8
       36,23/10/2018,08:33,B,172.168.1.8
      122,23/10/2018,08:45,B,172.168.1.8
      280,23/10/2018,08:45,B,172.168.1.8
      207,23/10/2018,08:51,B,172.168.1.8
      120,23/10/2018,08:52,B,172.168.1.8
       20,23/10/2018,08:54,B,172.168.1.8
      268,23/10/2018,08:54,B,172.168.1.8
      303,23/10/2018,08:57,B,172.168.1.8
      112,23/10/2018,08:58,B,172.168.1.8
      312,23/10/2018,09:00,B,172.168.1.8
       23,23/10/2018,09:03,B,172.168.1.8
      262,23/10/2018,09:04,B,172.168.1.8
       25,23/10/2018,09:08,B,172.168.1.8
        2,23/10/2018,09:10,B,172.168.1.8
       15,23/10/2018,09:11,B,172.168.1.8
       15,23/10/2018,09:11,B,172.168.1.8
      216,23/10/2018,09:13,B,172.168.1.8
       26,23/10/2018,09:22,B,172.168.1.8
       11,23/10/2018,09:23,B,172.168.1.8
       18,23/10/2018,09:24,B,172.168.1.8
       16,23/10/2018,09:24,B,172.168.1.8
       12,23/10/2018,09:25,B,172.168.1.8
      283,23/10/2018,09:30,B,172.168.1.8
      128,23/10/2018,09:31,B,172.168.1.8
       28,23/10/2018,09:33,B,172.168.1.8
      206,23/10/2018,09:33,B,172.168.1.8
      290,23/10/2018,09:33,B,172.168.1.8
       14,23/10/2018,09:36,B,172.168.1.8
      201,23/10/2018,09:37,B,172.168.1.8
      110,23/10/2018,09:38,B,172.168.1.8
      258,23/10/2018,09:40,B,172.168.1.8
       22,23/10/2018,09:46,B,172.168.1.8
      213,23/10/2018,09:51,B,172.168.1.8
        8,23/10/2018,09:51,B,172.168.1.8
       17,23/10/2018,09:53,B,172.168.1.8
      127,23/10/2018,09:53,B,172.168.1.8
       24,23/10/2018,10:00,B,172.168.1.8
        5,23/10/2018,10:03,B,172.168.1.8
       10,23/10/2018,10:03,B,172.168.1.8
        6,23/10/2018,10:04,B,172.168.1.8
      131,23/10/2018,10:04,B,172.168.1.8
      114,23/10/2018,10:06,B,172.168.1.8
      123,23/10/2018,10:06,B,172.168.1.8
       54,23/10/2018,10:06,B,172.168.1.8
      116,23/10/2018,10:09,B,172.168.1.8
       62,23/10/2018,10:09,B,172.168.1.8
       21,23/10/2018,10:10,B,172.168.1.8
       40,23/10/2018,10:14,B,172.168.1.8
      271,23/10/2018,10:17,B,172.168.1.8
      261,23/10/2018,10:18,B,172.168.1.8
      289,23/10/2018,10:18,B,172.168.1.8
      253,23/10/2018,10:19,B,172.168.1.8
      256,23/10/2018,10:20,B,172.168.1.8
      254,23/10/2018,10:21,B,172.168.1.8
      118,23/10/2018,10:23,B,172.168.1.8
      109,23/10/2018,10:23,B,172.168.1.8
      129,23/10/2018,10:23,B,172.168.1.8
      106,23/10/2018,10:31,B,172.168.1.8
      125,23/10/2018,10:33,B,172.168.1.8
      293,23/10/2018,10:35,B,172.168.1.8
       27,23/10/2018,10:36,B,172.168.1.8
      251,23/10/2018,10:39,B,172.168.1.8
      295,23/10/2018,10:44,B,172.168.1.8
      309,23/10/2018,10:52,B,172.168.1.8
       30,23/10/2018,11:12,B,172.168.1.8
       19,23/10/2018,11:22,B,172.168.1.8
      310,23/10/2018,11:31,B,172.168.1.8
      305,23/10/2018,11:53,B,172.168.1.8
       40,23/10/2018,12:37,B,172.168.1.8
       35,23/10/2018,12:47,B,172.168.1.8
      215,23/10/2018,12:58,B,172.168.1.8
      309,23/10/2018,13:00,B,172.168.1.8
      210,23/10/2018,13:09,B,172.168.1.8
      210,23/10/2018,13:09,B,172.168.1.8
      205,23/10/2018,13:10,B,172.168.1.8
      205,23/10/2018,13:10,B,172.168.1.8
      203,23/10/2018,13:11,B,172.168.1.8
      211,23/10/2018,13:14,B,172.168.1.8
      207,23/10/2018,13:16,B,172.168.1.8
      212,23/10/2018,13:17,B,172.168.1.8
      208,23/10/2018,13:17,B,172.168.1.8
      216,23/10/2018,13:17,B,172.168.1.8
      214,23/10/2018,13:22,B,172.168.1.8
      204,23/10/2018,13:28,B,172.168.1.8
      209,23/10/2018,13:29,B,172.168.1.8
      213,23/10/2018,13:29,B,172.168.1.8
      209,23/10/2018,13:29,B,172.168.1.8
      202,23/10/2018,13:33,B,172.168.1.8
      254,23/10/2018,13:35,B,172.168.1.8
      304,23/10/2018,13:41,B,172.168.1.8
       15,23/10/2018,13:55,B,172.168.1.8
       15,23/10/2018,13:55,B,172.168.1.8
        2,23/10/2018,13:55,B,172.168.1.8
      201,23/10/2018,14:17,B,172.168.1.8
      122,23/10/2018,14:22,B,172.168.1.8
      206,23/10/2018,14:26,B,172.168.1.8
      303,23/10/2018,14:28,B,172.168.1.8
      283,23/10/2018,14:30,B,172.168.1.8
       36,23/10/2018,14:31,B,172.168.1.8
       16,23/10/2018,14:58,B,172.168.1.8
      305,23/10/2018,15:08,B,172.168.1.8
      121,23/10/2018,15:12,B,172.168.1.8
       23,23/10/2018,15:14,B,172.168.1.8
       28,23/10/2018,15:25,B,172.168.1.8
      126,23/10/2018,15:32,B,172.168.1.8
       24,23/10/2018,15:34,B,172.168.1.8
        6,23/10/2018,15:34,B,172.168.1.8
       20,23/10/2018,15:37,B,172.168.1.8
       21,23/10/2018,15:37,B,172.168.1.8
       22,23/10/2018,15:37,B,172.168.1.8
       22,23/10/2018,15:39,B,172.168.1.8
       10,23/10/2018,15:41,B,172.168.1.8
       11,23/10/2018,15:42,B,172.168.1.8
        5,23/10/2018,16:04,B,172.168.1.8
       27,23/10/2018,16:06,B,172.168.1.8
       14,23/10/2018,16:08,B,172.168.1.8
       17,23/10/2018,16:13,B,172.168.1.8
       18,23/10/2018,16:13,B,172.168.1.8
       26,23/10/2018,16:13,B,172.168.1.8
        8,23/10/2018,16:17,B,172.168.1.8
      312,23/10/2018,16:17,B,172.168.1.8
       62,23/10/2018,16:36,B,172.168.1.8
      119,23/10/2018,16:37,B,172.168.1.8
      123,23/10/2018,16:41,B,172.168.1.8
       12,23/10/2018,16:45,B,172.168.1.8
       19,23/10/2018,16:49,B,172.168.1.8
       30,23/10/2018,16:55,B,172.168.1.8
       25,23/10/2018,17:01,B,172.168.1.8
      251,23/10/2018,17:02,B,172.168.1.8
      262,23/10/2018,17:02,B,172.168.1.8
       35,23/10/2018,17:04,B,172.168.1.8
      128,23/10/2018,17:09,B,172.168.1.8
      110,23/10/2018,17:09,B,172.168.1.8
      109,23/10/2018,17:09,B,172.168.1.8
      295,23/10/2018,17:09,B,172.168.1.8
      127,23/10/2018,17:10,B,172.168.1.8
      129,23/10/2018,17:11,B,172.168.1.8
      273,23/10/2018,17:11,B,172.168.1.8
      114,23/10/2018,17:12,B,172.168.1.8
      253,23/10/2018,17:15,B,172.168.1.8
      131,23/10/2018,17:15,B,172.168.1.8
      287,23/10/2018,17:16,B,172.168.1.8
      271,23/10/2018,17:16,B,172.168.1.8
      292,23/10/2018,17:17,B,172.168.1.8
      289,23/10/2018,17:17,B,172.168.1.8
      280,23/10/2018,17:17,B,172.168.1.8
      268,23/10/2018,17:17,B,172.168.1.8
      261,23/10/2018,17:18,B,172.168.1.8
      120,23/10/2018,17:18,B,172.168.1.8
      118,23/10/2018,17:23,B,172.168.1.8
      258,23/10/2018,17:24,B,172.168.1.8
      116,23/10/2018,17:24,B,172.168.1.8
      290,23/10/2018,17:33,B,172.168.1.8
      290,23/10/2018,17:33,B,172.168.1.8
      125,23/10/2018,17:36,B,172.168.1.8
      310,23/10/2018,17:37,B,172.168.1.8
      106,23/10/2018,17:37,B,172.168.1.8
      112,23/10/2018,17:45,B,172.168.1.8
      293,23/10/2018,17:45,B,172.168.1.8
      256,23/10/2018,17:51,B,172.168.1.8
      255,23/10/2018,19:56,B,172.168.1.8
      121,24/10/2018,06:51,B,172.168.1.8
      119,24/10/2018,07:24,B,172.168.1.8
      126,24/10/2018,07:30,B,172.168.1.8
      292,24/10/2018,07:40,B,172.168.1.8
      291,24/10/2018,07:42,B,172.168.1.8
       40,24/10/2018,07:48,B,172.168.1.8
      209,24/10/2018,07:55,B,172.168.1.8
      215,24/10/2018,07:56,B,172.168.1.8
      255,24/10/2018,07:58,B,172.168.1.8
      208,24/10/2018,08:01,B,172.168.1.8
      210,24/10/2018,08:01,B,172.168.1.8
       42,24/10/2018,08:03,B,172.168.1.8
      203,24/10/2018,08:06,B,172.168.1.8
      214,24/10/2018,08:10,B,172.168.1.8
      287,24/10/2018,08:11,B,172.168.1.8
      260,24/10/2018,08:15,B,172.168.1.8
      122,24/10/2018,08:18,B,172.168.1.8
      205,24/10/2018,08:19,B,172.168.1.8
      211,24/10/2018,08:21,B,172.168.1.8
      204,24/10/2018,08:24,B,172.168.1.8
      212,24/10/2018,08:24,B,172.168.1.8
      273,24/10/2018,08:30,B,172.168.1.8
      202,24/10/2018,08:31,B,172.168.1.8
      207,24/10/2018,08:41,B,172.168.1.8
       36,24/10/2018,08:47,B,172.168.1.8
      268,24/10/2018,08:51,B,172.168.1.8
      115,24/10/2018,08:52,B,172.168.1.8
      216,24/10/2018,08:53,B,172.168.1.8
       15,24/10/2018,08:57,B,172.168.1.8
       15,24/10/2018,08:57,B,172.168.1.8
      120,24/10/2018,08:58,B,172.168.1.8
       11,24/10/2018,09:08,B,172.168.1.8
      312,24/10/2018,09:11,B,172.168.1.8
      206,24/10/2018,09:17,B,172.168.1.8
      112,24/10/2018,09:17,B,172.168.1.8
      311,24/10/2018,09:19,B,172.168.1.8
      280,24/10/2018,09:19,B,172.168.1.8
       23,24/10/2018,09:20,B,172.168.1.8
       12,24/10/2018,09:22,B,172.168.1.8
       32,24/10/2018,09:22,B,172.168.1.8
      283,24/10/2018,09:27,B,172.168.1.8
       20,24/10/2018,09:28,B,172.168.1.8
       16,24/10/2018,09:31,B,172.168.1.8
       18,24/10/2018,09:33,B,172.168.1.8
       25,24/10/2018,09:33,B,172.168.1.8
       28,24/10/2018,09:40,B,172.168.1.8
      128,24/10/2018,09:40,B,172.168.1.8
      290,24/10/2018,09:45,B,172.168.1.8
      117,24/10/2018,09:45,B,172.168.1.8
      127,24/10/2018,09:47,B,172.168.1.8
       14,24/10/2018,09:50,B,172.168.1.8
       40,24/10/2018,09:50,B,172.168.1.8
       17,24/10/2018,09:55,B,172.168.1.8
      125,24/10/2018,09:56,B,172.168.1.8
       29,24/10/2018,09:58,B,172.168.1.8
      289,24/10/2018,10:00,B,172.168.1.8
       22,24/10/2018,10:00,B,172.168.1.8
       24,24/10/2018,10:01,B,172.168.1.8
       30,24/10/2018,10:01,B,172.168.1.8
      261,24/10/2018,10:03,B,172.168.1.8
      295,24/10/2018,10:03,B,172.168.1.8
      131,24/10/2018,10:03,B,172.168.1.8
       21,24/10/2018,10:06,B,172.168.1.8
      116,24/10/2018,10:06,B,172.168.1.8
      271,24/10/2018,10:11,B,172.168.1.8
      253,24/10/2018,10:11,B,172.168.1.8
      201,24/10/2018,10:11,B,172.168.1.8
      293,24/10/2018,10:11,B,172.168.1.8
      106,24/10/2018,10:14,B,172.168.1.8
      213,24/10/2018,10:15,B,172.168.1.8
       10,24/10/2018,10:16,B,172.168.1.8
       35,24/10/2018,10:17,B,172.168.1.8
      123,24/10/2018,10:18,B,172.168.1.8
      256,24/10/2018,10:18,B,172.168.1.8
        5,24/10/2018,10:21,B,172.168.1.8
      254,24/10/2018,10:23,B,172.168.1.8
      114,24/10/2018,10:25,B,172.168.1.8
      109,24/10/2018,10:27,B,172.168.1.8
      303,24/10/2018,10:30,B,172.168.1.8
      101,24/10/2018,10:31,B,172.168.1.8
        6,24/10/2018,10:31,B,172.168.1.8
       42,24/10/2018,10:32,B,172.168.1.8
      251,24/10/2018,10:38,B,172.168.1.8
       62,24/10/2018,10:44,B,172.168.1.8
       26,24/10/2018,11:00,B,172.168.1.8
        8,24/10/2018,11:06,B,172.168.1.8
        2,24/10/2018,11:12,B,172.168.1.8
       27,24/10/2018,11:19,B,172.168.1.8
      310,24/10/2018,11:22,B,172.168.1.8
      208,24/10/2018,12:01,B,172.168.1.8
      213,24/10/2018,12:02,B,172.168.1.8
      215,24/10/2018,12:58,B,172.168.1.8
      128,24/10/2018,13:02,B,172.168.1.8
      258,24/10/2018,13:04,B,172.168.1.8
      212,24/10/2018,13:06,B,172.168.1.8
      216,24/10/2018,13:06,B,172.168.1.8
      207,24/10/2018,13:06,B,172.168.1.8
      214,24/10/2018,13:07,B,172.168.1.8
      210,24/10/2018,13:12,B,172.168.1.8
      210,24/10/2018,13:13,B,172.168.1.8
      211,24/10/2018,13:20,B,172.168.1.8
      204,24/10/2018,13:28,B,172.168.1.8
      204,24/10/2018,13:28,B,172.168.1.8
      205,24/10/2018,13:30,B,172.168.1.8
      205,24/10/2018,13:31,B,172.168.1.8
      209,24/10/2018,13:37,B,172.168.1.8
      206,24/10/2018,13:37,B,172.168.1.8
      209,24/10/2018,13:37,B,172.168.1.8
      213,24/10/2018,13:37,B,172.168.1.8
       15,24/10/2018,14:01,B,172.168.1.8
       15,24/10/2018,14:01,B,172.168.1.8
       15,24/10/2018,14:01,B,172.168.1.8
       36,24/10/2018,14:29,B,172.168.1.8
      131,24/10/2018,14:29,B,172.168.1.8
      106,24/10/2018,14:29,B,172.168.1.8
      311,24/10/2018,14:51,B,172.168.1.8
      291,24/10/2018,15:01,B,172.168.1.8
       16,24/10/2018,15:02,B,172.168.1.8
      121,24/10/2018,15:11,B,172.168.1.8
      202,24/10/2018,15:12,B,172.168.1.8
      203,24/10/2018,15:15,B,172.168.1.8
      201,24/10/2018,15:16,B,172.168.1.8
       24,24/10/2018,15:32,B,172.168.1.8
      126,24/10/2018,15:33,B,172.168.1.8
       21,24/10/2018,15:39,B,172.168.1.8
       22,24/10/2018,15:40,B,172.168.1.8
       21,24/10/2018,15:40,B,172.168.1.8
       18,24/10/2018,15:51,B,172.168.1.8
       28,24/10/2018,15:51,B,172.168.1.8
       11,24/10/2018,15:54,B,172.168.1.8
        6,24/10/2018,15:56,B,172.168.1.8
        5,24/10/2018,15:56,B,172.168.1.8
       35,24/10/2018,15:58,B,172.168.1.8
      292,24/10/2018,16:09,B,172.168.1.8
       29,24/10/2018,16:15,B,172.168.1.8
       26,24/10/2018,16:17,B,172.168.1.8
       17,24/10/2018,16:20,B,172.168.1.8
      303,24/10/2018,16:20,B,172.168.1.8
      303,24/10/2018,16:21,B,172.168.1.8
       12,24/10/2018,16:23,B,172.168.1.8
       20,24/10/2018,16:24,B,172.168.1.8
       23,24/10/2018,16:27,B,172.168.1.8
        2,24/10/2018,16:28,B,172.168.1.8
        2,24/10/2018,16:28,B,172.168.1.8
        8,24/10/2018,16:28,B,172.168.1.8
      312,24/10/2018,16:29,B,172.168.1.8
      119,24/10/2018,16:31,B,172.168.1.8
      122,24/10/2018,16:31,B,172.168.1.8
       14,24/10/2018,16:37,B,172.168.1.8
      123,24/10/2018,16:46,B,172.168.1.8
       10,24/10/2018,16:48,B,172.168.1.8
       10,24/10/2018,16:48,B,172.168.1.8
       25,24/10/2018,16:59,B,172.168.1.8
       30,24/10/2018,17:04,B,172.168.1.8
       27,24/10/2018,17:05,B,172.168.1.8
      101,24/10/2018,17:06,B,172.168.1.8
       62,24/10/2018,17:07,B,172.168.1.8
      251,24/10/2018,17:10,B,172.168.1.8
      254,24/10/2018,17:10,B,172.168.1.8
      109,24/10/2018,17:10,B,172.168.1.8
      295,24/10/2018,17:10,B,172.168.1.8
      253,24/10/2018,17:10,B,172.168.1.8
      289,24/10/2018,17:19,B,172.168.1.8
      287,24/10/2018,17:19,B,172.168.1.8
      127,24/10/2018,17:19,B,172.168.1.8
      261,24/10/2018,17:20,B,172.168.1.8
      120,24/10/2018,17:20,B,172.168.1.8
      268,24/10/2018,17:20,B,172.168.1.8
       32,24/10/2018,17:20,B,172.168.1.8
      114,24/10/2018,17:20,B,172.168.1.8
      273,24/10/2018,17:21,B,172.168.1.8
      258,24/10/2018,17:28,B,172.168.1.8
      271,24/10/2018,17:28,B,172.168.1.8
      280,24/10/2018,17:28,B,172.168.1.8
      283,24/10/2018,17:29,B,172.168.1.8
      255,24/10/2018,17:33,B,172.168.1.8
      290,24/10/2018,17:36,B,172.168.1.8
      256,24/10/2018,17:39,B,172.168.1.8
      112,24/10/2018,17:45,B,172.168.1.8
      293,24/10/2018,17:47,B,172.168.1.8
      293,24/10/2018,17:47,B,172.168.1.8
      112,24/10/2018,17:47,B,172.168.1.8
      125,24/10/2018,17:48,B,172.168.1.8
      116,24/10/2018,17:49,B,172.168.1.8
      117,24/10/2018,17:49,B,172.168.1.8
      310,24/10/2018,19:18,B,172.168.1.8
       58,24/10/2018,19:48,B,172.168.1.8
      260,24/10/2018,19:50,B,172.168.1.8
      121,25/10/2018,06:54,B,172.168.1.8
      126,25/10/2018,07:18,B,172.168.1.8
      119,25/10/2018,07:27,B,172.168.1.8
      273,25/10/2018,07:29,B,172.168.1.8
      215,25/10/2018,07:35,B,172.168.1.8
      287,25/10/2018,07:55,B,172.168.1.8
      291,25/10/2018,07:56,B,172.168.1.8
      255,25/10/2018,07:59,B,172.168.1.8
      214,25/10/2018,08:00,B,172.168.1.8
      211,25/10/2018,08:01,B,172.168.1.8
       54,25/10/2018,08:01,B,172.168.1.8
      204,25/10/2018,08:07,B,172.168.1.8
      210,25/10/2018,08:13,B,172.168.1.8
       40,25/10/2018,08:19,B,172.168.1.8
       42,25/10/2018,08:20,B,172.168.1.8
      268,25/10/2018,08:33,B,172.168.1.8
      212,25/10/2018,08:34,B,172.168.1.8
       36,25/10/2018,08:36,B,172.168.1.8
      260,25/10/2018,08:38,B,172.168.1.8
      122,25/10/2018,08:38,B,172.168.1.8
       20,25/10/2018,08:58,B,172.168.1.8
       15,25/10/2018,09:01,B,172.168.1.8
       15,25/10/2018,09:01,B,172.168.1.8
       15,25/10/2018,09:01,B,172.168.1.8
       15,25/10/2018,09:01,B,172.168.1.8
      207,25/10/2018,09:02,B,172.168.1.8
      209,25/10/2018,09:03,B,172.168.1.8
      120,25/10/2018,09:04,B,172.168.1.8
      125,25/10/2018,09:05,B,172.168.1.8
       11,25/10/2018,09:05,B,172.168.1.8
      201,25/10/2018,09:06,B,172.168.1.8
       23,25/10/2018,09:07,B,172.168.1.8
       12,25/10/2018,09:09,B,172.168.1.8
       26,25/10/2018,09:11,B,172.168.1.8
       26,25/10/2018,09:11,B,172.168.1.8
      262,25/10/2018,09:11,B,172.168.1.8
      280,25/10/2018,09:12,B,172.168.1.8
       16,25/10/2018,09:13,B,172.168.1.8
       18,25/10/2018,09:13,B,172.168.1.8
      202,25/10/2018,09:16,B,172.168.1.8
       25,25/10/2018,09:25,B,172.168.1.8
       62,25/10/2018,09:27,B,172.168.1.8
      206,25/10/2018,09:28,B,172.168.1.8
      283,25/10/2018,09:28,B,172.168.1.8
      216,25/10/2018,09:29,B,172.168.1.8
       28,25/10/2018,09:29,B,172.168.1.8
      112,25/10/2018,09:33,B,172.168.1.8
       30,25/10/2018,09:35,B,172.168.1.8
      110,25/10/2018,09:36,B,172.168.1.8
      110,25/10/2018,09:37,B,172.168.1.8
       32,25/10/2018,09:37,B,172.168.1.8
      128,25/10/2018,09:39,B,172.168.1.8
       22,25/10/2018,09:39,B,172.168.1.8
       22,25/10/2018,09:40,B,172.168.1.8
      131,25/10/2018,09:40,B,172.168.1.8
      303,25/10/2018,09:42,B,172.168.1.8
      203,25/10/2018,09:43,B,172.168.1.8
      309,25/10/2018,09:44,B,172.168.1.8
      213,25/10/2018,09:46,B,172.168.1.8
      116,25/10/2018,09:49,B,172.168.1.8
      115,25/10/2018,09:51,B,172.168.1.8
      293,25/10/2018,09:53,B,172.168.1.8
      293,25/10/2018,09:53,B,172.168.1.8
      293,25/10/2018,09:53,B,172.168.1.8
      253,25/10/2018,09:53,B,172.168.1.8
       24,25/10/2018,09:55,B,172.168.1.8
      295,25/10/2018,09:55,B,172.168.1.8
       17,25/10/2018,09:58,B,172.168.1.8
      117,25/10/2018,09:59,B,172.168.1.8
      289,25/10/2018,10:05,B,172.168.1.8
      312,25/10/2018,10:05,B,172.168.1.8
      118,25/10/2018,10:06,B,172.168.1.8
      258,25/10/2018,10:07,B,172.168.1.8
      114,25/10/2018,10:07,B,172.168.1.8
        5,25/10/2018,10:08,B,172.168.1.8
       14,25/10/2018,10:09,B,172.168.1.8
      261,25/10/2018,10:11,B,172.168.1.8
      129,25/10/2018,10:14,B,172.168.1.8
       21,25/10/2018,10:16,B,172.168.1.8
       21,25/10/2018,10:16,B,172.168.1.8
      271,25/10/2018,10:16,B,172.168.1.8
       42,25/10/2018,10:20,B,172.168.1.8
       54,25/10/2018,10:20,B,172.168.1.8
      101,25/10/2018,10:23,B,172.168.1.8
      254,25/10/2018,10:34,B,172.168.1.8
       27,25/10/2018,10:38,B,172.168.1.8
      256,25/10/2018,10:47,B,172.168.1.8
       35,25/10/2018,10:54,B,172.168.1.8
       10,25/10/2018,10:56,B,172.168.1.8
       19,25/10/2018,11:09,B,172.168.1.8
      205,25/10/2018,11:12,B,172.168.1.8
        2,25/10/2018,11:19,B,172.168.1.8
      310,25/10/2018,11:19,B,172.168.1.8
      212,25/10/2018,11:49,B,172.168.1.8
      216,25/10/2018,11:49,B,172.168.1.8
      207,25/10/2018,11:49,B,172.168.1.8
      305,25/10/2018,12:16,B,172.168.1.8
       40,25/10/2018,12:21,B,172.168.1.8
      209,25/10/2018,12:38,B,172.168.1.8
      204,25/10/2018,12:38,B,172.168.1.8
      209,25/10/2018,12:38,B,172.168.1.8
      206,25/10/2018,12:38,B,172.168.1.8
      204,25/10/2018,12:39,B,172.168.1.8
      214,25/10/2018,12:47,B,172.168.1.8
      210,25/10/2018,12:54,B,172.168.1.8
      210,25/10/2018,12:55,B,172.168.1.8
       30,25/10/2018,12:58,B,172.168.1.8
       30,25/10/2018,12:59,B,172.168.1.8
      211,25/10/2018,13:02,B,172.168.1.8
      211,25/10/2018,13:04,B,172.168.1.8
      213,25/10/2018,13:10,B,172.168.1.8
      110,25/10/2018,13:14,B,172.168.1.8
      290,25/10/2018,13:22,B,172.168.1.8
      202,25/10/2018,13:22,B,172.168.1.8
      201,25/10/2018,13:22,B,172.168.1.8
      251,25/10/2018,13:33,B,172.168.1.8
      309,25/10/2018,13:34,B,172.168.1.8
      203,25/10/2018,13:41,B,172.168.1.8
       26,25/10/2018,14:06,B,172.168.1.8
       36,25/10/2018,14:09,B,172.168.1.8
       16,25/10/2018,14:36,B,172.168.1.8
       18,25/10/2018,14:37,B,172.168.1.8
      121,25/10/2018,14:57,B,172.168.1.8
      291,25/10/2018,15:06,B,172.168.1.8
       23,25/10/2018,15:13,B,172.168.1.8
       28,25/10/2018,15:13,B,172.168.1.8
      305,25/10/2018,15:17,B,172.168.1.8
      126,25/10/2018,15:18,B,172.168.1.8
       20,25/10/2018,15:19,B,172.168.1.8
      126,25/10/2018,15:20,B,172.168.1.8
      303,25/10/2018,15:20,B,172.168.1.8
       14,25/10/2018,15:25,B,172.168.1.8
      127,25/10/2018,15:29,B,172.168.1.8
       11,25/10/2018,15:42,B,172.168.1.8
        5,25/10/2018,15:45,B,172.168.1.8
       21,25/10/2018,15:45,B,172.168.1.8
       22,25/10/2018,15:45,B,172.168.1.8
       21,25/10/2018,15:46,B,172.168.1.8
        2,25/10/2018,15:52,B,172.168.1.8
       15,25/10/2018,15:52,B,172.168.1.8
       22,25/10/2018,15:52,B,172.168.1.8
       24,25/10/2018,15:53,B,172.168.1.8
       17,25/10/2018,15:59,B,172.168.1.8
       17,25/10/2018,15:59,B,172.168.1.8
       12,25/10/2018,16:00,B,172.168.1.8
      205,25/10/2018,16:04,B,172.168.1.8
      205,25/10/2018,16:04,B,172.168.1.8
      205,25/10/2018,16:04,B,172.168.1.8
       35,25/10/2018,16:17,B,172.168.1.8
       27,25/10/2018,16:17,B,172.168.1.8
       32,25/10/2018,16:24,B,172.168.1.8
       62,25/10/2018,16:32,B,172.168.1.8
      119,25/10/2018,16:35,B,172.168.1.8
      312,25/10/2018,16:35,B,172.168.1.8
      122,25/10/2018,16:37,B,172.168.1.8
       19,25/10/2018,16:44,B,172.168.1.8
      262,25/10/2018,16:55,B,172.168.1.8
       25,25/10/2018,16:59,B,172.168.1.8
      295,25/10/2018,17:04,B,172.168.1.8
      101,25/10/2018,17:10,B,172.168.1.8
      101,25/10/2018,17:10,B,172.168.1.8
      125,25/10/2018,17:12,B,172.168.1.8
      253,25/10/2018,17:12,B,172.168.1.8
       10,25/10/2018,17:14,B,172.168.1.8
      251,25/10/2018,17:15,B,172.168.1.8
      131,25/10/2018,17:15,B,172.168.1.8
      254,25/10/2018,17:15,B,172.168.1.8
      115,25/10/2018,17:15,B,172.168.1.8
      289,25/10/2018,17:16,B,172.168.1.8
      273,25/10/2018,17:17,B,172.168.1.8
      261,25/10/2018,17:17,B,172.168.1.8
      120,25/10/2018,17:18,B,172.168.1.8
      118,25/10/2018,17:18,B,172.168.1.8
      127,25/10/2018,17:18,B,172.168.1.8
      114,25/10/2018,17:19,B,172.168.1.8
      256,25/10/2018,17:20,B,172.168.1.8
      271,25/10/2018,17:20,B,172.168.1.8
      280,25/10/2018,17:20,B,172.168.1.8
      129,25/10/2018,17:22,B,172.168.1.8
      260,25/10/2018,17:24,B,172.168.1.8
      287,25/10/2018,17:26,B,172.168.1.8
      268,25/10/2018,17:26,B,172.168.1.8
      258,25/10/2018,17:31,B,172.168.1.8
      283,25/10/2018,17:33,B,172.168.1.8
      290,25/10/2018,17:34,B,172.168.1.8
      116,25/10/2018,17:44,B,172.168.1.8
      117,25/10/2018,17:45,B,172.168.1.8
      112,25/10/2018,17:46,B,172.168.1.8
      112,25/10/2018,17:46,B,172.168.1.8
      293,25/10/2018,17:47,B,172.168.1.8
      112,25/10/2018,17:47,B,172.168.1.8
      310,25/10/2018,19:46,B,172.168.1.8
      310,25/10/2018,19:49,B,172.168.1.8
      255,25/10/2018,20:00,B,172.168.1.8
      121,26/10/2018,06:50,B,172.168.1.8
      273,26/10/2018,07:37,B,172.168.1.8
      292,26/10/2018,07:40,B,172.168.1.8
      215,26/10/2018,07:42,B,172.168.1.8
      287,26/10/2018,07:56,B,172.168.1.8
      126,26/10/2018,08:10,B,172.168.1.8
      260,26/10/2018,08:12,B,172.168.1.8
      122,26/10/2018,08:15,B,172.168.1.8
      110,26/10/2018,08:17,B,172.168.1.8
      110,26/10/2018,08:18,B,172.168.1.8
      209,26/10/2018,08:22,B,172.168.1.8
      204,26/10/2018,08:22,B,172.168.1.8
      216,26/10/2018,08:23,B,172.168.1.8
      212,26/10/2018,08:24,B,172.168.1.8
      255,26/10/2018,08:26,B,172.168.1.8
      268,26/10/2018,08:30,B,172.168.1.8
      210,26/10/2018,08:34,B,172.168.1.8
      291,26/10/2018,08:36,B,172.168.1.8
      206,26/10/2018,08:39,B,172.168.1.8
      207,26/10/2018,08:43,B,172.168.1.8
       14,26/10/2018,08:45,B,172.168.1.8
       36,26/10/2018,08:49,B,172.168.1.8
      208,26/10/2018,08:51,B,172.168.1.8
      119,26/10/2018,08:52,B,172.168.1.8
      120,26/10/2018,08:53,B,172.168.1.8
      211,26/10/2018,08:53,B,172.168.1.8
      202,26/10/2018,08:55,B,172.168.1.8
      280,26/10/2018,08:57,B,172.168.1.8
       32,26/10/2018,09:02,B,172.168.1.8
      201,26/10/2018,09:08,B,172.168.1.8
       11,26/10/2018,09:09,B,172.168.1.8
       25,26/10/2018,09:09,B,172.168.1.8
       23,26/10/2018,09:09,B,172.168.1.8
       26,26/10/2018,09:12,B,172.168.1.8
      214,26/10/2018,09:12,B,172.168.1.8
      213,26/10/2018,09:15,B,172.168.1.8
       12,26/10/2018,09:16,B,172.168.1.8
       15,26/10/2018,09:20,B,172.168.1.8
       15,26/10/2018,09:20,B,172.168.1.8
       16,26/10/2018,09:20,B,172.168.1.8
       18,26/10/2018,09:20,B,172.168.1.8
       62,26/10/2018,09:24,B,172.168.1.8
       17,26/10/2018,09:26,B,172.168.1.8
      112,26/10/2018,09:27,B,172.168.1.8
       20,26/10/2018,09:31,B,172.168.1.8
       35,26/10/2018,09:32,B,172.168.1.8
      283,26/10/2018,09:33,B,172.168.1.8
      128,26/10/2018,09:38,B,172.168.1.8
      312,26/10/2018,09:41,B,172.168.1.8
      303,26/10/2018,09:42,B,172.168.1.8
      123,26/10/2018,09:43,B,172.168.1.8
      262,26/10/2018,09:45,B,172.168.1.8
      117,26/10/2018,09:47,B,172.168.1.8
      116,26/10/2018,09:51,B,172.168.1.8
      125,26/10/2018,09:51,B,172.168.1.8
      289,26/10/2018,09:51,B,172.168.1.8
      127,26/10/2018,09:52,B,172.168.1.8
      114,26/10/2018,09:59,B,172.168.1.8
      253,26/10/2018,10:01,B,172.168.1.8
      131,26/10/2018,10:03,B,172.168.1.8
      256,26/10/2018,10:06,B,172.168.1.8
       28,26/10/2018,10:08,B,172.168.1.8
      261,26/10/2018,10:08,B,172.168.1.8
      271,26/10/2018,10:11,B,172.168.1.8
      293,26/10/2018,10:12,B,172.168.1.8
        5,26/10/2018,10:12,B,172.168.1.8
        6,26/10/2018,10:12,B,172.168.1.8
      295,26/10/2018,10:14,B,172.168.1.8
      203,26/10/2018,10:19,B,172.168.1.8
      118,26/10/2018,10:21,B,172.168.1.8
      258,26/10/2018,10:21,B,172.168.1.8
      129,26/10/2018,10:22,B,172.168.1.8
      106,26/10/2018,10:25,B,172.168.1.8
      101,26/10/2018,10:25,B,172.168.1.8
      254,26/10/2018,10:36,B,172.168.1.8
       10,26/10/2018,10:43,B,172.168.1.8
       27,26/10/2018,10:43,B,172.168.1.8
       21,26/10/2018,10:46,B,172.168.1.8
       29,26/10/2018,10:47,B,172.168.1.8
      205,26/10/2018,10:52,B,172.168.1.8
      251,26/10/2018,11:04,B,172.168.1.8
       30,26/10/2018,11:08,B,172.168.1.8
       19,26/10/2018,11:15,B,172.168.1.8
      213,26/10/2018,11:19,B,172.168.1.8
      109,26/10/2018,11:24,B,172.168.1.8
      310,26/10/2018,11:29,B,172.168.1.8
       22,26/10/2018,11:39,B,172.168.1.8
      215,26/10/2018,11:48,B,172.168.1.8
      309,26/10/2018,11:58,B,172.168.1.8
      209,26/10/2018,12:23,B,172.168.1.8
      204,26/10/2018,12:23,B,172.168.1.8
      206,26/10/2018,12:24,B,172.168.1.8
      212,26/10/2018,12:29,B,172.168.1.8
      207,26/10/2018,12:29,B,172.168.1.8
      216,26/10/2018,12:29,B,172.168.1.8
      208,26/10/2018,12:51,B,172.168.1.8
      202,26/10/2018,12:53,B,172.168.1.8
      211,26/10/2018,13:04,B,172.168.1.8
      304,26/10/2018,13:22,B,172.168.1.8
      211,26/10/2018,13:25,B,172.168.1.8
      210,26/10/2018,13:29,B,172.168.1.8
      214,26/10/2018,13:56,B,172.168.1.8
       12,26/10/2018,14:01,B,172.168.1.8
      290,26/10/2018,14:26,B,172.168.1.8
      203,26/10/2018,14:31,B,172.168.1.8
      201,26/10/2018,14:31,B,172.168.1.8
       23,26/10/2018,14:41,B,172.168.1.8
      312,26/10/2018,14:46,B,172.168.1.8
      205,26/10/2018,14:57,B,172.168.1.8
      205,26/10/2018,14:57,B,172.168.1.8
       15,26/10/2018,15:03,B,172.168.1.8
       15,26/10/2018,15:03,B,172.168.1.8
       20,26/10/2018,15:06,B,172.168.1.8
       16,26/10/2018,15:08,B,172.168.1.8
      121,26/10/2018,15:11,B,172.168.1.8
      110,26/10/2018,15:14,B,172.168.1.8
      309,26/10/2018,15:35,B,172.168.1.8
       36,26/10/2018,15:39,B,172.168.1.8
      303,26/10/2018,15:43,B,172.168.1.8
       21,26/10/2018,15:44,B,172.168.1.8
       22,26/10/2018,15:46,B,172.168.1.8
      251,26/10/2018,15:50,B,172.168.1.8
      126,26/10/2018,15:50,B,172.168.1.8
        5,26/10/2018,15:54,B,172.168.1.8
        6,26/10/2018,15:57,B,172.168.1.8
      291,26/10/2018,15:59,B,172.168.1.8
       11,26/10/2018,16:03,B,172.168.1.8
       35,26/10/2018,16:09,B,172.168.1.8
        8,26/10/2018,16:17,B,172.168.1.8
       17,26/10/2018,16:18,B,172.168.1.8
       18,26/10/2018,16:19,B,172.168.1.8
       27,26/10/2018,16:23,B,172.168.1.8
       14,26/10/2018,16:25,B,172.168.1.8
       29,26/10/2018,16:26,B,172.168.1.8
       10,26/10/2018,16:26,B,172.168.1.8
       28,26/10/2018,16:27,B,172.168.1.8
      119,26/10/2018,16:27,B,172.168.1.8
      122,26/10/2018,16:30,B,172.168.1.8
      123,26/10/2018,16:33,B,172.168.1.8
       19,26/10/2018,16:45,B,172.168.1.8
       62,26/10/2018,16:54,B,172.168.1.8
      101,26/10/2018,16:54,B,172.168.1.8
       25,26/10/2018,16:57,B,172.168.1.8
      289,26/10/2018,16:57,B,172.168.1.8
      262,26/10/2018,16:59,B,172.168.1.8
      287,26/10/2018,17:01,B,172.168.1.8
      118,26/10/2018,17:04,B,172.168.1.8
      253,26/10/2018,17:10,B,172.168.1.8
      295,26/10/2018,17:10,B,172.168.1.8
      287,26/10/2018,17:11,B,172.168.1.8
       30,26/10/2018,17:12,B,172.168.1.8
      128,26/10/2018,17:12,B,172.168.1.8
      292,26/10/2018,17:13,B,172.168.1.8
      268,26/10/2018,17:13,B,172.168.1.8
      254,26/10/2018,17:14,B,172.168.1.8
      131,26/10/2018,17:15,B,172.168.1.8
      127,26/10/2018,17:16,B,172.168.1.8
      261,26/10/2018,17:17,B,172.168.1.8
      127,26/10/2018,17:17,B,172.168.1.8
      120,26/10/2018,17:18,B,172.168.1.8
      280,26/10/2018,17:18,B,172.168.1.8
      109,26/10/2018,17:19,B,172.168.1.8
      271,26/10/2018,17:19,B,172.168.1.8
      280,26/10/2018,17:19,B,172.168.1.8
      273,26/10/2018,17:19,B,172.168.1.8
      256,26/10/2018,17:20,B,172.168.1.8
      258,26/10/2018,17:26,B,172.168.1.8
      258,26/10/2018,17:30,B,172.168.1.8
      283,26/10/2018,17:31,B,172.168.1.8
       26,26/10/2018,17:34,B,172.168.1.8
       32,26/10/2018,17:37,B,172.168.1.8
      114,26/10/2018,17:45,B,172.168.1.8
      127,26/10/2018,17:51,B,172.168.1.8
      116,26/10/2018,17:56,B,172.168.1.8
      117,26/10/2018,17:59,B,172.168.1.8
      125,26/10/2018,18:00,B,172.168.1.8
      129,26/10/2018,18:00,B,172.168.1.8
      112,26/10/2018,18:00,B,172.168.1.8
      106,26/10/2018,18:00,B,172.168.1.8
      293,26/10/2018,18:01,B,172.168.1.8
      112,26/10/2018,18:01,B,172.168.1.8
      112,26/10/2018,18:01,B,172.168.1.8
      290,26/10/2018,18:07,B,172.168.1.8
      129,26/10/2018,18:12,B,172.168.1.8
      260,26/10/2018,19:33,B,172.168.1.8
      310,26/10/2018,19:33,B,172.168.1.8
      255,26/10/2018,19:51,B,172.168.1.8
      255,26/10/2018,19:52,B,172.168.1.8
      121,27/10/2018,06:49,B,172.168.1.8
      210,27/10/2018,07:18,B,172.168.1.8
      126,27/10/2018,07:27,B,172.168.1.8
      292,27/10/2018,07:32,B,172.168.1.8
      273,27/10/2018,07:44,B,172.168.1.8
      262,27/10/2018,07:47,B,172.168.1.8
      110,27/10/2018,08:09,B,172.168.1.8
      287,27/10/2018,08:12,B,172.168.1.8
      122,27/10/2018,08:26,B,172.168.1.8
      204,27/10/2018,08:26,B,172.168.1.8
      260,27/10/2018,08:29,B,172.168.1.8
      214,27/10/2018,08:30,B,172.168.1.8
      255,27/10/2018,08:35,B,172.168.1.8
      312,27/10/2018,08:37,B,172.168.1.8
      291,27/10/2018,08:37,B,172.168.1.8
      215,27/10/2018,08:43,B,172.168.1.8
      203,27/10/2018,08:44,B,172.168.1.8
       14,27/10/2018,08:45,B,172.168.1.8
      205,27/10/2018,08:45,B,172.168.1.8
      115,27/10/2018,08:46,B,172.168.1.8
      209,27/10/2018,08:50,B,172.168.1.8
      280,27/10/2018,08:51,B,172.168.1.8
      119,27/10/2018,08:52,B,172.168.1.8
      125,27/10/2018,08:55,B,172.168.1.8
       11,27/10/2018,08:56,B,172.168.1.8
      268,27/10/2018,08:57,B,172.168.1.8
      120,27/10/2018,08:58,B,172.168.1.8
      201,27/10/2018,09:00,B,172.168.1.8
       62,27/10/2018,09:06,B,172.168.1.8
       18,27/10/2018,09:07,B,172.168.1.8
        8,27/10/2018,09:13,B,172.168.1.8
      112,27/10/2018,09:31,B,172.168.1.8
       36,27/10/2018,09:37,B,172.168.1.8
       23,27/10/2018,09:42,B,172.168.1.8
       25,27/10/2018,09:47,B,172.168.1.8
       35,27/10/2018,09:48,B,172.168.1.8
       32,27/10/2018,09:49,B,172.168.1.8
      127,27/10/2018,09:49,B,172.168.1.8
      283,27/10/2018,09:49,B,172.168.1.8
       26,27/10/2018,09:51,B,172.168.1.8
        5,27/10/2018,09:57,B,172.168.1.8
      128,27/10/2018,10:03,B,172.168.1.8
      289,27/10/2018,10:03,B,172.168.1.8
       17,27/10/2018,10:04,B,172.168.1.8
      116,27/10/2018,10:06,B,172.168.1.8
      213,27/10/2018,10:06,B,172.168.1.8
      114,27/10/2018,10:12,B,172.168.1.8
       28,27/10/2018,10:13,B,172.168.1.8
       20,27/10/2018,10:14,B,172.168.1.8
      271,27/10/2018,10:14,B,172.168.1.8
       30,27/10/2018,10:17,B,172.168.1.8
        6,27/10/2018,10:18,B,172.168.1.8
       19,27/10/2018,10:21,B,172.168.1.8
       15,27/10/2018,10:24,B,172.168.1.8
       15,27/10/2018,10:24,B,172.168.1.8
       29,27/10/2018,10:26,B,172.168.1.8
      256,27/10/2018,10:30,B,172.168.1.8
        2,27/10/2018,10:32,B,172.168.1.8
      117,27/10/2018,10:32,B,172.168.1.8
      261,27/10/2018,10:35,B,172.168.1.8
      290,27/10/2018,10:36,B,172.168.1.8
      101,27/10/2018,10:36,B,172.168.1.8
       22,27/10/2018,10:38,B,172.168.1.8
      258,27/10/2018,10:39,B,172.168.1.8
      202,27/10/2018,10:56,B,172.168.1.8
      293,27/10/2018,10:59,B,172.168.1.8
      251,27/10/2018,11:02,B,172.168.1.8
      203,27/10/2018,11:07,B,172.168.1.8
      208,27/10/2018,11:11,B,172.168.1.8
      215,27/10/2018,11:11,B,172.168.1.8
      206,27/10/2018,11:15,B,172.168.1.8
       10,27/10/2018,11:15,B,172.168.1.8
      216,27/10/2018,11:16,B,172.168.1.8
      207,27/10/2018,11:16,B,172.168.1.8
      212,27/10/2018,11:16,B,172.168.1.8
      209,27/10/2018,11:17,B,172.168.1.8
      204,27/10/2018,11:17,B,172.168.1.8
      205,27/10/2018,11:18,B,172.168.1.8
      205,27/10/2018,11:18,B,172.168.1.8
      210,27/10/2018,11:29,B,172.168.1.8
       27,27/10/2018,11:43,B,172.168.1.8
       11,27/10/2018,11:59,B,172.168.1.8
      310,27/10/2018,12:03,B,172.168.1.8
       36,27/10/2018,12:06,B,172.168.1.8
       14,27/10/2018,12:20,B,172.168.1.8
       18,27/10/2018,12:22,B,172.168.1.8
        8,27/10/2018,12:29,B,172.168.1.8
       23,27/10/2018,12:33,B,172.168.1.8
      213,27/10/2018,12:40,B,172.168.1.8
        5,27/10/2018,12:43,B,172.168.1.8
       35,27/10/2018,12:49,B,172.168.1.8
       22,27/10/2018,13:02,B,172.168.1.8
       29,27/10/2018,13:03,B,172.168.1.8
       19,27/10/2018,13:06,B,172.168.1.8
       20,27/10/2018,13:06,B,172.168.1.8
       15,27/10/2018,13:06,B,172.168.1.8
       15,27/10/2018,13:06,B,172.168.1.8
      258,27/10/2018,13:32,B,172.168.1.8
       10,27/10/2018,13:34,B,172.168.1.8
        2,27/10/2018,13:49,B,172.168.1.8
       32,27/10/2018,13:53,B,172.168.1.8
      201,27/10/2018,13:53,B,172.168.1.8
       28,27/10/2018,14:04,B,172.168.1.8
       30,27/10/2018,14:12,B,172.168.1.8
      312,27/10/2018,14:14,B,172.168.1.8
        6,27/10/2018,14:33,B,172.168.1.8
      202,27/10/2018,14:34,B,172.168.1.8
      208,27/10/2018,14:38,B,172.168.1.8
      291,27/10/2018,14:38,B,172.168.1.8
      291,27/10/2018,14:44,B,172.168.1.8
      287,27/10/2018,14:44,B,172.168.1.8
      268,27/10/2018,14:44,B,172.168.1.8
      292,27/10/2018,14:46,B,172.168.1.8
      287,27/10/2018,14:46,B,172.168.1.8
      126,27/10/2018,14:48,B,172.168.1.8
      206,27/10/2018,14:48,B,172.168.1.8
       62,27/10/2018,14:52,B,172.168.1.8
      212,27/10/2018,14:52,B,172.168.1.8
      216,27/10/2018,14:52,B,172.168.1.8
      207,27/10/2018,14:52,B,172.168.1.8
      110,27/10/2018,14:54,B,172.168.1.8
      121,27/10/2018,14:54,B,172.168.1.8
      128,27/10/2018,14:59,B,172.168.1.8
      126,27/10/2018,15:01,B,172.168.1.8
      119,27/10/2018,15:01,B,172.168.1.8
      119,27/10/2018,15:02,B,172.168.1.8
      262,27/10/2018,15:02,B,172.168.1.8
       27,27/10/2018,15:05,B,172.168.1.8
      122,27/10/2018,15:07,B,172.168.1.8
       17,27/10/2018,15:08,B,172.168.1.8
      115,27/10/2018,15:21,B,172.168.1.8
      127,27/10/2018,15:27,B,172.168.1.8
      261,27/10/2018,15:27,B,172.168.1.8
      289,27/10/2018,15:27,B,172.168.1.8
      120,27/10/2018,15:28,B,172.168.1.8
      101,27/10/2018,15:30,B,172.168.1.8
      117,27/10/2018,15:34,B,172.168.1.8
      290,27/10/2018,15:41,B,172.168.1.8
      290,27/10/2018,15:42,B,172.168.1.8
      125,27/10/2018,16:00,B,172.168.1.8
      112,27/10/2018,16:00,B,172.168.1.8
      116,27/10/2018,16:16,B,172.168.1.8
      114,27/10/2018,16:30,B,172.168.1.8
      273,27/10/2018,16:30,B,172.168.1.8
      293,27/10/2018,16:42,B,172.168.1.8
       25,27/10/2018,16:58,B,172.168.1.8
      256,27/10/2018,17:00,B,172.168.1.8
       37,27/10/2018,17:02,B,172.168.1.8
      280,27/10/2018,17:02,B,172.168.1.8
      271,27/10/2018,17:02,B,172.168.1.8
      283,27/10/2018,17:03,B,172.168.1.8
       26,27/10/2018,17:06,B,172.168.1.8
      310,27/10/2018,19:27,B,172.168.1.8
      260,27/10/2018,19:28,B,172.168.1.8
      255,27/10/2018,19:36,B,172.168.1.8
      255,28/10/2018,10:13,B,172.168.1.8
      255,28/10/2018,17:08,B,172.168.1.8
      255,28/10/2018,17:14,B,172.168.1.8
      121,29/10/2018,06:53,B,172.168.1.8
      126,29/10/2018,07:26,B,172.168.1.8
      273,29/10/2018,07:34,B,172.168.1.8
       42,29/10/2018,07:37,B,172.168.1.8
      255,29/10/2018,07:38,B,172.168.1.8
      292,29/10/2018,07:39,B,172.168.1.8
       63,29/10/2018,07:42,B,172.168.1.8
      215,29/10/2018,07:45,B,172.168.1.8
      122,29/10/2018,08:07,B,172.168.1.8
      262,29/10/2018,08:30,B,172.168.1.8
      287,29/10/2018,08:31,B,172.168.1.8
      202,29/10/2018,08:34,B,172.168.1.8
      110,29/10/2018,08:37,B,172.168.1.8
      203,29/10/2018,08:39,B,172.168.1.8
      268,29/10/2018,08:44,B,172.168.1.8
       14,29/10/2018,08:45,B,172.168.1.8
      312,29/10/2018,08:46,B,172.168.1.8
      212,29/10/2018,08:47,B,172.168.1.8
      207,29/10/2018,08:47,B,172.168.1.8
      216,29/10/2018,08:47,B,172.168.1.8
      291,29/10/2018,08:49,B,172.168.1.8
      260,29/10/2018,08:49,B,172.168.1.8
      115,29/10/2018,08:50,B,172.168.1.8
      303,29/10/2018,08:50,B,172.168.1.8
       23,29/10/2018,08:52,B,172.168.1.8
       36,29/10/2018,08:53,B,172.168.1.8
      204,29/10/2018,08:54,B,172.168.1.8
      125,29/10/2018,08:55,B,172.168.1.8
      120,29/10/2018,08:55,B,172.168.1.8
       32,29/10/2018,08:58,B,172.168.1.8
      119,29/10/2018,08:59,B,172.168.1.8
       62,29/10/2018,09:00,B,172.168.1.8
      280,29/10/2018,09:13,B,172.168.1.8
      209,29/10/2018,09:15,B,172.168.1.8
      214,29/10/2018,09:16,B,172.168.1.8
      112,29/10/2018,09:17,B,172.168.1.8
      283,29/10/2018,09:18,B,172.168.1.8
        1,29/10/2018,09:23,B,172.168.1.8
       25,29/10/2018,09:25,B,172.168.1.8
      290,29/10/2018,09:29,B,172.168.1.8
       20,29/10/2018,09:31,B,172.168.1.8
      201,29/10/2018,09:32,B,172.168.1.8
       18,29/10/2018,09:33,B,172.168.1.8
      128,29/10/2018,09:43,B,172.168.1.8
      208,29/10/2018,09:45,B,172.168.1.8
       26,29/10/2018,09:45,B,172.168.1.8
       17,29/10/2018,09:49,B,172.168.1.8
      127,29/10/2018,09:49,B,172.168.1.8
       24,29/10/2018,09:50,B,172.168.1.8
       35,29/10/2018,09:51,B,172.168.1.8
      289,29/10/2018,09:51,B,172.168.1.8
       35,29/10/2018,09:52,B,172.168.1.8
      131,29/10/2018,09:52,B,172.168.1.8
      116,29/10/2018,09:54,B,172.168.1.8
       15,29/10/2018,09:56,B,172.168.1.8
       15,29/10/2018,09:56,B,172.168.1.8
       15,29/10/2018,09:56,B,172.168.1.8
      256,29/10/2018,09:58,B,172.168.1.8
      310,29/10/2018,09:59,B,172.168.1.8
      309,29/10/2018,10:01,B,172.168.1.8
      311,29/10/2018,10:06,B,172.168.1.8
      101,29/10/2018,10:07,B,172.168.1.8
        8,29/10/2018,10:10,B,172.168.1.8
      271,29/10/2018,10:10,B,172.168.1.8
      261,29/10/2018,10:12,B,172.168.1.8
       28,29/10/2018,10:14,B,172.168.1.8
      123,29/10/2018,10:16,B,172.168.1.8
      117,29/10/2018,10:16,B,172.168.1.8
       11,29/10/2018,10:18,B,172.168.1.8
      109,29/10/2018,10:18,B,172.168.1.8
      253,29/10/2018,10:19,B,172.168.1.8
       42,29/10/2018,10:21,B,172.168.1.8
      258,29/10/2018,10:21,B,172.168.1.8
      129,29/10/2018,10:21,B,172.168.1.8
        5,29/10/2018,10:23,B,172.168.1.8
       10,29/10/2018,10:23,B,172.168.1.8
      293,29/10/2018,10:24,B,172.168.1.8
      114,29/10/2018,10:27,B,172.168.1.8
      295,29/10/2018,10:28,B,172.168.1.8
      254,29/10/2018,10:28,B,172.168.1.8
       21,29/10/2018,10:29,B,172.168.1.8
      205,29/10/2018,10:40,B,172.168.1.8
        2,29/10/2018,10:42,B,172.168.1.8
       63,29/10/2018,10:42,B,172.168.1.8
      213,29/10/2018,10:51,B,172.168.1.8
      106,29/10/2018,10:57,B,172.168.1.8
      118,29/10/2018,11:06,B,172.168.1.8
       22,29/10/2018,11:21,B,172.168.1.8
       19,29/10/2018,11:22,B,172.168.1.8
       22,29/10/2018,11:23,B,172.168.1.8
       30,29/10/2018,11:25,B,172.168.1.8
       29,29/10/2018,11:26,B,172.168.1.8
       27,29/10/2018,11:52,B,172.168.1.8
      215,29/10/2018,11:53,B,172.168.1.8
      251,29/10/2018,11:57,B,172.168.1.8
      305,29/10/2018,12:18,B,172.168.1.8
      305,29/10/2018,12:18,B,172.168.1.8
      202,29/10/2018,12:32,B,172.168.1.8
      203,29/10/2018,12:49,B,172.168.1.8
      212,29/10/2018,13:11,B,172.168.1.8
      207,29/10/2018,13:11,B,172.168.1.8
      209,29/10/2018,13:15,B,172.168.1.8
      204,29/10/2018,13:15,B,172.168.1.8
       51,29/10/2018,13:32,B,172.168.1.8
      258,29/10/2018,13:54,B,172.168.1.8
      258,29/10/2018,14:08,B,172.168.1.8
      216,29/10/2018,14:20,B,172.168.1.8
      208,29/10/2018,14:25,B,172.168.1.8
      201,29/10/2018,14:27,B,172.168.1.8
      214,29/10/2018,14:29,B,172.168.1.8
      206,29/10/2018,14:30,B,172.168.1.8
       18,29/10/2018,14:48,B,172.168.1.8
      213,29/10/2018,14:52,B,172.168.1.8
       12,29/10/2018,14:54,B,172.168.1.8
      122,29/10/2018,15:04,B,172.168.1.8
       15,29/10/2018,15:13,B,172.168.1.8
       15,29/10/2018,15:13,B,172.168.1.8
      309,29/10/2018,15:14,B,172.168.1.8
      305,29/10/2018,15:15,B,172.168.1.8
      121,29/10/2018,15:17,B,172.168.1.8
       51,29/10/2018,15:25,B,172.168.1.8
      110,29/10/2018,15:28,B,172.168.1.8
      291,29/10/2018,15:29,B,172.168.1.8
      126,29/10/2018,15:30,B,172.168.1.8
      205,29/10/2018,15:33,B,172.168.1.8
      205,29/10/2018,15:33,B,172.168.1.8
       24,29/10/2018,15:36,B,172.168.1.8
       24,29/10/2018,15:36,B,172.168.1.8
       14,29/10/2018,15:38,B,172.168.1.8
       20,29/10/2018,15:44,B,172.168.1.8
       35,29/10/2018,15:49,B,172.168.1.8
       23,29/10/2018,15:49,B,172.168.1.8
       21,29/10/2018,15:57,B,172.168.1.8
      312,29/10/2018,15:59,B,172.168.1.8
       11,29/10/2018,16:10,B,172.168.1.8
       28,29/10/2018,16:13,B,172.168.1.8
        8,29/10/2018,16:19,B,172.168.1.8
       10,29/10/2018,16:27,B,172.168.1.8
        5,29/10/2018,16:28,B,172.168.1.8
      311,29/10/2018,16:29,B,172.168.1.8
      119,29/10/2018,16:30,B,172.168.1.8
      123,29/10/2018,16:46,B,172.168.1.8
       22,29/10/2018,16:50,B,172.168.1.8
       29,29/10/2018,16:50,B,172.168.1.8
        2,29/10/2018,16:51,B,172.168.1.8
      125,29/10/2018,16:54,B,172.168.1.8
       19,29/10/2018,16:56,B,172.168.1.8
       19,29/10/2018,16:57,B,172.168.1.8
       25,29/10/2018,16:59,B,172.168.1.8
      262,29/10/2018,17:04,B,172.168.1.8
       27,29/10/2018,17:09,B,172.168.1.8
      273,29/10/2018,17:13,B,172.168.1.8
      128,29/10/2018,17:14,B,172.168.1.8
       36,29/10/2018,17:15,B,172.168.1.8
      131,29/10/2018,17:15,B,172.168.1.8
      295,29/10/2018,17:16,B,172.168.1.8
      109,29/10/2018,17:17,B,172.168.1.8
      287,29/10/2018,17:17,B,172.168.1.8
      268,29/10/2018,17:19,B,172.168.1.8
      116,29/10/2018,17:20,B,172.168.1.8
      253,29/10/2018,17:20,B,172.168.1.8
      261,29/10/2018,17:22,B,172.168.1.8
      289,29/10/2018,17:22,B,172.168.1.8
      127,29/10/2018,17:23,B,172.168.1.8
      287,29/10/2018,17:23,B,172.168.1.8
      292,29/10/2018,17:23,B,172.168.1.8
      268,29/10/2018,17:23,B,172.168.1.8
      292,29/10/2018,17:24,B,172.168.1.8
      127,29/10/2018,17:24,B,172.168.1.8
      129,29/10/2018,17:25,B,172.168.1.8
      120,29/10/2018,17:25,B,172.168.1.8
      114,29/10/2018,17:26,B,172.168.1.8
      129,29/10/2018,17:30,B,172.168.1.8
      271,29/10/2018,17:30,B,172.168.1.8
      280,29/10/2018,17:31,B,172.168.1.8
      118,29/10/2018,17:32,B,172.168.1.8
      254,29/10/2018,17:33,B,172.168.1.8
      251,29/10/2018,17:33,B,172.168.1.8
       17,29/10/2018,17:45,B,172.168.1.8
       26,29/10/2018,17:45,B,172.168.1.8
      290,29/10/2018,17:46,B,172.168.1.8
      283,29/10/2018,17:47,B,172.168.1.8
       32,29/10/2018,17:50,B,172.168.1.8
      293,29/10/2018,17:50,B,172.168.1.8
      106,29/10/2018,18:00,B,172.168.1.8
       30,29/10/2018,18:02,B,172.168.1.8
      260,29/10/2018,18:05,B,172.168.1.8
      117,29/10/2018,18:10,B,172.168.1.8
      117,29/10/2018,18:12,B,172.168.1.8
      310,29/10/2018,18:12,B,172.168.1.8
       12,29/10/2018,18:21,B,172.168.1.8
      115,29/10/2018,18:29,B,172.168.1.8
        1,29/10/2018,18:30,B,172.168.1.8
      115,29/10/2018,18:30,B,172.168.1.8
      112,29/10/2018,18:30,B,172.168.1.8
      101,29/10/2018,18:30,B,172.168.1.8
      256,29/10/2018,18:53,B,172.168.1.8
      255,29/10/2018,20:03,B,172.168.1.8
      121,30/10/2018,06:56,B,172.168.1.8
      126,30/10/2018,07:19,B,172.168.1.8
      262,30/10/2018,07:27,B,172.168.1.8
      215,30/10/2018,07:37,B,172.168.1.8
      273,30/10/2018,07:40,B,172.168.1.8
       42,30/10/2018,07:44,B,172.168.1.8
      292,30/10/2018,07:49,B,172.168.1.8
      208,30/10/2018,08:08,B,172.168.1.8
      260,30/10/2018,08:08,B,172.168.1.8
      208,30/10/2018,08:11,B,172.168.1.8
      255,30/10/2018,08:13,B,172.168.1.8
      122,30/10/2018,08:14,B,172.168.1.8
      287,30/10/2018,08:16,B,172.168.1.8
      209,30/10/2018,08:19,B,172.168.1.8
      205,30/10/2018,08:25,B,172.168.1.8
      110,30/10/2018,08:37,B,172.168.1.8
      216,30/10/2018,08:40,B,172.168.1.8
      212,30/10/2018,08:40,B,172.168.1.8
      268,30/10/2018,08:41,B,172.168.1.8
      211,30/10/2018,08:45,B,172.168.1.8
      125,30/10/2018,08:45,B,172.168.1.8
      211,30/10/2018,08:46,B,172.168.1.8
       32,30/10/2018,08:46,B,172.168.1.8
      115,30/10/2018,08:52,B,172.168.1.8
      119,30/10/2018,08:54,B,172.168.1.8
       36,30/10/2018,08:54,B,172.168.1.8
       23,30/10/2018,08:54,B,172.168.1.8
      120,30/10/2018,08:56,B,172.168.1.8
      303,30/10/2018,09:03,B,172.168.1.8
       26,30/10/2018,09:06,B,172.168.1.8
       14,30/10/2018,09:16,B,172.168.1.8
        1,30/10/2018,09:22,B,172.168.1.8
      291,30/10/2018,09:22,B,172.168.1.8
      280,30/10/2018,09:24,B,172.168.1.8
       20,30/10/2018,09:24,B,172.168.1.8
       12,30/10/2018,09:25,B,172.168.1.8
      283,30/10/2018,09:25,B,172.168.1.8
       25,30/10/2018,09:25,B,172.168.1.8
       18,30/10/2018,09:28,B,172.168.1.8
      128,30/10/2018,09:30,B,172.168.1.8
       35,30/10/2018,09:36,B,172.168.1.8
       35,30/10/2018,09:38,B,172.168.1.8
      290,30/10/2018,09:38,B,172.168.1.8
      127,30/10/2018,09:39,B,172.168.1.8
      201,30/10/2018,09:41,B,172.168.1.8
      116,30/10/2018,09:48,B,172.168.1.8
      123,30/10/2018,09:49,B,172.168.1.8
      112,30/10/2018,09:51,B,172.168.1.8
      202,30/10/2018,09:51,B,172.168.1.8
        5,30/10/2018,09:52,B,172.168.1.8
       10,30/10/2018,09:53,B,172.168.1.8
      202,30/10/2018,09:53,B,172.168.1.8
        6,30/10/2018,09:54,B,172.168.1.8
      214,30/10/2018,09:56,B,172.168.1.8
      256,30/10/2018,09:57,B,172.168.1.8
      114,30/10/2018,09:57,B,172.168.1.8
       21,30/10/2018,09:58,B,172.168.1.8
       15,30/10/2018,09:58,B,172.168.1.8
       15,30/10/2018,09:58,B,172.168.1.8
       15,30/10/2018,09:58,B,172.168.1.8
       29,30/10/2018,09:59,B,172.168.1.8
      289,30/10/2018,10:00,B,172.168.1.8
      253,30/10/2018,10:01,B,172.168.1.8
      117,30/10/2018,10:01,B,172.168.1.8
      131,30/10/2018,10:01,B,172.168.1.8
      258,30/10/2018,10:02,B,172.168.1.8
      271,30/10/2018,10:05,B,172.168.1.8
      295,30/10/2018,10:08,B,172.168.1.8
       17,30/10/2018,10:10,B,172.168.1.8
      109,30/10/2018,10:10,B,172.168.1.8
       28,30/10/2018,10:10,B,172.168.1.8
      310,30/10/2018,10:13,B,172.168.1.8
       24,30/10/2018,10:15,B,172.168.1.8
      213,30/10/2018,10:16,B,172.168.1.8
      254,30/10/2018,10:17,B,172.168.1.8
      101,30/10/2018,10:18,B,172.168.1.8
      261,30/10/2018,10:20,B,172.168.1.8
       30,30/10/2018,10:29,B,172.168.1.8
      204,30/10/2018,10:35,B,172.168.1.8
       27,30/10/2018,10:38,B,172.168.1.8
        2,30/10/2018,10:38,B,172.168.1.8
        2,30/10/2018,10:38,B,172.168.1.8
      293,30/10/2018,10:39,B,172.168.1.8
      106,30/10/2018,10:39,B,172.168.1.8
      203,30/10/2018,10:46,B,172.168.1.8
      251,30/10/2018,10:52,B,172.168.1.8
      210,30/10/2018,10:57,B,172.168.1.8
        8,30/10/2018,10:57,B,172.168.1.8
      206,30/10/2018,11:08,B,172.168.1.8
      118,30/10/2018,11:09,B,172.168.1.8
      207,30/10/2018,11:12,B,172.168.1.8
        9,30/10/2018,11:32,B,172.168.1.8
       11,30/10/2018,11:32,B,172.168.1.8
       22,30/10/2018,11:40,B,172.168.1.8
       22,30/10/2018,11:42,B,172.168.1.8
      305,30/10/2018,12:04,B,172.168.1.8
      205,30/10/2018,13:07,B,172.168.1.8
      205,30/10/2018,13:10,B,172.168.1.8
      205,30/10/2018,13:10,B,172.168.1.8
       42,30/10/2018,13:10,B,172.168.1.8
      208,30/10/2018,13:15,B,172.168.1.8
      304,30/10/2018,13:57,B,172.168.1.8
      202,30/10/2018,14:32,B,172.168.1.8
      204,30/10/2018,14:39,B,172.168.1.8
      209,30/10/2018,14:40,B,172.168.1.8
      206,30/10/2018,14:40,B,172.168.1.8
      213,30/10/2018,14:40,B,172.168.1.8
      209,30/10/2018,14:41,B,172.168.1.8
      206,30/10/2018,14:41,B,172.168.1.8
      204,30/10/2018,14:41,B,172.168.1.8
      214,30/10/2018,14:41,B,172.168.1.8
      211,30/10/2018,14:42,B,172.168.1.8
      212,30/10/2018,14:42,B,172.168.1.8
      216,30/10/2018,14:42,B,172.168.1.8
      207,30/10/2018,14:43,B,172.168.1.8
      211,30/10/2018,14:45,B,172.168.1.8
      121,30/10/2018,15:00,B,172.168.1.8
      203,30/10/2018,15:01,B,172.168.1.8
      201,30/10/2018,15:02,B,172.168.1.8
      203,30/10/2018,15:02,B,172.168.1.8
      305,30/10/2018,15:05,B,172.168.1.8
      303,30/10/2018,15:05,B,172.168.1.8
      210,30/10/2018,15:11,B,172.168.1.8
       23,30/10/2018,15:30,B,172.168.1.8
       21,30/10/2018,15:32,B,172.168.1.8
      126,30/10/2018,15:36,B,172.168.1.8
       36,30/10/2018,15:44,B,172.168.1.8
      126,30/10/2018,15:45,B,172.168.1.8
       29,30/10/2018,15:48,B,172.168.1.8
      110,30/10/2018,15:48,B,172.168.1.8
      122,30/10/2018,15:48,B,172.168.1.8
       29,30/10/2018,15:50,B,172.168.1.8
       17,30/10/2018,15:54,B,172.168.1.8
       20,30/10/2018,15:55,B,172.168.1.8
       28,30/10/2018,15:55,B,172.168.1.8
       24,30/10/2018,16:03,B,172.168.1.8
      109,30/10/2018,16:06,B,172.168.1.8
       14,30/10/2018,16:12,B,172.168.1.8
        5,30/10/2018,16:16,B,172.168.1.8
        6,30/10/2018,16:18,B,172.168.1.8
      262,30/10/2018,16:19,B,172.168.1.8
       15,30/10/2018,16:23,B,172.168.1.8
       15,30/10/2018,16:23,B,172.168.1.8
       27,30/10/2018,16:27,B,172.168.1.8
        9,30/10/2018,16:31,B,172.168.1.8
       10,30/10/2018,16:42,B,172.168.1.8
      119,30/10/2018,16:50,B,172.168.1.8
      123,30/10/2018,16:53,B,172.168.1.8
      291,30/10/2018,16:58,B,172.168.1.8
      273,30/10/2018,17:00,B,172.168.1.8
       25,30/10/2018,17:03,B,172.168.1.8
       18,30/10/2018,17:03,B,172.168.1.8
      287,30/10/2018,17:06,B,172.168.1.8
      292,30/10/2018,17:06,B,172.168.1.8
      268,30/10/2018,17:06,B,172.168.1.8
      114,30/10/2018,17:07,B,172.168.1.8
      125,30/10/2018,17:12,B,172.168.1.8
      253,30/10/2018,17:12,B,172.168.1.8
      114,30/10/2018,17:12,B,172.168.1.8
      128,30/10/2018,17:12,B,172.168.1.8
      268,30/10/2018,17:13,B,172.168.1.8
       11,30/10/2018,17:14,B,172.168.1.8
      131,30/10/2018,17:16,B,172.168.1.8
      295,30/10/2018,17:18,B,172.168.1.8
       32,30/10/2018,17:21,B,172.168.1.8
        2,30/10/2018,17:21,B,172.168.1.8
        2,30/10/2018,17:21,B,172.168.1.8
       22,30/10/2018,17:21,B,172.168.1.8
      261,30/10/2018,17:23,B,172.168.1.8
      289,30/10/2018,17:23,B,172.168.1.8
        8,30/10/2018,17:23,B,172.168.1.8
      271,30/10/2018,17:27,B,172.168.1.8
      280,30/10/2018,17:27,B,172.168.1.8
       26,30/10/2018,17:28,B,172.168.1.8
      127,30/10/2018,17:30,B,172.168.1.8
      120,30/10/2018,17:30,B,172.168.1.8
      118,30/10/2018,17:30,B,172.168.1.8
      101,30/10/2018,17:33,B,172.168.1.8
      254,30/10/2018,17:34,B,172.168.1.8
      251,30/10/2018,17:34,B,172.168.1.8
      283,30/10/2018,17:34,B,172.168.1.8
      290,30/10/2018,17:35,B,172.168.1.8
      290,30/10/2018,17:35,B,172.168.1.8
      258,30/10/2018,17:37,B,172.168.1.8
      115,30/10/2018,17:38,B,172.168.1.8
      283,30/10/2018,17:38,B,172.168.1.8
      258,30/10/2018,17:38,B,172.168.1.8
      106,30/10/2018,17:38,B,172.168.1.8
      290,30/10/2018,17:40,B,172.168.1.8
       12,30/10/2018,17:41,B,172.168.1.8
       30,30/10/2018,17:44,B,172.168.1.8
      293,30/10/2018,17:45,B,172.168.1.8
      260,30/10/2018,17:45,B,172.168.1.8
      116,30/10/2018,17:56,B,172.168.1.8
      310,30/10/2018,18:00,B,172.168.1.8
      117,30/10/2018,18:01,B,172.168.1.8
        1,30/10/2018,18:02,B,172.168.1.8
      112,30/10/2018,18:03,B,172.168.1.8
      112,30/10/2018,18:03,B,172.168.1.8
      256,30/10/2018,18:06,B,172.168.1.8
      255,30/10/2018,20:02,B,172.168.1.8
      121,31/10/2018,06:49,B,172.168.1.8
      273,31/10/2018,07:26,B,172.168.1.8
      262,31/10/2018,07:27,B,172.168.1.8
      126,31/10/2018,07:37,B,172.168.1.8
       42,31/10/2018,07:42,B,172.168.1.8
      292,31/10/2018,07:46,B,172.168.1.8
      215,31/10/2018,07:53,B,172.168.1.8
      205,31/10/2018,08:00,B,172.168.1.8
      260,31/10/2018,08:09,B,172.168.1.8
      208,31/10/2018,08:14,B,172.168.1.8
      255,31/10/2018,08:30,B,172.168.1.8
      268,31/10/2018,08:32,B,172.168.1.8
      110,31/10/2018,08:33,B,172.168.1.8
       32,31/10/2018,08:36,B,172.168.1.8
      207,31/10/2018,08:39,B,172.168.1.8
      291,31/10/2018,08:41,B,172.168.1.8
      203,31/10/2018,08:41,B,172.168.1.8
      203,31/10/2018,08:41,B,172.168.1.8
      202,31/10/2018,08:46,B,172.168.1.8
      125,31/10/2018,08:48,B,172.168.1.8
      211,31/10/2018,08:50,B,172.168.1.8
       15,31/10/2018,08:52,B,172.168.1.8
       15,31/10/2018,08:52,B,172.168.1.8
       15,31/10/2018,08:52,B,172.168.1.8
       15,31/10/2018,08:52,B,172.168.1.8
       15,31/10/2018,08:52,B,172.168.1.8
       15,31/10/2018,08:52,B,172.168.1.8
       15,31/10/2018,08:52,B,172.168.1.8
      120,31/10/2018,08:56,B,172.168.1.8
      119,31/10/2018,08:57,B,172.168.1.8
      312,31/10/2018,08:58,B,172.168.1.8
       23,31/10/2018,08:59,B,172.168.1.8
      115,31/10/2018,09:00,B,172.168.1.8
       21,31/10/2018,09:03,B,172.168.1.8
       26,31/10/2018,09:04,B,172.168.1.8
       12,31/10/2018,09:07,B,172.168.1.8
       20,31/10/2018,09:10,B,172.168.1.8
      116,31/10/2018,09:19,B,172.168.1.8
      283,31/10/2018,09:19,B,172.168.1.8
      280,31/10/2018,09:27,B,172.168.1.8
       25,31/10/2018,09:28,B,172.168.1.8
      303,31/10/2018,09:29,B,172.168.1.8
      290,31/10/2018,09:33,B,172.168.1.8
      112,31/10/2018,09:34,B,172.168.1.8
       28,31/10/2018,09:35,B,172.168.1.8
      128,31/10/2018,09:38,B,172.168.1.8
      213,31/10/2018,09:42,B,172.168.1.8
       36,31/10/2018,09:42,B,172.168.1.8
      117,31/10/2018,09:42,B,172.168.1.8
      123,31/10/2018,09:44,B,172.168.1.8
      114,31/10/2018,09:46,B,172.168.1.8
      127,31/10/2018,09:46,B,172.168.1.8
       24,31/10/2018,09:48,B,172.168.1.8
       24,31/10/2018,09:48,B,172.168.1.8
       11,31/10/2018,09:54,B,172.168.1.8
      289,31/10/2018,09:58,B,172.168.1.8
       29,31/10/2018,09:58,B,172.168.1.8
      256,31/10/2018,10:03,B,172.168.1.8
      214,31/10/2018,10:03,B,172.168.1.8
      216,31/10/2018,10:03,B,172.168.1.8
      131,31/10/2018,10:06,B,172.168.1.8
       42,31/10/2018,10:07,B,172.168.1.8
      261,31/10/2018,10:07,B,172.168.1.8
       14,31/10/2018,10:07,B,172.168.1.8
      201,31/10/2018,10:09,B,172.168.1.8
      253,31/10/2018,10:09,B,172.168.1.8
        8,31/10/2018,10:11,B,172.168.1.8
      106,31/10/2018,10:11,B,172.168.1.8
      293,31/10/2018,10:12,B,172.168.1.8
        2,31/10/2018,10:19,B,172.168.1.8
      271,31/10/2018,10:21,B,172.168.1.8
      101,31/10/2018,10:21,B,172.168.1.8
      109,31/10/2018,10:23,B,172.168.1.8
      129,31/10/2018,10:25,B,172.168.1.8
      118,31/10/2018,10:26,B,172.168.1.8
       17,31/10/2018,10:29,B,172.168.1.8
      110,31/10/2018,10:29,B,172.168.1.8
      311,31/10/2018,10:32,B,172.168.1.8
      251,31/10/2018,10:34,B,172.168.1.8
        5,31/10/2018,10:34,B,172.168.1.8
        1,31/10/2018,10:35,B,172.168.1.8
        9,31/10/2018,10:35,B,172.168.1.8
       35,31/10/2018,10:35,B,172.168.1.8
      210,31/10/2018,10:43,B,172.168.1.8
      204,31/10/2018,10:45,B,172.168.1.8
       10,31/10/2018,10:49,B,172.168.1.8
       30,31/10/2018,10:58,B,172.168.1.8
       27,31/10/2018,11:02,B,172.168.1.8
      209,31/10/2018,11:07,B,172.168.1.8
      212,31/10/2018,11:17,B,172.168.1.8
       19,31/10/2018,11:17,B,172.168.1.8
       22,31/10/2018,11:19,B,172.168.1.8
        6,31/10/2018,11:20,B,172.168.1.8
      206,31/10/2018,11:35,B,172.168.1.8
       18,31/10/2018,11:40,B,172.168.1.8
      216,31/10/2018,11:55,B,172.168.1.8
      215,31/10/2018,11:56,B,172.168.1.8
      208,31/10/2018,12:08,B,172.168.1.8
      205,31/10/2018,12:40,B,172.168.1.8
      205,31/10/2018,12:41,B,172.168.1.8
      202,31/10/2018,12:42,B,172.168.1.8
      203,31/10/2018,12:42,B,172.168.1.8
      287,31/10/2018,12:49,B,172.168.1.8
      211,31/10/2018,13:20,B,172.168.1.8
        1,31/10/2018,13:20,B,172.168.1.8
       21,31/10/2018,13:46,B,172.168.1.8
      209,31/10/2018,13:51,B,172.168.1.8
      213,31/10/2018,13:51,B,172.168.1.8
      258,31/10/2018,14:12,B,172.168.1.8
      128,31/10/2018,14:14,B,172.168.1.8
      212,31/10/2018,14:30,B,172.168.1.8
      204,31/10/2018,14:34,B,172.168.1.8
      303,31/10/2018,14:38,B,172.168.1.8
      303,31/10/2018,14:38,B,172.168.1.8
       23,31/10/2018,14:48,B,172.168.1.8
      214,31/10/2018,14:50,B,172.168.1.8
      206,31/10/2018,15:04,B,172.168.1.8
      210,31/10/2018,15:16,B,172.168.1.8
      121,31/10/2018,15:19,B,172.168.1.8
      126,31/10/2018,15:37,B,172.168.1.8
       20,31/10/2018,15:39,B,172.168.1.8
      291,31/10/2018,15:42,B,172.168.1.8
       27,31/10/2018,16:08,B,172.168.1.8
        5,31/10/2018,16:09,B,172.168.1.8
       36,31/10/2018,16:15,B,172.168.1.8
       24,31/10/2018,16:17,B,172.168.1.8
       29,31/10/2018,16:22,B,172.168.1.8
      262,31/10/2018,16:28,B,172.168.1.8
       28,31/10/2018,16:34,B,172.168.1.8
       10,31/10/2018,16:35,B,172.168.1.8
      311,31/10/2018,16:36,B,172.168.1.8
      119,31/10/2018,16:36,B,172.168.1.8
        8,31/10/2018,16:37,B,172.168.1.8
       11,31/10/2018,16:42,B,172.168.1.8
        6,31/10/2018,16:44,B,172.168.1.8
       14,31/10/2018,16:44,B,172.168.1.8
      201,31/10/2018,16:48,B,172.168.1.8
      312,31/10/2018,16:48,B,172.168.1.8
        9,31/10/2018,16:48,B,172.168.1.8
       32,31/10/2018,16:50,B,172.168.1.8
       19,31/10/2018,16:53,B,172.168.1.8
      123,31/10/2018,16:53,B,172.168.1.8
      125,31/10/2018,16:55,B,172.168.1.8
      273,31/10/2018,17:00,B,172.168.1.8
       25,31/10/2018,17:00,B,172.168.1.8
      115,31/10/2018,17:00,B,172.168.1.8
      260,31/10/2018,17:00,B,172.168.1.8
       35,31/10/2018,17:03,B,172.168.1.8
      114,31/10/2018,17:08,B,172.168.1.8
       30,31/10/2018,17:11,B,172.168.1.8
      292,31/10/2018,17:11,B,172.168.1.8
      268,31/10/2018,17:11,B,172.168.1.8
       22,31/10/2018,17:13,B,172.168.1.8
      253,31/10/2018,17:15,B,172.168.1.8
      201,31/10/2018,17:15,B,172.168.1.8
       15,31/10/2018,17:15,B,172.168.1.8
       15,31/10/2018,17:15,B,172.168.1.8
       15,31/10/2018,17:15,B,172.168.1.8
       15,31/10/2018,17:15,B,172.168.1.8
       15,31/10/2018,17:15,B,172.168.1.8
       15,31/10/2018,17:15,B,172.168.1.8
       15,31/10/2018,17:15,B,172.168.1.8
       15,31/10/2018,17:15,B,172.168.1.8
       15,31/10/2018,17:15,B,172.168.1.8
       15,31/10/2018,17:15,B,172.168.1.8
       15,31/10/2018,17:15,B,172.168.1.8
        2,31/10/2018,17:17,B,172.168.1.8
      109,31/10/2018,17:19,B,172.168.1.8
      289,31/10/2018,17:19,B,172.168.1.8
      261,31/10/2018,17:20,B,172.168.1.8
      131,31/10/2018,17:20,B,172.168.1.8
      127,31/10/2018,17:21,B,172.168.1.8
      101,31/10/2018,17:22,B,172.168.1.8
      251,31/10/2018,17:22,B,172.168.1.8
      251,31/10/2018,17:27,B,172.168.1.8
      290,31/10/2018,17:28,B,172.168.1.8
      280,31/10/2018,17:29,B,172.168.1.8
      271,31/10/2018,17:30,B,172.168.1.8
      118,31/10/2018,17:30,B,172.168.1.8
      280,31/10/2018,17:30,B,172.168.1.8
      283,31/10/2018,17:30,B,172.168.1.8
        2,31/10/2018,17:30,B,172.168.1.8
       22,31/10/2018,17:30,B,172.168.1.8
      129,31/10/2018,17:31,B,172.168.1.8
      120,31/10/2018,17:32,B,172.168.1.8
      116,31/10/2018,17:36,B,172.168.1.8
      293,31/10/2018,17:36,B,172.168.1.8
       12,31/10/2018,17:36,B,172.168.1.8
      106,31/10/2018,17:37,B,172.168.1.8
      117,31/10/2018,17:39,B,172.168.1.8
      116,31/10/2018,17:40,B,172.168.1.8
      106,31/10/2018,17:40,B,172.168.1.8
       17,31/10/2018,17:41,B,172.168.1.8
        1,31/10/2018,17:51,B,172.168.1.8
       26,31/10/2018,17:54,B,172.168.1.8
      112,31/10/2018,18:30,B,172.168.1.8
      258,31/10/2018,18:30,B,172.168.1.8
      256,31/10/2018,18:55,B,172.168.1.8
      255,31/10/2018,19:59,B,172.168.1.8
      121,01/11/2018,06:52,B,172.168.1.8
      126,01/11/2018,07:26,B,172.168.1.8
       54,01/11/2018,07:39,B,172.168.1.8
      273,01/11/2018,07:43,B,172.168.1.8
      262,01/11/2018,07:47,B,172.168.1.8
       42,01/11/2018,07:52,B,172.168.1.8
      292,01/11/2018,07:53,B,172.168.1.8
      255,01/11/2018,07:55,B,172.168.1.8
      214,01/11/2018,08:16,B,172.168.1.8
      260,01/11/2018,08:16,B,172.168.1.8
      110,01/11/2018,08:18,B,172.168.1.8
      213,01/11/2018,08:27,B,172.168.1.8
      204,01/11/2018,08:32,B,172.168.1.8
      212,01/11/2018,08:33,B,172.168.1.8
      210,01/11/2018,08:44,B,172.168.1.8
      268,01/11/2018,08:48,B,172.168.1.8
      216,01/11/2018,08:51,B,172.168.1.8
      207,01/11/2018,08:51,B,172.168.1.8
       23,01/11/2018,08:53,B,172.168.1.8
      115,01/11/2018,08:54,B,172.168.1.8
      125,01/11/2018,09:00,B,172.168.1.8
      120,01/11/2018,09:01,B,172.168.1.8
      119,01/11/2018,09:01,B,172.168.1.8
      208,01/11/2018,09:06,B,172.168.1.8
      303,01/11/2018,09:09,B,172.168.1.8
       20,01/11/2018,09:10,B,172.168.1.8
       14,01/11/2018,09:12,B,172.168.1.8
       35,01/11/2018,09:21,B,172.168.1.8
       12,01/11/2018,09:24,B,172.168.1.8
      312,01/11/2018,09:24,B,172.168.1.8
      112,01/11/2018,09:27,B,172.168.1.8
      291,01/11/2018,09:28,B,172.168.1.8
      201,01/11/2018,09:31,B,172.168.1.8
      127,01/11/2018,09:33,B,172.168.1.8
      283,01/11/2018,09:39,B,172.168.1.8
       26,01/11/2018,09:40,B,172.168.1.8
       16,01/11/2018,09:43,B,172.168.1.8
      123,01/11/2018,09:46,B,172.168.1.8
       24,01/11/2018,09:47,B,172.168.1.8
      205,01/11/2018,09:47,B,172.168.1.8
      309,01/11/2018,09:49,B,172.168.1.8
      116,01/11/2018,09:49,B,172.168.1.8
      289,01/11/2018,09:49,B,172.168.1.8
       11,01/11/2018,09:49,B,172.168.1.8
      128,01/11/2018,09:49,B,172.168.1.8
       62,01/11/2018,09:54,B,172.168.1.8
      253,01/11/2018,09:57,B,172.168.1.8
       36,01/11/2018,09:58,B,172.168.1.8
      117,01/11/2018,10:01,B,172.168.1.8
        1,01/11/2018,10:04,B,172.168.1.8
      271,01/11/2018,10:05,B,172.168.1.8
      131,01/11/2018,10:07,B,172.168.1.8
      256,01/11/2018,10:11,B,172.168.1.8
       28,01/11/2018,10:11,B,172.168.1.8
      310,01/11/2018,10:12,B,172.168.1.8
      109,01/11/2018,10:13,B,172.168.1.8
       10,01/11/2018,10:14,B,172.168.1.8
        5,01/11/2018,10:14,B,172.168.1.8
        6,01/11/2018,10:15,B,172.168.1.8
      261,01/11/2018,10:20,B,172.168.1.8
      114,01/11/2018,10:21,B,172.168.1.8
      295,01/11/2018,10:21,B,172.168.1.8
      129,01/11/2018,10:24,B,172.168.1.8
      202,01/11/2018,10:24,B,172.168.1.8
       29,01/11/2018,10:25,B,172.168.1.8
       54,01/11/2018,10:28,B,172.168.1.8
       42,01/11/2018,10:28,B,172.168.1.8
      118,01/11/2018,10:34,B,172.168.1.8
      203,01/11/2018,10:35,B,172.168.1.8
      203,01/11/2018,10:35,B,172.168.1.8
      209,01/11/2018,10:36,B,172.168.1.8
      209,01/11/2018,10:36,B,172.168.1.8
      101,01/11/2018,10:38,B,172.168.1.8
      254,01/11/2018,10:40,B,172.168.1.8
      293,01/11/2018,10:40,B,172.168.1.8
      206,01/11/2018,10:51,B,172.168.1.8
      106,01/11/2018,10:51,B,172.168.1.8
       27,01/11/2018,10:56,B,172.168.1.8
       30,01/11/2018,10:57,B,172.168.1.8
      215,01/11/2018,10:59,B,172.168.1.8
      211,01/11/2018,11:06,B,172.168.1.8
       19,01/11/2018,11:15,B,172.168.1.8
       21,01/11/2018,11:16,B,172.168.1.8
       18,01/11/2018,11:24,B,172.168.1.8
        9,01/11/2018,11:58,B,172.168.1.8
      216,01/11/2018,12:02,B,172.168.1.8
      305,01/11/2018,12:04,B,172.168.1.8
      305,01/11/2018,12:04,B,172.168.1.8
      212,01/11/2018,12:18,B,172.168.1.8
      207,01/11/2018,12:18,B,172.168.1.8
      208,01/11/2018,13:06,B,172.168.1.8
      214,01/11/2018,13:07,B,172.168.1.8
      210,01/11/2018,13:27,B,172.168.1.8
      210,01/11/2018,13:27,B,172.168.1.8
      204,01/11/2018,13:28,B,172.168.1.8
      204,01/11/2018,13:38,B,172.168.1.8
      213,01/11/2018,13:38,B,172.168.1.8
      204,01/11/2018,13:38,B,172.168.1.8
      290,01/11/2018,13:53,B,172.168.1.8
      311,01/11/2018,14:00,B,172.168.1.8
      202,01/11/2018,14:17,B,172.168.1.8
      211,01/11/2018,14:29,B,172.168.1.8
      203,01/11/2018,14:30,B,172.168.1.8
      201,01/11/2018,14:30,B,172.168.1.8
      209,01/11/2018,14:34,B,172.168.1.8
      206,01/11/2018,14:35,B,172.168.1.8
      121,01/11/2018,14:35,B,172.168.1.8
      215,01/11/2018,14:38,B,172.168.1.8
      309,01/11/2018,14:45,B,172.168.1.8
      126,01/11/2018,15:01,B,172.168.1.8
      305,01/11/2018,15:15,B,172.168.1.8
        5,01/11/2018,15:27,B,172.168.1.8
       36,01/11/2018,15:35,B,172.168.1.8
       23,01/11/2018,15:40,B,172.168.1.8
      110,01/11/2018,15:42,B,172.168.1.8
       24,01/11/2018,15:47,B,172.168.1.8
       28,01/11/2018,16:02,B,172.168.1.8
       11,01/11/2018,16:03,B,172.168.1.8
      303,01/11/2018,16:27,B,172.168.1.8
       62,01/11/2018,16:27,B,172.168.1.8
      116,01/11/2018,16:30,B,172.168.1.8
       35,01/11/2018,16:32,B,172.168.1.8
       27,01/11/2018,16:37,B,172.168.1.8
       21,01/11/2018,16:44,B,172.168.1.8
      312,01/11/2018,16:44,B,172.168.1.8
       19,01/11/2018,16:46,B,172.168.1.8
        6,01/11/2018,16:47,B,172.168.1.8
      123,01/11/2018,16:52,B,172.168.1.8
       10,01/11/2018,17:04,B,172.168.1.8
      273,01/11/2018,17:08,B,172.168.1.8
      292,01/11/2018,17:09,B,172.168.1.8
      268,01/11/2018,17:10,B,172.168.1.8
      287,01/11/2018,17:10,B,172.168.1.8
      292,01/11/2018,17:10,B,172.168.1.8
      125,01/11/2018,17:10,B,172.168.1.8
      109,01/11/2018,17:13,B,172.168.1.8
      295,01/11/2018,17:13,B,172.168.1.8
      114,01/11/2018,17:15,B,172.168.1.8
       18,01/11/2018,17:17,B,172.168.1.8
       20,01/11/2018,17:17,B,172.168.1.8
      289,01/11/2018,17:17,B,172.168.1.8
      253,01/11/2018,17:19,B,172.168.1.8
      261,01/11/2018,17:20,B,172.168.1.8
      262,01/11/2018,17:20,B,172.168.1.8
      120,01/11/2018,17:21,B,172.168.1.8
      311,01/11/2018,17:26,B,172.168.1.8
       32,01/11/2018,17:29,B,172.168.1.8
      129,01/11/2018,17:31,B,172.168.1.8
      127,01/11/2018,17:31,B,172.168.1.8
      115,01/11/2018,17:32,B,172.168.1.8
      254,01/11/2018,17:32,B,172.168.1.8
      101,01/11/2018,17:37,B,172.168.1.8
      271,01/11/2018,17:37,B,172.168.1.8
      283,01/11/2018,17:37,B,172.168.1.8
       30,01/11/2018,17:38,B,172.168.1.8
      118,01/11/2018,17:38,B,172.168.1.8
      131,01/11/2018,17:41,B,172.168.1.8
       26,01/11/2018,17:44,B,172.168.1.8
      293,01/11/2018,17:45,B,172.168.1.8
      293,01/11/2018,17:46,B,172.168.1.8
      106,01/11/2018,17:53,B,172.168.1.8
        1,01/11/2018,17:56,B,172.168.1.8
      290,01/11/2018,17:57,B,172.168.1.8
      256,01/11/2018,18:01,B,172.168.1.8
      310,01/11/2018,18:05,B,172.168.1.8
      117,01/11/2018,18:07,B,172.168.1.8
      310,01/11/2018,18:07,B,172.168.1.8
      112,01/11/2018,18:08,B,172.168.1.8
      112,01/11/2018,18:09,B,172.168.1.8
       12,01/11/2018,18:12,B,172.168.1.8
      117,01/11/2018,18:13,B,172.168.1.8
      310,01/11/2018,18:14,B,172.168.1.8
      260,01/11/2018,18:15,B,172.168.1.8
      112,01/11/2018,18:30,B,172.168.1.8
      128,01/11/2018,19:18,B,172.168.1.8
      255,01/11/2018,20:00,B,172.168.1.8
      121,02/11/2018,06:48,B,172.168.1.8
      215,02/11/2018,07:27,B,172.168.1.8
       42,02/11/2018,07:32,B,172.168.1.8
      126,02/11/2018,07:36,B,172.168.1.8
      262,02/11/2018,07:46,B,172.168.1.8
      292,02/11/2018,07:48,B,172.168.1.8
      210,02/11/2018,07:50,B,172.168.1.8
      273,02/11/2018,07:58,B,172.168.1.8
      122,02/11/2018,08:08,B,172.168.1.8
      287,02/11/2018,08:08,B,172.168.1.8
      260,02/11/2018,08:13,B,172.168.1.8
       40,02/11/2018,08:20,B,172.168.1.8
      209,02/11/2018,08:22,B,172.168.1.8
      255,02/11/2018,08:25,B,172.168.1.8
      204,02/11/2018,08:32,B,172.168.1.8
      110,02/11/2018,08:36,B,172.168.1.8
      205,02/11/2018,08:37,B,172.168.1.8
      202,02/11/2018,08:43,B,172.168.1.8
      115,02/11/2018,08:49,B,172.168.1.8
      211,02/11/2018,08:50,B,172.168.1.8
      212,02/11/2018,08:51,B,172.168.1.8
       32,02/11/2018,08:52,B,172.168.1.8
      120,02/11/2018,08:54,B,172.168.1.8
      119,02/11/2018,08:56,B,172.168.1.8
       23,02/11/2018,08:58,B,172.168.1.8
       20,02/11/2018,08:58,B,172.168.1.8
      268,02/11/2018,09:02,B,172.168.1.8
      280,02/11/2018,09:09,B,172.168.1.8
       18,02/11/2018,09:22,B,172.168.1.8
      112,02/11/2018,09:23,B,172.168.1.8
      201,02/11/2018,09:24,B,172.168.1.8
      312,02/11/2018,09:26,B,172.168.1.8
      303,02/11/2018,09:28,B,172.168.1.8
       12,02/11/2018,09:34,B,172.168.1.8
      131,02/11/2018,09:36,B,172.168.1.8
      283,02/11/2018,09:38,B,172.168.1.8
       11,02/11/2018,09:41,B,172.168.1.8
      207,02/11/2018,09:45,B,172.168.1.8
       14,02/11/2018,09:45,B,172.168.1.8
      128,02/11/2018,09:47,B,172.168.1.8
      123,02/11/2018,09:47,B,172.168.1.8
      290,02/11/2018,09:51,B,172.168.1.8
      127,02/11/2018,09:52,B,172.168.1.8
       62,02/11/2018,09:56,B,172.168.1.8
       29,02/11/2018,09:57,B,172.168.1.8
      101,02/11/2018,09:58,B,172.168.1.8
      311,02/11/2018,09:59,B,172.168.1.8
      256,02/11/2018,10:00,B,172.168.1.8
      109,02/11/2018,10:00,B,172.168.1.8
      214,02/11/2018,10:00,B,172.168.1.8
      289,02/11/2018,10:01,B,172.168.1.8
      258,02/11/2018,10:02,B,172.168.1.8
       21,02/11/2018,10:04,B,172.168.1.8
       35,02/11/2018,10:06,B,172.168.1.8
        1,02/11/2018,10:06,B,172.168.1.8
      203,02/11/2018,10:07,B,172.168.1.8
      310,02/11/2018,10:07,B,172.168.1.8
       17,02/11/2018,10:09,B,172.168.1.8
      114,02/11/2018,10:09,B,172.168.1.8
      253,02/11/2018,10:10,B,172.168.1.8
      295,02/11/2018,10:12,B,172.168.1.8
      216,02/11/2018,10:16,B,172.168.1.8
      261,02/11/2018,10:16,B,172.168.1.8
        5,02/11/2018,10:17,B,172.168.1.8
       10,02/11/2018,10:17,B,172.168.1.8
      116,02/11/2018,10:17,B,172.168.1.8
       24,02/11/2018,10:17,B,172.168.1.8
      106,02/11/2018,10:17,B,172.168.1.8
      117,02/11/2018,10:19,B,172.168.1.8
       26,02/11/2018,10:19,B,172.168.1.8
      271,02/11/2018,10:19,B,172.168.1.8
      213,02/11/2018,10:21,B,172.168.1.8
      293,02/11/2018,10:23,B,172.168.1.8
      129,02/11/2018,10:26,B,172.168.1.8
      309,02/11/2018,10:28,B,172.168.1.8
       22,02/11/2018,10:30,B,172.168.1.8
      254,02/11/2018,10:30,B,172.168.1.8
       28,02/11/2018,10:33,B,172.168.1.8
      118,02/11/2018,10:37,B,172.168.1.8
        9,02/11/2018,10:37,B,172.168.1.8
       36,02/11/2018,10:44,B,172.168.1.8
      206,02/11/2018,10:47,B,172.168.1.8
       42,02/11/2018,11:12,B,172.168.1.8
       40,02/11/2018,11:12,B,172.168.1.8
      251,02/11/2018,11:15,B,172.168.1.8
        6,02/11/2018,11:17,B,172.168.1.8
      208,02/11/2018,11:18,B,172.168.1.8
       19,02/11/2018,11:22,B,172.168.1.8
        8,02/11/2018,11:46,B,172.168.1.8
      215,02/11/2018,11:48,B,172.168.1.8
      215,02/11/2018,11:49,B,172.168.1.8
      305,02/11/2018,11:54,B,172.168.1.8
       27,02/11/2018,12:00,B,172.168.1.8
       30,02/11/2018,12:10,B,172.168.1.8
      209,02/11/2018,12:26,B,172.168.1.8
      205,02/11/2018,12:41,B,172.168.1.8
      205,02/11/2018,12:42,B,172.168.1.8
      205,02/11/2018,12:42,B,172.168.1.8
      128,02/11/2018,13:02,B,172.168.1.8
      211,02/11/2018,13:15,B,172.168.1.8
      210,02/11/2018,13:16,B,172.168.1.8
      202,02/11/2018,13:31,B,172.168.1.8
      204,02/11/2018,13:34,B,172.168.1.8
      204,02/11/2018,13:35,B,172.168.1.8
      254,02/11/2018,13:51,B,172.168.1.8
      131,02/11/2018,14:29,B,172.168.1.8
      258,02/11/2018,14:29,B,172.168.1.8
      201,02/11/2018,14:32,B,172.168.1.8
      203,02/11/2018,14:32,B,172.168.1.8
      208,02/11/2018,14:38,B,172.168.1.8
      206,02/11/2018,14:38,B,172.168.1.8
      207,02/11/2018,14:45,B,172.168.1.8
      213,02/11/2018,14:46,B,172.168.1.8
      207,02/11/2018,14:46,B,172.168.1.8
      212,02/11/2018,14:47,B,172.168.1.8
      216,02/11/2018,14:49,B,172.168.1.8
      214,02/11/2018,15:01,B,172.168.1.8
      305,02/11/2018,15:06,B,172.168.1.8
      262,02/11/2018,15:36,B,172.168.1.8
       29,02/11/2018,15:41,B,172.168.1.8
      110,02/11/2018,15:49,B,172.168.1.8
      110,02/11/2018,15:49,B,172.168.1.8
       23,02/11/2018,15:53,B,172.168.1.8
      303,02/11/2018,15:56,B,172.168.1.8
       21,02/11/2018,15:59,B,172.168.1.8
        9,02/11/2018,15:59,B,172.168.1.8
       21,02/11/2018,15:59,B,172.168.1.8
       18,02/11/2018,16:00,B,172.168.1.8
        5,02/11/2018,16:03,B,172.168.1.8
       24,02/11/2018,16:04,B,172.168.1.8
        5,02/11/2018,16:04,B,172.168.1.8
       24,02/11/2018,16:05,B,172.168.1.8
        6,02/11/2018,16:07,B,172.168.1.8
      122,02/11/2018,16:10,B,172.168.1.8
       28,02/11/2018,16:13,B,172.168.1.8
      126,02/11/2018,16:23,B,172.168.1.8
      312,02/11/2018,16:27,B,172.168.1.8
       20,02/11/2018,16:40,B,172.168.1.8
       14,02/11/2018,16:44,B,172.168.1.8
      119,02/11/2018,16:44,B,172.168.1.8
        8,02/11/2018,16:47,B,172.168.1.8
       11,02/11/2018,16:57,B,172.168.1.8
      123,02/11/2018,17:03,B,172.168.1.8
       36,02/11/2018,17:09,B,172.168.1.8
       19,02/11/2018,17:10,B,172.168.1.8
       27,02/11/2018,17:10,B,172.168.1.8
       35,02/11/2018,17:12,B,172.168.1.8
       12,02/11/2018,17:12,B,172.168.1.8
       22,02/11/2018,17:12,B,172.168.1.8
      295,02/11/2018,17:13,B,172.168.1.8
       62,02/11/2018,17:13,B,172.168.1.8
       10,02/11/2018,17:16,B,172.168.1.8
      287,02/11/2018,17:17,B,172.168.1.8
      109,02/11/2018,17:17,B,172.168.1.8
      268,02/11/2018,17:17,B,172.168.1.8
      289,02/11/2018,17:18,B,172.168.1.8
      280,02/11/2018,17:18,B,172.168.1.8
      271,02/11/2018,17:19,B,172.168.1.8
      283,02/11/2018,17:20,B,172.168.1.8
      292,02/11/2018,17:20,B,172.168.1.8
      271,02/11/2018,17:20,B,172.168.1.8
      280,02/11/2018,17:21,B,172.168.1.8
      253,02/11/2018,17:22,B,172.168.1.8
      118,02/11/2018,17:23,B,172.168.1.8
       26,02/11/2018,17:24,B,172.168.1.8
      115,02/11/2018,17:25,B,172.168.1.8
      251,02/11/2018,17:26,B,172.168.1.8
      261,02/11/2018,17:29,B,172.168.1.8
      120,02/11/2018,17:29,B,172.168.1.8
      101,02/11/2018,17:32,B,172.168.1.8
      129,02/11/2018,17:33,B,172.168.1.8
      114,02/11/2018,17:34,B,172.168.1.8
       17,02/11/2018,17:37,B,172.168.1.8
      273,02/11/2018,17:42,B,172.168.1.8
      116,02/11/2018,17:48,B,172.168.1.8
      290,02/11/2018,17:51,B,172.168.1.8
      293,02/11/2018,17:52,B,172.168.1.8
       30,02/11/2018,17:54,B,172.168.1.8
      127,02/11/2018,17:55,B,172.168.1.8
      293,02/11/2018,17:56,B,172.168.1.8
      117,02/11/2018,17:59,B,172.168.1.8
      106,02/11/2018,17:59,B,172.168.1.8
      310,02/11/2018,17:59,B,172.168.1.8
      116,02/11/2018,18:01,B,172.168.1.8
      260,02/11/2018,18:05,B,172.168.1.8
      310,02/11/2018,18:05,B,172.168.1.8
        1,02/11/2018,18:12,B,172.168.1.8
      112,02/11/2018,18:17,B,172.168.1.8
      256,02/11/2018,19:00,B,172.168.1.8
      255,02/11/2018,20:03,B,172.168.1.8
      121,03/11/2018,06:52,B,172.168.1.8
      262,03/11/2018,07:00,B,172.168.1.8
      126,03/11/2018,07:42,B,172.168.1.8
      255,03/11/2018,07:58,B,172.168.1.8
      260,03/11/2018,08:17,B,172.168.1.8
      260,03/11/2018,08:17,B,172.168.1.8
      122,03/11/2018,08:29,B,172.168.1.8
       62,03/11/2018,08:36,B,172.168.1.8
      268,03/11/2018,08:38,B,172.168.1.8
      287,03/11/2018,08:40,B,172.168.1.8
      287,03/11/2018,08:40,B,172.168.1.8
      287,03/11/2018,08:41,B,172.168.1.8
      292,03/11/2018,08:41,B,172.168.1.8
      115,03/11/2018,08:44,B,172.168.1.8
      125,03/11/2018,08:47,B,172.168.1.8
       12,03/11/2018,08:52,B,172.168.1.8
      120,03/11/2018,08:52,B,172.168.1.8
      273,03/11/2018,09:00,B,172.168.1.8
      214,03/11/2018,09:02,B,172.168.1.8
       32,03/11/2018,09:17,B,172.168.1.8
      303,03/11/2018,09:17,B,172.168.1.8
      119,03/11/2018,09:38,B,172.168.1.8
      116,03/11/2018,09:44,B,172.168.1.8
      131,03/11/2018,09:50,B,172.168.1.8
      110,03/11/2018,09:51,B,172.168.1.8
      310,03/11/2018,09:57,B,172.168.1.8
      289,03/11/2018,09:57,B,172.168.1.8
      110,03/11/2018,09:58,B,172.168.1.8
      213,03/11/2018,09:59,B,172.168.1.8
       35,03/11/2018,10:00,B,172.168.1.8
      256,03/11/2018,10:06,B,172.168.1.8
      254,03/11/2018,10:08,B,172.168.1.8
       24,03/11/2018,10:12,B,172.168.1.8
      117,03/11/2018,10:13,B,172.168.1.8
       26,03/11/2018,10:15,B,172.168.1.8
      101,03/11/2018,10:16,B,172.168.1.8
      118,03/11/2018,10:22,B,172.168.1.8
      253,03/11/2018,10:27,B,172.168.1.8
      114,03/11/2018,10:28,B,172.168.1.8
       62,03/11/2018,10:32,B,172.168.1.8
      123,03/11/2018,10:32,B,172.168.1.8
      290,03/11/2018,10:32,B,172.168.1.8
      215,03/11/2018,10:33,B,172.168.1.8
      258,03/11/2018,10:35,B,172.168.1.8
      283,03/11/2018,10:36,B,172.168.1.8
      109,03/11/2018,10:36,B,172.168.1.8
       30,03/11/2018,10:38,B,172.168.1.8
      261,03/11/2018,10:46,B,172.168.1.8
       17,03/11/2018,10:49,B,172.168.1.8
      295,03/11/2018,10:51,B,172.168.1.8
      293,03/11/2018,10:51,B,172.168.1.8
        1,03/11/2018,10:54,B,172.168.1.8
      303,03/11/2018,10:56,B,172.168.1.8
      303,03/11/2018,10:56,B,172.168.1.8
      112,03/11/2018,10:56,B,172.168.1.8
      271,03/11/2018,10:56,B,172.168.1.8
      280,03/11/2018,11:01,B,172.168.1.8
      201,03/11/2018,11:10,B,172.168.1.8
      129,03/11/2018,11:10,B,172.168.1.8
        2,03/11/2018,11:13,B,172.168.1.8
        2,03/11/2018,11:13,B,172.168.1.8
      211,03/11/2018,11:21,B,172.168.1.8
      214,03/11/2018,11:24,B,172.168.1.8
      106,03/11/2018,11:35,B,172.168.1.8
      208,03/11/2018,11:37,B,172.168.1.8
      128,03/11/2018,12:03,B,172.168.1.8
        8,03/11/2018,12:04,B,172.168.1.8
      206,03/11/2018,12:09,B,172.168.1.8
      216,03/11/2018,12:09,B,172.168.1.8
      212,03/11/2018,12:10,B,172.168.1.8
      207,03/11/2018,12:10,B,172.168.1.8
      203,03/11/2018,12:15,B,172.168.1.8
      209,03/11/2018,12:19,B,172.168.1.8
      204,03/11/2018,12:19,B,172.168.1.8
      205,03/11/2018,12:24,B,172.168.1.8
      215,03/11/2018,12:37,B,172.168.1.8
      127,03/11/2018,12:46,B,172.168.1.8
        8,03/11/2018,13:08,B,172.168.1.8
       24,03/11/2018,13:19,B,172.168.1.8
       35,03/11/2018,13:45,B,172.168.1.8
      210,03/11/2018,13:52,B,172.168.1.8
      210,03/11/2018,13:52,B,172.168.1.8
      262,03/11/2018,13:57,B,172.168.1.8
      211,03/11/2018,13:59,B,172.168.1.8
      208,03/11/2018,14:00,B,172.168.1.8
      203,03/11/2018,14:05,B,172.168.1.8
      201,03/11/2018,14:05,B,172.168.1.8
      202,03/11/2018,14:05,B,172.168.1.8
      126,03/11/2018,14:06,B,172.168.1.8
      205,03/11/2018,14:07,B,172.168.1.8
      205,03/11/2018,14:08,B,172.168.1.8
      212,03/11/2018,14:21,B,172.168.1.8
      216,03/11/2018,14:22,B,172.168.1.8
      204,03/11/2018,14:22,B,172.168.1.8
      206,03/11/2018,14:22,B,172.168.1.8
      207,03/11/2018,14:22,B,172.168.1.8
      207,03/11/2018,14:22,B,172.168.1.8
      209,03/11/2018,14:27,B,172.168.1.8
      204,03/11/2018,14:27,B,172.168.1.8
      110,03/11/2018,14:30,B,172.168.1.8
      121,03/11/2018,14:49,B,172.168.1.8
        1,03/11/2018,15:05,B,172.168.1.8
      128,03/11/2018,15:20,B,172.168.1.8
      118,03/11/2018,15:34,B,172.168.1.8
      213,03/11/2018,15:36,B,172.168.1.8
       32,03/11/2018,15:39,B,172.168.1.8
        2,03/11/2018,15:39,B,172.168.1.8
       30,03/11/2018,15:40,B,172.168.1.8
      123,03/11/2018,15:43,B,172.168.1.8
      101,03/11/2018,15:46,B,172.168.1.8
      125,03/11/2018,15:46,B,172.168.1.8
      117,03/11/2018,15:48,B,172.168.1.8
      283,03/11/2018,15:48,B,172.168.1.8
      254,03/11/2018,15:49,B,172.168.1.8
      254,03/11/2018,15:55,B,172.168.1.8
      253,03/11/2018,16:01,B,172.168.1.8
      273,03/11/2018,16:01,B,172.168.1.8
      131,03/11/2018,16:04,B,172.168.1.8
      251,03/11/2018,16:06,B,172.168.1.8
      109,03/11/2018,16:08,B,172.168.1.8
      258,03/11/2018,16:09,B,172.168.1.8
      258,03/11/2018,16:10,B,172.168.1.8
      122,03/11/2018,16:13,B,172.168.1.8
      129,03/11/2018,16:14,B,172.168.1.8
      106,03/11/2018,16:19,B,172.168.1.8
       37,03/11/2018,16:22,B,172.168.1.8
      119,03/11/2018,16:22,B,172.168.1.8
      112,03/11/2018,16:26,B,172.168.1.8
      289,03/11/2018,16:43,B,172.168.1.8
      292,03/11/2018,16:43,B,172.168.1.8
      261,03/11/2018,16:43,B,172.168.1.8
      127,03/11/2018,16:44,B,172.168.1.8
      127,03/11/2018,16:45,B,172.168.1.8
      120,03/11/2018,16:45,B,172.168.1.8
      129,03/11/2018,16:48,B,172.168.1.8
      290,03/11/2018,16:56,B,172.168.1.8
      114,03/11/2018,16:56,B,172.168.1.8
      293,03/11/2018,17:03,B,172.168.1.8
       26,03/11/2018,17:37,B,172.168.1.8
       12,03/11/2018,17:42,B,172.168.1.8
      290,03/11/2018,17:53,B,172.168.1.8
      116,03/11/2018,17:53,B,172.168.1.8
      310,03/11/2018,17:54,B,172.168.1.8
      256,03/11/2018,18:43,B,172.168.1.8
      256,03/11/2018,19:06,B,172.168.1.8
      260,03/11/2018,21:00,B,172.168.1.8
      255,03/11/2018,21:00,B,172.168.1.8
      255,04/11/2018,09:56,B,172.168.1.8
      255,04/11/2018,17:35,B,172.168.1.8
      255,05/11/2018,09:47,B,172.168.1.8
      118,05/11/2018,09:48,B,172.168.1.8
      118,05/11/2018,17:33,B,172.168.1.8
      255,05/11/2018,20:07,B,172.168.1.8
      255,06/11/2018,10:02,B,172.168.1.8
      255,06/11/2018,19:46,B,172.168.1.8
      255,09/11/2018,09:58,B,172.168.1.8
      255,09/11/2018,19:58,B,172.168.1.8
      115,10/11/2018,09:00,B,172.168.1.8
      255,10/11/2018,10:15,B,172.168.1.8
      131,10/11/2018,10:36,B,172.168.1.8
      251,10/11/2018,11:01,B,172.168.1.8
      115,10/11/2018,14:47,B,172.168.1.8
      115,10/11/2018,14:49,B,172.168.1.8
      101,10/11/2018,14:49,B,172.168.1.8
      251,10/11/2018,14:49,B,172.168.1.8
      255,10/11/2018,20:00,B,172.168.1.8
      255,11/11/2018,10:02,B,172.168.1.8
      255,11/11/2018,17:18,B,172.168.1.8
      121,12/11/2018,06:49,B,172.168.1.8
      260,12/11/2018,08:17,B,172.168.1.8
      287,12/11/2018,08:27,B,172.168.1.8
      292,12/11/2018,08:44,B,172.168.1.8
      119,12/11/2018,08:44,B,172.168.1.8
      268,12/11/2018,08:47,B,172.168.1.8
      115,12/11/2018,08:48,B,172.168.1.8
      273,12/11/2018,08:54,B,172.168.1.8
      120,12/11/2018,08:58,B,172.168.1.8
      280,12/11/2018,09:06,B,172.168.1.8
       25,12/11/2018,09:08,B,172.168.1.8
      122,12/11/2018,09:16,B,172.168.1.8
      110,12/11/2018,09:19,B,172.168.1.8
      255,12/11/2018,09:35,B,172.168.1.8
      128,12/11/2018,09:58,B,172.168.1.8
      131,12/11/2018,10:01,B,172.168.1.8
      310,12/11/2018,10:01,B,172.168.1.8
      117,12/11/2018,10:04,B,172.168.1.8
      283,12/11/2018,10:04,B,172.168.1.8
      293,12/11/2018,10:04,B,172.168.1.8
      116,12/11/2018,10:18,B,172.168.1.8
      118,12/11/2018,10:19,B,172.168.1.8
      262,12/11/2018,10:21,B,172.168.1.8
      101,12/11/2018,10:27,B,172.168.1.8
      114,12/11/2018,10:28,B,172.168.1.8
      253,12/11/2018,10:31,B,172.168.1.8
      254,12/11/2018,10:31,B,172.168.1.8
      258,12/11/2018,10:31,B,172.168.1.8
      123,12/11/2018,10:31,B,172.168.1.8
      109,12/11/2018,10:41,B,172.168.1.8
      261,12/11/2018,10:43,B,172.168.1.8
      112,12/11/2018,10:46,B,172.168.1.8
      112,12/11/2018,10:47,B,172.168.1.8
      251,12/11/2018,10:50,B,172.168.1.8
      256,12/11/2018,10:53,B,172.168.1.8
      106,12/11/2018,11:04,B,172.168.1.8
       14,12/11/2018,11:26,B,172.168.1.8
        1,12/11/2018,13:13,B,172.168.1.8
      290,12/11/2018,14:11,B,172.168.1.8
        2,12/11/2018,14:23,B,172.168.1.8
      121,12/11/2018,14:55,B,172.168.1.8
      119,12/11/2018,16:44,B,172.168.1.8
       25,12/11/2018,16:57,B,172.168.1.8
      273,12/11/2018,16:59,B,172.168.1.8
      287,12/11/2018,17:02,B,172.168.1.8
      292,12/11/2018,17:02,B,172.168.1.8
      280,12/11/2018,17:03,B,172.168.1.8
      268,12/11/2018,17:03,B,172.168.1.8
      122,12/11/2018,17:03,B,172.168.1.8
      123,12/11/2018,17:03,B,172.168.1.8
      262,12/11/2018,17:04,B,172.168.1.8
      110,12/11/2018,17:05,B,172.168.1.8
      114,12/11/2018,17:08,B,172.168.1.8
      283,12/11/2018,17:09,B,172.168.1.8
        2,12/11/2018,17:09,B,172.168.1.8
      128,12/11/2018,17:10,B,172.168.1.8
      131,12/11/2018,17:15,B,172.168.1.8
      253,12/11/2018,17:15,B,172.168.1.8
      261,12/11/2018,17:17,B,172.168.1.8
      109,12/11/2018,17:17,B,172.168.1.8
      120,12/11/2018,17:18,B,172.168.1.8
      251,12/11/2018,17:20,B,172.168.1.8
      254,12/11/2018,17:20,B,172.168.1.8
      115,12/11/2018,17:20,B,172.168.1.8
      118,12/11/2018,17:20,B,172.168.1.8
      260,12/11/2018,17:21,B,172.168.1.8
        1,12/11/2018,17:27,B,172.168.1.8
      106,12/11/2018,17:28,B,172.168.1.8
      258,12/11/2018,17:30,B,172.168.1.8
      101,12/11/2018,17:30,B,172.168.1.8
      310,12/11/2018,17:34,B,172.168.1.8
      117,12/11/2018,17:34,B,172.168.1.8
      293,12/11/2018,17:34,B,172.168.1.8
      310,12/11/2018,17:35,B,172.168.1.8
      116,12/11/2018,17:35,B,172.168.1.8
      112,12/11/2018,17:35,B,172.168.1.8
      293,12/11/2018,17:36,B,172.168.1.8
      290,12/11/2018,17:42,B,172.168.1.8
      290,12/11/2018,17:47,B,172.168.1.8
      256,12/11/2018,18:00,B,172.168.1.8
      255,12/11/2018,19:59,B,172.168.1.8
      121,13/11/2018,06:52,B,172.168.1.8
      262,13/11/2018,07:36,B,172.168.1.8
      260,13/11/2018,08:39,B,172.168.1.8
      287,13/11/2018,08:40,B,172.168.1.8
      292,13/11/2018,08:40,B,172.168.1.8
      268,13/11/2018,08:48,B,172.168.1.8
      115,13/11/2018,08:48,B,172.168.1.8
      273,13/11/2018,09:14,B,172.168.1.8
      122,13/11/2018,09:19,B,172.168.1.8
      119,13/11/2018,09:25,B,172.168.1.8
       25,13/11/2018,09:27,B,172.168.1.8
      120,13/11/2018,09:33,B,172.168.1.8
      291,13/11/2018,09:36,B,172.168.1.8
      283,13/11/2018,09:37,B,172.168.1.8
      280,13/11/2018,09:37,B,172.168.1.8
      290,13/11/2018,09:37,B,172.168.1.8
      123,13/11/2018,09:40,B,172.168.1.8
      255,13/11/2018,09:44,B,172.168.1.8
      128,13/11/2018,09:44,B,172.168.1.8
      131,13/11/2018,09:48,B,172.168.1.8
      109,13/11/2018,09:51,B,172.168.1.8
      110,13/11/2018,09:51,B,172.168.1.8
      116,13/11/2018,09:59,B,172.168.1.8
      114,13/11/2018,09:59,B,172.168.1.8
      271,13/11/2018,10:08,B,172.168.1.8
      310,13/11/2018,10:09,B,172.168.1.8
      117,13/11/2018,10:09,B,172.168.1.8
      256,13/11/2018,10:10,B,172.168.1.8
      101,13/11/2018,10:11,B,172.168.1.8
      254,13/11/2018,10:18,B,172.168.1.8
      253,13/11/2018,10:20,B,172.168.1.8
      258,13/11/2018,10:22,B,172.168.1.8
      293,13/11/2018,10:25,B,172.168.1.8
      295,13/11/2018,10:26,B,172.168.1.8
      129,13/11/2018,10:28,B,172.168.1.8
        1,13/11/2018,10:32,B,172.168.1.8
      261,13/11/2018,10:34,B,172.168.1.8
      106,13/11/2018,10:44,B,172.168.1.8
      112,13/11/2018,10:51,B,172.168.1.8
      251,13/11/2018,11:03,B,172.168.1.8
      122,13/11/2018,11:16,B,172.168.1.8
      118,13/11/2018,11:38,B,172.168.1.8
      128,13/11/2018,13:38,B,172.168.1.8
      291,13/11/2018,14:14,B,172.168.1.8
      121,13/11/2018,14:46,B,172.168.1.8
      262,13/11/2018,15:04,B,172.168.1.8
      287,13/11/2018,16:45,B,172.168.1.8
      292,13/11/2018,16:45,B,172.168.1.8
      119,13/11/2018,16:47,B,172.168.1.8
      268,13/11/2018,16:49,B,172.168.1.8
      112,13/11/2018,16:51,B,172.168.1.8
       25,13/11/2018,16:58,B,172.168.1.8
      123,13/11/2018,17:07,B,172.168.1.8
      109,13/11/2018,17:14,B,172.168.1.8
      110,13/11/2018,17:14,B,172.168.1.8
      131,13/11/2018,17:17,B,172.168.1.8
      253,13/11/2018,17:20,B,172.168.1.8
      295,13/11/2018,17:22,B,172.168.1.8
      273,13/11/2018,17:25,B,172.168.1.8
        1,13/11/2018,17:26,B,172.168.1.8
       17,13/11/2018,17:28,B,172.168.1.8
       22,13/11/2018,17:28,B,172.168.1.8
      261,13/11/2018,17:29,B,172.168.1.8
      120,13/11/2018,17:30,B,172.168.1.8
      118,13/11/2018,17:32,B,172.168.1.8
      114,13/11/2018,17:32,B,172.168.1.8
      271,13/11/2018,17:33,B,172.168.1.8
      280,13/11/2018,17:33,B,172.168.1.8
      271,13/11/2018,17:34,B,172.168.1.8
      280,13/11/2018,17:34,B,172.168.1.8
      283,13/11/2018,17:34,B,172.168.1.8
      115,13/11/2018,17:34,B,172.168.1.8
      254,13/11/2018,17:34,B,172.168.1.8
      251,13/11/2018,17:35,B,172.168.1.8
      258,13/11/2018,17:35,B,172.168.1.8
      106,13/11/2018,17:35,B,172.168.1.8
      290,13/11/2018,17:36,B,172.168.1.8
      129,13/11/2018,17:36,B,172.168.1.8
      256,13/11/2018,17:40,B,172.168.1.8
      260,13/11/2018,17:40,B,172.168.1.8
      293,13/11/2018,17:40,B,172.168.1.8
      101,13/11/2018,17:42,B,172.168.1.8
      310,13/11/2018,17:48,B,172.168.1.8
      117,13/11/2018,17:51,B,172.168.1.8
      310,13/11/2018,17:51,B,172.168.1.8
      116,13/11/2018,17:51,B,172.168.1.8
       37,13/11/2018,17:58,B,172.168.1.8
      255,13/11/2018,18:00,B,172.168.1.8
      121,14/11/2018,06:46,B,172.168.1.8
      273,14/11/2018,07:52,B,172.168.1.8
      262,14/11/2018,07:53,B,172.168.1.8
      287,14/11/2018,08:25,B,172.168.1.8
      292,14/11/2018,08:32,B,172.168.1.8
      260,14/11/2018,08:40,B,172.168.1.8
      119,14/11/2018,08:45,B,172.168.1.8
      115,14/11/2018,08:47,B,172.168.1.8
      119,14/11/2018,08:48,B,172.168.1.8
      120,14/11/2018,08:59,B,172.168.1.8
      268,14/11/2018,09:00,B,172.168.1.8
      280,14/11/2018,09:16,B,172.168.1.8
       25,14/11/2018,09:22,B,172.168.1.8
      290,14/11/2018,09:24,B,172.168.1.8
       37,14/11/2018,09:31,B,172.168.1.8
      283,14/11/2018,09:35,B,172.168.1.8
      110,14/11/2018,09:44,B,172.168.1.8
      109,14/11/2018,09:54,B,172.168.1.8
      131,14/11/2018,09:54,B,172.168.1.8
      128,14/11/2018,10:02,B,172.168.1.8
      271,14/11/2018,10:03,B,172.168.1.8
      117,14/11/2018,10:03,B,172.168.1.8
      116,14/11/2018,10:04,B,172.168.1.8
      289,14/11/2018,10:08,B,172.168.1.8
      114,14/11/2018,10:09,B,172.168.1.8
      293,14/11/2018,10:14,B,172.168.1.8
      255,14/11/2018,10:16,B,172.168.1.8
      123,14/11/2018,10:16,B,172.168.1.8
      256,14/11/2018,10:18,B,172.168.1.8
      254,14/11/2018,10:18,B,172.168.1.8
      295,14/11/2018,10:25,B,172.168.1.8
      258,14/11/2018,10:25,B,172.168.1.8
      129,14/11/2018,10:28,B,172.168.1.8
      118,14/11/2018,10:29,B,172.168.1.8
      253,14/11/2018,10:34,B,172.168.1.8
      261,14/11/2018,10:40,B,172.168.1.8
      112,14/11/2018,11:03,B,172.168.1.8
      122,14/11/2018,11:11,B,172.168.1.8
       25,14/11/2018,13:14,B,172.168.1.8
      128,14/11/2018,14:24,B,172.168.1.8
      128,14/11/2018,14:24,B,172.168.1.8
      121,14/11/2018,14:57,B,172.168.1.8
      121,14/11/2018,14:58,B,172.168.1.8
      110,14/11/2018,15:53,B,172.168.1.8
      262,14/11/2018,16:24,B,172.168.1.8
      119,14/11/2018,16:44,B,172.168.1.8
      292,14/11/2018,16:53,B,172.168.1.8
      287,14/11/2018,16:53,B,172.168.1.8
      268,14/11/2018,16:53,B,172.168.1.8
      115,14/11/2018,16:54,B,172.168.1.8
      273,14/11/2018,17:01,B,172.168.1.8
      114,14/11/2018,17:12,B,172.168.1.8
      131,14/11/2018,17:15,B,172.168.1.8
      253,14/11/2018,17:15,B,172.168.1.8
      109,14/11/2018,17:15,B,172.168.1.8
      129,14/11/2018,17:15,B,172.168.1.8
      295,14/11/2018,17:15,B,172.168.1.8
      122,14/11/2018,17:16,B,172.168.1.8
      123,14/11/2018,17:16,B,172.168.1.8
      118,14/11/2018,17:17,B,172.168.1.8
      256,14/11/2018,17:20,B,172.168.1.8
      254,14/11/2018,17:20,B,172.168.1.8
      289,14/11/2018,17:20,B,172.168.1.8
      120,14/11/2018,17:20,B,172.168.1.8
      261,14/11/2018,17:20,B,172.168.1.8
      280,14/11/2018,17:20,B,172.168.1.8
      271,14/11/2018,17:21,B,172.168.1.8
      112,14/11/2018,17:21,B,172.168.1.8
      293,14/11/2018,17:22,B,172.168.1.8
      290,14/11/2018,17:22,B,172.168.1.8
      258,14/11/2018,17:30,B,172.168.1.8
      116,14/11/2018,17:30,B,172.168.1.8
      117,14/11/2018,17:31,B,172.168.1.8
      260,14/11/2018,17:38,B,172.168.1.8
      255,14/11/2018,20:38,B,172.168.1.8
      121,15/11/2018,06:58,B,172.168.1.8
      262,15/11/2018,07:42,B,172.168.1.8
      273,15/11/2018,07:42,B,172.168.1.8
      287,15/11/2018,08:01,B,172.168.1.8
      292,15/11/2018,08:18,B,172.168.1.8
      260,15/11/2018,08:24,B,172.168.1.8
      119,15/11/2018,08:44,B,172.168.1.8
      115,15/11/2018,08:49,B,172.168.1.8
      268,15/11/2018,08:56,B,172.168.1.8
      120,15/11/2018,08:56,B,172.168.1.8
       32,15/11/2018,08:58,B,172.168.1.8
       25,15/11/2018,09:05,B,172.168.1.8
      280,15/11/2018,09:14,B,172.168.1.8
      283,15/11/2018,09:34,B,172.168.1.8
      290,15/11/2018,09:37,B,172.168.1.8
      110,15/11/2018,09:39,B,172.168.1.8
      255,15/11/2018,09:41,B,172.168.1.8
      122,15/11/2018,09:42,B,172.168.1.8
      123,15/11/2018,09:42,B,172.168.1.8
      131,15/11/2018,09:54,B,172.168.1.8
      289,15/11/2018,09:55,B,172.168.1.8
      109,15/11/2018,09:56,B,172.168.1.8
      128,15/11/2018,09:57,B,172.168.1.8
      258,15/11/2018,10:03,B,172.168.1.8
      116,15/11/2018,10:03,B,172.168.1.8
      271,15/11/2018,10:04,B,172.168.1.8
      117,15/11/2018,10:05,B,172.168.1.8
      293,15/11/2018,10:08,B,172.168.1.8
      254,15/11/2018,10:09,B,172.168.1.8
      295,15/11/2018,10:10,B,172.168.1.8
      114,15/11/2018,10:10,B,172.168.1.8
      101,15/11/2018,10:23,B,172.168.1.8
      118,15/11/2018,10:26,B,172.168.1.8
      256,15/11/2018,10:28,B,172.168.1.8
      129,15/11/2018,10:31,B,172.168.1.8
      253,15/11/2018,10:46,B,172.168.1.8
      112,15/11/2018,10:57,B,172.168.1.8
      261,15/11/2018,11:01,B,172.168.1.8
      251,15/11/2018,11:02,B,172.168.1.8
      268,15/11/2018,13:06,B,172.168.1.8
      262,15/11/2018,13:29,B,172.168.1.8
      110,15/11/2018,13:37,B,172.168.1.8
      128,15/11/2018,14:48,B,172.168.1.8
      121,15/11/2018,15:00,B,172.168.1.8
      280,15/11/2018,15:17,B,172.168.1.8
       32,15/11/2018,16:12,B,172.168.1.8
      292,15/11/2018,16:26,B,172.168.1.8
      287,15/11/2018,16:28,B,172.168.1.8
      119,15/11/2018,16:39,B,172.168.1.8
       25,15/11/2018,17:00,B,172.168.1.8
       22,15/11/2018,17:04,B,172.168.1.8
      122,15/11/2018,17:06,B,172.168.1.8
      123,15/11/2018,17:11,B,172.168.1.8
      131,15/11/2018,17:15,B,172.168.1.8
      289,15/11/2018,17:15,B,172.168.1.8
      253,15/11/2018,17:15,B,172.168.1.8
      109,15/11/2018,17:15,B,172.168.1.8
      120,15/11/2018,17:16,B,172.168.1.8
      261,15/11/2018,17:16,B,172.168.1.8
      118,15/11/2018,17:22,B,172.168.1.8
      271,15/11/2018,17:23,B,172.168.1.8
      283,15/11/2018,17:23,B,172.168.1.8
      254,15/11/2018,17:23,B,172.168.1.8
      273,15/11/2018,17:24,B,172.168.1.8
      114,15/11/2018,17:24,B,172.168.1.8
      254,15/11/2018,17:25,B,172.168.1.8
      295,15/11/2018,17:27,B,172.168.1.8
      251,15/11/2018,17:29,B,172.168.1.8
      254,15/11/2018,17:29,B,172.168.1.8
      115,15/11/2018,17:30,B,172.168.1.8
      129,15/11/2018,17:30,B,172.168.1.8
      290,15/11/2018,17:30,B,172.168.1.8
      101,15/11/2018,17:30,B,172.168.1.8
      256,15/11/2018,17:32,B,172.168.1.8
      260,15/11/2018,17:33,B,172.168.1.8
      258,15/11/2018,17:33,B,172.168.1.8
      112,15/11/2018,17:34,B,172.168.1.8
      290,15/11/2018,17:34,B,172.168.1.8
      293,15/11/2018,17:35,B,172.168.1.8
      112,15/11/2018,17:35,B,172.168.1.8
      116,15/11/2018,17:36,B,172.168.1.8
      117,15/11/2018,17:41,B,172.168.1.8
      255,15/11/2018,20:04,B,172.168.1.8
      121,16/11/2018,06:59,B,172.168.1.8
      262,16/11/2018,07:18,B,172.168.1.8
      273,16/11/2018,07:43,B,172.168.1.8
      260,16/11/2018,08:16,B,172.168.1.8
      292,16/11/2018,08:16,B,172.168.1.8
      292,16/11/2018,08:17,B,172.168.1.8
      287,16/11/2018,08:17,B,172.168.1.8
      268,16/11/2018,08:31,B,172.168.1.8
      115,16/11/2018,08:48,B,172.168.1.8
      120,16/11/2018,08:55,B,172.168.1.8
      125,16/11/2018,09:17,B,172.168.1.8
      255,16/11/2018,09:18,B,172.168.1.8
      122,16/11/2018,09:19,B,172.168.1.8
       32,16/11/2018,09:20,B,172.168.1.8
      280,16/11/2018,09:28,B,172.168.1.8
      283,16/11/2018,09:34,B,172.168.1.8
      290,16/11/2018,09:41,B,172.168.1.8
      131,16/11/2018,09:55,B,172.168.1.8
      123,16/11/2018,09:55,B,172.168.1.8
      128,16/11/2018,09:56,B,172.168.1.8
      114,16/11/2018,09:58,B,172.168.1.8
      256,16/11/2018,09:58,B,172.168.1.8
      289,16/11/2018,10:01,B,172.168.1.8
      116,16/11/2018,10:05,B,172.168.1.8
      117,16/11/2018,10:08,B,172.168.1.8
      258,16/11/2018,10:08,B,172.168.1.8
      293,16/11/2018,10:09,B,172.168.1.8
       37,16/11/2018,10:11,B,172.168.1.8
      109,16/11/2018,10:16,B,172.168.1.8
      271,16/11/2018,10:18,B,172.168.1.8
      254,16/11/2018,10:23,B,172.168.1.8
      101,16/11/2018,10:26,B,172.168.1.8
      129,16/11/2018,10:26,B,172.168.1.8
      310,16/11/2018,10:26,B,172.168.1.8
      253,16/11/2018,10:28,B,172.168.1.8
      261,16/11/2018,10:46,B,172.168.1.8
      251,16/11/2018,11:11,B,172.168.1.8
      106,16/11/2018,11:16,B,172.168.1.8
      118,16/11/2018,11:21,B,172.168.1.8
      112,16/11/2018,11:31,B,172.168.1.8
      128,16/11/2018,11:36,B,172.168.1.8
       32,16/11/2018,13:35,B,172.168.1.8
      254,16/11/2018,13:39,B,172.168.1.8
      121,16/11/2018,14:59,B,172.168.1.8
      262,16/11/2018,15:31,B,172.168.1.8
      253,16/11/2018,16:03,B,172.168.1.8
      260,16/11/2018,16:26,B,172.168.1.8
      129,16/11/2018,16:30,B,172.168.1.8
      256,16/11/2018,17:00,B,172.168.1.8
      120,16/11/2018,17:00,B,172.168.1.8
      289,16/11/2018,17:01,B,172.168.1.8
      261,16/11/2018,17:01,B,172.168.1.8
      122,16/11/2018,17:02,B,172.168.1.8
      292,16/11/2018,17:08,B,172.168.1.8
      287,16/11/2018,17:08,B,172.168.1.8
      268,16/11/2018,17:08,B,172.168.1.8
      131,16/11/2018,17:15,B,172.168.1.8
      109,16/11/2018,17:15,B,172.168.1.8
      123,16/11/2018,17:18,B,172.168.1.8
      273,16/11/2018,17:18,B,172.168.1.8
      114,16/11/2018,17:19,B,172.168.1.8
      280,16/11/2018,17:22,B,172.168.1.8
      118,16/11/2018,17:24,B,172.168.1.8
      114,16/11/2018,17:24,B,172.168.1.8
      271,16/11/2018,17:25,B,172.168.1.8
      283,16/11/2018,17:25,B,172.168.1.8
      271,16/11/2018,17:25,B,172.168.1.8
      101,16/11/2018,17:31,B,172.168.1.8
      251,16/11/2018,17:31,B,172.168.1.8
      125,16/11/2018,17:38,B,172.168.1.8
      258,16/11/2018,17:38,B,172.168.1.8
      290,16/11/2018,17:42,B,172.168.1.8
      310,16/11/2018,17:52,B,172.168.1.8
      117,16/11/2018,17:53,B,172.168.1.8
      116,16/11/2018,17:53,B,172.168.1.8
       58,16/11/2018,17:55,B,172.168.1.8
      310,16/11/2018,17:55,B,172.168.1.8
      112,16/11/2018,17:57,B,172.168.1.8
      293,16/11/2018,17:57,B,172.168.1.8
      106,16/11/2018,17:58,B,172.168.1.8
      112,16/11/2018,17:58,B,172.168.1.8
      255,16/11/2018,19:54,B,172.168.1.8
      121,17/11/2018,06:49,B,172.168.1.8
      256,17/11/2018,07:56,B,172.168.1.8
      292,17/11/2018,08:10,B,172.168.1.8
      287,17/11/2018,08:10,B,172.168.1.8
      273,17/11/2018,08:12,B,172.168.1.8
      260,17/11/2018,08:49,B,172.168.1.8
      268,17/11/2018,08:52,B,172.168.1.8
      115,17/11/2018,08:54,B,172.168.1.8
      280,17/11/2018,08:58,B,172.168.1.8
      262,17/11/2018,08:59,B,172.168.1.8
      125,17/11/2018,09:00,B,172.168.1.8
      122,17/11/2018,09:19,B,172.168.1.8
      255,17/11/2018,09:34,B,172.168.1.8
      116,17/11/2018,09:35,B,172.168.1.8
      123,17/11/2018,09:47,B,172.168.1.8
      290,17/11/2018,09:47,B,172.168.1.8
      110,17/11/2018,09:49,B,172.168.1.8
      289,17/11/2018,09:54,B,172.168.1.8
      128,17/11/2018,09:57,B,172.168.1.8
      310,17/11/2018,10:02,B,172.168.1.8
      131,17/11/2018,10:02,B,172.168.1.8
      117,17/11/2018,10:02,B,172.168.1.8
      271,17/11/2018,10:04,B,172.168.1.8
      114,17/11/2018,10:05,B,172.168.1.8
      109,17/11/2018,10:15,B,172.168.1.8
      254,17/11/2018,10:20,B,172.168.1.8
      101,17/11/2018,10:21,B,172.168.1.8
      129,17/11/2018,10:27,B,172.168.1.8
      293,17/11/2018,10:35,B,172.168.1.8
      261,17/11/2018,10:36,B,172.168.1.8
      258,17/11/2018,10:37,B,172.168.1.8
      106,17/11/2018,10:57,B,172.168.1.8
       37,17/11/2018,11:05,B,172.168.1.8
      122,17/11/2018,15:04,B,172.168.1.8
      121,17/11/2018,15:20,B,172.168.1.8
      256,17/11/2018,16:10,B,172.168.1.8
      109,17/11/2018,16:11,B,172.168.1.8
      287,17/11/2018,16:16,B,172.168.1.8
      292,17/11/2018,16:34,B,172.168.1.8
      268,17/11/2018,16:39,B,172.168.1.8
      123,17/11/2018,17:02,B,172.168.1.8
      262,17/11/2018,17:04,B,172.168.1.8
      271,17/11/2018,17:05,B,172.168.1.8
      280,17/11/2018,17:05,B,172.168.1.8
      128,17/11/2018,17:06,B,172.168.1.8
      110,17/11/2018,17:07,B,172.168.1.8
      254,17/11/2018,17:07,B,172.168.1.8
      115,17/11/2018,17:07,B,172.168.1.8
      251,17/11/2018,17:08,B,172.168.1.8
      125,17/11/2018,17:12,B,172.168.1.8
      131,17/11/2018,17:15,B,172.168.1.8
      260,17/11/2018,17:16,B,172.168.1.8
      261,17/11/2018,17:17,B,172.168.1.8
      289,17/11/2018,17:17,B,172.168.1.8
      101,17/11/2018,17:18,B,172.168.1.8
      114,17/11/2018,17:18,B,172.168.1.8
      273,17/11/2018,17:19,B,172.168.1.8
      114,17/11/2018,17:20,B,172.168.1.8
      106,17/11/2018,17:31,B,172.168.1.8
      258,17/11/2018,17:31,B,172.168.1.8
      129,17/11/2018,17:32,B,172.168.1.8
      116,17/11/2018,17:32,B,172.168.1.8
      117,17/11/2018,17:33,B,172.168.1.8
      310,17/11/2018,17:33,B,172.168.1.8
      290,17/11/2018,17:33,B,172.168.1.8
      293,17/11/2018,17:35,B,172.168.1.8
      255,17/11/2018,20:04,B,172.168.1.8
      255,18/11/2018,09:44,B,172.168.1.8
      115,18/11/2018,10:09,B,172.168.1.8
      310,18/11/2018,10:43,B,172.168.1.8
      251,18/11/2018,11:15,B,172.168.1.8
      101,18/11/2018,15:36,B,172.168.1.8
      251,18/11/2018,15:36,B,172.168.1.8
      115,18/11/2018,15:37,B,172.168.1.8
      255,18/11/2018,17:08,B,172.168.1.8
      121,19/11/2018,06:57,B,172.168.1.8
      126,19/11/2018,07:19,B,172.168.1.8
      262,19/11/2018,07:36,B,172.168.1.8
      273,19/11/2018,07:50,B,172.168.1.8
      260,19/11/2018,08:12,B,172.168.1.8
      291,19/11/2018,08:21,B,172.168.1.8
      255,19/11/2018,08:25,B,172.168.1.8
      292,19/11/2018,08:26,B,172.168.1.8
      120,19/11/2018,08:53,B,172.168.1.8
      119,19/11/2018,08:58,B,172.168.1.8
       64,19/11/2018,08:58,B,172.168.1.8
      125,19/11/2018,09:04,B,172.168.1.8
      280,19/11/2018,09:05,B,172.168.1.8
      122,19/11/2018,09:20,B,172.168.1.8
       25,19/11/2018,09:26,B,172.168.1.8
      283,19/11/2018,09:30,B,172.168.1.8
      110,19/11/2018,09:36,B,172.168.1.8
      115,19/11/2018,09:46,B,172.168.1.8
      123,19/11/2018,09:47,B,172.168.1.8
      128,19/11/2018,09:51,B,172.168.1.8
      289,19/11/2018,09:59,B,172.168.1.8
      109,19/11/2018,10:01,B,172.168.1.8
      112,19/11/2018,10:02,B,172.168.1.8
      310,19/11/2018,10:04,B,172.168.1.8
      117,19/11/2018,10:09,B,172.168.1.8
      271,19/11/2018,10:09,B,172.168.1.8
      253,19/11/2018,10:15,B,172.168.1.8
      118,19/11/2018,10:17,B,172.168.1.8
      116,19/11/2018,10:18,B,172.168.1.8
      101,19/11/2018,10:18,B,172.168.1.8
      293,19/11/2018,10:19,B,172.168.1.8
      114,19/11/2018,10:20,B,172.168.1.8
      131,19/11/2018,10:28,B,172.168.1.8
      261,19/11/2018,10:41,B,172.168.1.8
      256,19/11/2018,10:42,B,172.168.1.8
      251,19/11/2018,10:55,B,172.168.1.8
       28,19/11/2018,11:15,B,172.168.1.8
      106,19/11/2018,11:33,B,172.168.1.8
      109,19/11/2018,11:35,B,172.168.1.8
      312,19/11/2018,11:52,B,172.168.1.8
       64,19/11/2018,12:13,B,172.168.1.8
      290,19/11/2018,13:02,B,172.168.1.8
       10,19/11/2018,13:52,B,172.168.1.8
      262,19/11/2018,14:08,B,172.168.1.8
      128,19/11/2018,14:36,B,172.168.1.8
      128,19/11/2018,14:36,B,172.168.1.8
      128,19/11/2018,14:36,B,172.168.1.8
       28,19/11/2018,14:58,B,172.168.1.8
      121,19/11/2018,15:08,B,172.168.1.8
      291,19/11/2018,15:21,B,172.168.1.8
      119,19/11/2018,16:36,B,172.168.1.8
      122,19/11/2018,16:37,B,172.168.1.8
      123,19/11/2018,16:38,B,172.168.1.8
       25,19/11/2018,17:00,B,172.168.1.8
      290,19/11/2018,17:01,B,172.168.1.8
      292,19/11/2018,17:01,B,172.168.1.8
      125,19/11/2018,17:04,B,172.168.1.8
       10,19/11/2018,17:07,B,172.168.1.8
        8,19/11/2018,17:07,B,172.168.1.8
      126,19/11/2018,17:08,B,172.168.1.8
      110,19/11/2018,17:10,B,172.168.1.8
      120,19/11/2018,17:16,B,172.168.1.8
      261,19/11/2018,17:16,B,172.168.1.8
      289,19/11/2018,17:16,B,172.168.1.8
      253,19/11/2018,17:16,B,172.168.1.8
      273,19/11/2018,17:17,B,172.168.1.8
      131,19/11/2018,17:17,B,172.168.1.8
      114,19/11/2018,17:18,B,172.168.1.8
      256,19/11/2018,17:18,B,172.168.1.8
      280,19/11/2018,17:24,B,172.168.1.8
      271,19/11/2018,17:24,B,172.168.1.8
      271,19/11/2018,17:25,B,172.168.1.8
      260,19/11/2018,17:25,B,172.168.1.8
      283,19/11/2018,17:25,B,172.168.1.8
      293,19/11/2018,17:47,B,172.168.1.8
      112,19/11/2018,17:55,B,172.168.1.8
      118,19/11/2018,17:57,B,172.168.1.8
      106,19/11/2018,18:00,B,172.168.1.8
      116,19/11/2018,18:00,B,172.168.1.8
      117,19/11/2018,18:01,B,172.168.1.8
      310,19/11/2018,18:01,B,172.168.1.8
      101,19/11/2018,18:23,B,172.168.1.8
      115,19/11/2018,18:23,B,172.168.1.8
      251,19/11/2018,18:23,B,172.168.1.8
      255,19/11/2018,20:11,B,172.168.1.8
      121,20/11/2018,06:53,B,172.168.1.8
      126,20/11/2018,07:53,B,172.168.1.8
      255,20/11/2018,07:55,B,172.168.1.8
      260,20/11/2018,08:11,B,172.168.1.8
      273,20/11/2018,08:17,B,172.168.1.8
      292,20/11/2018,08:20,B,172.168.1.8
      119,20/11/2018,08:43,B,172.168.1.8
      115,20/11/2018,08:50,B,172.168.1.8
      268,20/11/2018,08:50,B,172.168.1.8
      262,20/11/2018,08:53,B,172.168.1.8
      120,20/11/2018,08:53,B,172.168.1.8
      125,20/11/2018,09:03,B,172.168.1.8
       64,20/11/2018,09:10,B,172.168.1.8
      280,20/11/2018,09:14,B,172.168.1.8
      122,20/11/2018,09:23,B,172.168.1.8
       25,20/11/2018,09:26,B,172.168.1.8
      116,20/11/2018,09:30,B,172.168.1.8
      290,20/11/2018,09:35,B,172.168.1.8
      110,20/11/2018,09:42,B,172.168.1.8
      123,20/11/2018,09:42,B,172.168.1.8
      283,20/11/2018,09:46,B,172.168.1.8
      128,20/11/2018,09:54,B,172.168.1.8
      289,20/11/2018,10:00,B,172.168.1.8
      101,20/11/2018,10:07,B,172.168.1.8
      310,20/11/2018,10:09,B,172.168.1.8
      109,20/11/2018,10:10,B,172.168.1.8
      256,20/11/2018,10:11,B,172.168.1.8
      118,20/11/2018,10:12,B,172.168.1.8
      112,20/11/2018,10:14,B,172.168.1.8
      114,20/11/2018,10:15,B,172.168.1.8
      256,20/11/2018,10:16,B,172.168.1.8
      117,20/11/2018,10:16,B,172.168.1.8
      254,20/11/2018,10:19,B,172.168.1.8
      261,20/11/2018,10:30,B,172.168.1.8
       14,20/11/2018,10:30,B,172.168.1.8
      258,20/11/2018,10:32,B,172.168.1.8
      253,20/11/2018,10:36,B,172.168.1.8
      293,20/11/2018,10:36,B,172.168.1.8
      106,20/11/2018,10:39,B,172.168.1.8
      251,20/11/2018,11:07,B,172.168.1.8
      128,20/11/2018,11:23,B,172.168.1.8
      122,20/11/2018,11:43,B,172.168.1.8
       17,20/11/2018,11:45,B,172.168.1.8
       27,20/11/2018,11:53,B,172.168.1.8
        2,20/11/2018,11:59,B,172.168.1.8
       64,20/11/2018,12:13,B,172.168.1.8
      127,20/11/2018,13:33,B,172.168.1.8
      121,20/11/2018,14:57,B,172.168.1.8
      121,20/11/2018,14:58,B,172.168.1.8
      116,20/11/2018,16:23,B,172.168.1.8
       27,20/11/2018,16:28,B,172.168.1.8
       27,20/11/2018,16:28,B,172.168.1.8
      119,20/11/2018,16:31,B,172.168.1.8
      125,20/11/2018,16:33,B,172.168.1.8
      292,20/11/2018,16:44,B,172.168.1.8
      268,20/11/2018,16:44,B,172.168.1.8
      262,20/11/2018,16:53,B,172.168.1.8
      256,20/11/2018,16:54,B,172.168.1.8
      123,20/11/2018,16:56,B,172.168.1.8
      115,20/11/2018,17:00,B,172.168.1.8
      254,20/11/2018,17:00,B,172.168.1.8
      251,20/11/2018,17:00,B,172.168.1.8
      126,20/11/2018,17:00,B,172.168.1.8
       25,20/11/2018,17:00,B,172.168.1.8
      101,20/11/2018,17:00,B,172.168.1.8
      253,20/11/2018,17:04,B,172.168.1.8
      110,20/11/2018,17:05,B,172.168.1.8
      109,20/11/2018,17:05,B,172.168.1.8
      280,20/11/2018,17:06,B,172.168.1.8
      283,20/11/2018,17:06,B,172.168.1.8
      118,20/11/2018,17:06,B,172.168.1.8
      273,20/11/2018,17:07,B,172.168.1.8
      260,20/11/2018,17:11,B,172.168.1.8
      120,20/11/2018,17:11,B,172.168.1.8
      114,20/11/2018,17:13,B,172.168.1.8
      114,20/11/2018,17:15,B,172.168.1.8
      289,20/11/2018,17:16,B,172.168.1.8
      261,20/11/2018,17:16,B,172.168.1.8
      127,20/11/2018,17:25,B,172.168.1.8
       14,20/11/2018,17:29,B,172.168.1.8
      290,20/11/2018,17:30,B,172.168.1.8
        2,20/11/2018,17:33,B,172.168.1.8
       17,20/11/2018,17:33,B,172.168.1.8
       58,20/11/2018,17:47,B,172.168.1.8
      310,20/11/2018,17:47,B,172.168.1.8
      112,20/11/2018,17:47,B,172.168.1.8
      293,20/11/2018,17:47,B,172.168.1.8
      293,20/11/2018,17:47,B,172.168.1.8
      258,20/11/2018,17:48,B,172.168.1.8
      106,20/11/2018,17:50,B,172.168.1.8
      255,20/11/2018,20:11,B,172.168.1.8
      126,21/11/2018,08:37,B,172.168.1.8
      115,21/11/2018,10:11,B,172.168.1.8
      101,21/11/2018,10:29,B,172.168.1.8
      101,21/11/2018,10:50,B,172.168.1.8
      251,21/11/2018,11:04,B,172.168.1.8
      101,21/11/2018,15:43,B,172.168.1.8
      115,21/11/2018,15:45,B,172.168.1.8
      251,21/11/2018,15:45,B,172.168.1.8
      126,21/11/2018,17:15,B,172.168.1.8
      126,21/11/2018,17:30,B,172.168.1.8
      121,22/11/2018,06:51,B,172.168.1.8
      126,22/11/2018,07:52,B,172.168.1.8
      273,22/11/2018,08:04,B,172.168.1.8
      292,22/11/2018,08:16,B,172.168.1.8
      119,22/11/2018,08:49,B,172.168.1.8
      268,22/11/2018,08:50,B,172.168.1.8
      115,22/11/2018,08:52,B,172.168.1.8
      260,22/11/2018,08:52,B,172.168.1.8
      120,22/11/2018,08:56,B,172.168.1.8
      287,22/11/2018,09:05,B,172.168.1.8
      280,22/11/2018,09:14,B,172.168.1.8
      125,22/11/2018,09:25,B,172.168.1.8
       25,22/11/2018,09:26,B,172.168.1.8
       32,22/11/2018,09:32,B,172.168.1.8
      123,22/11/2018,09:37,B,172.168.1.8
      110,22/11/2018,09:39,B,172.168.1.8
      283,22/11/2018,09:50,B,172.168.1.8
      290,22/11/2018,09:50,B,172.168.1.8
      116,22/11/2018,09:52,B,172.168.1.8
      112,22/11/2018,09:55,B,172.168.1.8
      118,22/11/2018,09:59,B,172.168.1.8
      310,22/11/2018,09:59,B,172.168.1.8
      289,22/11/2018,10:01,B,172.168.1.8
      117,22/11/2018,10:07,B,172.168.1.8
      127,22/11/2018,10:14,B,172.168.1.8
      271,22/11/2018,10:17,B,172.168.1.8
      256,22/11/2018,10:18,B,172.168.1.8
      129,22/11/2018,10:26,B,172.168.1.8
      293,22/11/2018,10:26,B,172.168.1.8
      253,22/11/2018,10:26,B,172.168.1.8
      109,22/11/2018,10:42,B,172.168.1.8
      261,22/11/2018,10:45,B,172.168.1.8
      114,22/11/2018,10:46,B,172.168.1.8
      201,22/11/2018,10:46,B,172.168.1.8
      312,22/11/2018,10:56,B,172.168.1.8
      118,22/11/2018,10:56,B,172.168.1.8
      251,22/11/2018,10:59,B,172.168.1.8
       27,22/11/2018,11:51,B,172.168.1.8
      258,22/11/2018,12:40,B,172.168.1.8
      201,22/11/2018,13:05,B,172.168.1.8
      121,22/11/2018,15:03,B,172.168.1.8
       27,22/11/2018,15:15,B,172.168.1.8
      256,22/11/2018,16:00,B,172.168.1.8
       32,22/11/2018,16:19,B,172.168.1.8
      119,22/11/2018,16:40,B,172.168.1.8
      292,22/11/2018,16:40,B,172.168.1.8
       25,22/11/2018,17:00,B,172.168.1.8
      273,22/11/2018,17:01,B,172.168.1.8
      125,22/11/2018,17:04,B,172.168.1.8
      123,22/11/2018,17:11,B,172.168.1.8
      110,22/11/2018,17:12,B,172.168.1.8
      287,22/11/2018,17:17,B,172.168.1.8
      268,22/11/2018,17:17,B,172.168.1.8
      253,22/11/2018,17:18,B,172.168.1.8
      253,22/11/2018,17:18,B,172.168.1.8
      109,22/11/2018,17:19,B,172.168.1.8
       14,22/11/2018,17:21,B,172.168.1.8
        2,22/11/2018,17:21,B,172.168.1.8
      289,22/11/2018,17:22,B,172.168.1.8
      312,22/11/2018,17:23,B,172.168.1.8
      261,22/11/2018,17:24,B,172.168.1.8
      120,22/11/2018,17:24,B,172.168.1.8
      271,22/11/2018,17:26,B,172.168.1.8
      118,22/11/2018,17:26,B,172.168.1.8
      280,22/11/2018,17:26,B,172.168.1.8
      127,22/11/2018,17:30,B,172.168.1.8
      127,22/11/2018,17:30,B,172.168.1.8
      114,22/11/2018,17:30,B,172.168.1.8
      260,22/11/2018,17:34,B,172.168.1.8
      290,22/11/2018,17:49,B,172.168.1.8
      258,22/11/2018,17:50,B,172.168.1.8
      283,22/11/2018,17:52,B,172.168.1.8
      293,22/11/2018,17:54,B,172.168.1.8
      293,22/11/2018,17:55,B,172.168.1.8
      251,22/11/2018,17:59,B,172.168.1.8
      101,22/11/2018,17:59,B,172.168.1.8
      115,22/11/2018,18:00,B,172.168.1.8
      251,22/11/2018,18:00,B,172.168.1.8
      101,22/11/2018,18:00,B,172.168.1.8
      117,22/11/2018,18:02,B,172.168.1.8
      116,22/11/2018,18:02,B,172.168.1.8
      112,22/11/2018,18:02,B,172.168.1.8
      112,22/11/2018,18:04,B,172.168.1.8
      129,22/11/2018,18:13,B,172.168.1.8
      310,22/11/2018,18:13,B,172.168.1.8
      126,22/11/2018,20:30,B,172.168.1.8
      126,23/11/2018,08:48,B,172.168.1.8
      256,23/11/2018,10:57,B,172.168.1.8
      256,23/11/2018,17:11,B,172.168.1.8
      126,23/11/2018,20:45,B,172.168.1.8
      126,24/11/2018,07:49,B,172.168.1.8
      292,24/11/2018,07:49,B,172.168.1.8
      119,24/11/2018,07:49,B,172.168.1.8
      291,24/11/2018,07:50,B,172.168.1.8
      273,24/11/2018,07:55,B,172.168.1.8
      209,24/11/2018,07:56,B,172.168.1.8
      204,24/11/2018,07:56,B,172.168.1.8
      206,24/11/2018,08:08,B,172.168.1.8
      210,24/11/2018,08:20,B,172.168.1.8
      212,24/11/2018,08:21,B,172.168.1.8
      211,24/11/2018,08:46,B,172.168.1.8
      268,24/11/2018,08:46,B,172.168.1.8
      260,24/11/2018,08:46,B,172.168.1.8
      214,24/11/2018,08:51,B,172.168.1.8
      262,24/11/2018,08:52,B,172.168.1.8
      208,24/11/2018,08:53,B,172.168.1.8
      280,24/11/2018,08:54,B,172.168.1.8
      205,24/11/2018,08:55,B,172.168.1.8
      287,24/11/2018,08:57,B,172.168.1.8
      203,24/11/2018,09:01,B,172.168.1.8
      207,24/11/2018,09:09,B,172.168.1.8
       25,24/11/2018,09:23,B,172.168.1.8
      255,24/11/2018,09:30,B,172.168.1.8
      110,24/11/2018,09:36,B,172.168.1.8
      215,24/11/2018,09:40,B,172.168.1.8
       32,24/11/2018,09:46,B,172.168.1.8
      112,24/11/2018,09:47,B,172.168.1.8
      289,24/11/2018,09:50,B,172.168.1.8
      116,24/11/2018,09:51,B,172.168.1.8
      114,24/11/2018,09:53,B,172.168.1.8
      256,24/11/2018,09:54,B,172.168.1.8
      201,24/11/2018,09:58,B,172.168.1.8
      125,24/11/2018,10:06,B,172.168.1.8
      117,24/11/2018,10:06,B,172.168.1.8
      283,24/11/2018,10:06,B,172.168.1.8
      258,24/11/2018,10:11,B,172.168.1.8
      206,24/11/2018,10:24,B,172.168.1.8
      204,24/11/2018,10:24,B,172.168.1.8
      209,24/11/2018,10:24,B,172.168.1.8
      209,24/11/2018,10:24,B,172.168.1.8
      115,24/11/2018,10:24,B,172.168.1.8
      204,24/11/2018,10:25,B,172.168.1.8
      293,24/11/2018,10:34,B,172.168.1.8
      101,24/11/2018,10:48,B,172.168.1.8
      212,24/11/2018,10:50,B,172.168.1.8
      310,24/11/2018,10:54,B,172.168.1.8
      203,24/11/2018,11:03,B,172.168.1.8
      251,24/11/2018,11:04,B,172.168.1.8
      210,24/11/2018,11:09,B,172.168.1.8
       14,24/11/2018,11:09,B,172.168.1.8
      211,24/11/2018,11:16,B,172.168.1.8
      208,24/11/2018,11:24,B,172.168.1.8
      205,24/11/2018,11:34,B,172.168.1.8
      205,24/11/2018,11:35,B,172.168.1.8
      205,24/11/2018,11:35,B,172.168.1.8
        8,24/11/2018,11:41,B,172.168.1.8
        2,24/11/2018,11:43,B,172.168.1.8
      214,24/11/2018,12:03,B,172.168.1.8
      215,24/11/2018,12:17,B,172.168.1.8
      215,24/11/2018,12:17,B,172.168.1.8
      201,24/11/2018,12:36,B,172.168.1.8
      291,24/11/2018,13:02,B,172.168.1.8
      290,24/11/2018,13:12,B,172.168.1.8
       32,24/11/2018,13:22,B,172.168.1.8
        8,24/11/2018,14:17,B,172.168.1.8
      112,24/11/2018,15:28,B,172.168.1.8
      273,24/11/2018,15:37,B,172.168.1.8
      289,24/11/2018,15:54,B,172.168.1.8
      110,24/11/2018,15:54,B,172.168.1.8
      125,24/11/2018,15:56,B,172.168.1.8
      255,24/11/2018,15:58,B,172.168.1.8
      101,24/11/2018,16:22,B,172.168.1.8
      115,24/11/2018,16:24,B,172.168.1.8
      101,24/11/2018,16:24,B,172.168.1.8
      251,24/11/2018,16:24,B,172.168.1.8
      262,24/11/2018,16:25,B,172.168.1.8
      287,24/11/2018,16:25,B,172.168.1.8
      260,24/11/2018,16:26,B,172.168.1.8
      119,24/11/2018,16:27,B,172.168.1.8
      268,24/11/2018,16:28,B,172.168.1.8
       25,24/11/2018,16:47,B,172.168.1.8
      287,24/11/2018,16:48,B,172.168.1.8
      280,24/11/2018,16:48,B,172.168.1.8
      256,24/11/2018,16:49,B,172.168.1.8
      292,24/11/2018,16:49,B,172.168.1.8
      268,24/11/2018,16:49,B,172.168.1.8
      283,24/11/2018,16:49,B,172.168.1.8
      293,24/11/2018,17:00,B,172.168.1.8
      114,24/11/2018,17:05,B,172.168.1.8
        2,24/11/2018,17:09,B,172.168.1.8
       14,24/11/2018,17:09,B,172.168.1.8
      116,24/11/2018,17:30,B,172.168.1.8
      117,24/11/2018,17:32,B,172.168.1.8
      116,24/11/2018,17:32,B,172.168.1.8
      290,24/11/2018,17:54,B,172.168.1.8
      258,24/11/2018,17:57,B,172.168.1.8
      310,24/11/2018,17:57,B,172.168.1.8
      126,24/11/2018,20:07,B,172.168.1.8
      126,25/11/2018,09:16,B,172.168.1.8
      126,25/11/2018,16:46,B,172.168.1.8
      121,26/11/2018,06:58,B,172.168.1.8
      126,26/11/2018,07:33,B,172.168.1.8
       63,26/11/2018,07:34,B,172.168.1.8
      292,26/11/2018,07:37,B,172.168.1.8
      207,26/11/2018,07:53,B,172.168.1.8
      273,26/11/2018,07:54,B,172.168.1.8
      291,26/11/2018,07:55,B,172.168.1.8
      255,26/11/2018,07:55,B,172.168.1.8
      215,26/11/2018,07:57,B,172.168.1.8
      211,26/11/2018,08:07,B,172.168.1.8
      287,26/11/2018,08:08,B,172.168.1.8
      216,26/11/2018,08:08,B,172.168.1.8
      210,26/11/2018,08:15,B,172.168.1.8
      208,26/11/2018,08:17,B,172.168.1.8
      202,26/11/2018,08:18,B,172.168.1.8
      260,26/11/2018,08:24,B,172.168.1.8
      214,26/11/2018,08:26,B,172.168.1.8
      212,26/11/2018,08:38,B,172.168.1.8
       23,26/11/2018,08:45,B,172.168.1.8
      112,26/11/2018,08:46,B,172.168.1.8
      262,26/11/2018,08:46,B,172.168.1.8
      115,26/11/2018,08:52,B,172.168.1.8
       36,26/11/2018,08:52,B,172.168.1.8
      115,26/11/2018,08:53,B,172.168.1.8
      204,26/11/2018,08:56,B,172.168.1.8
      268,26/11/2018,08:57,B,172.168.1.8
       32,26/11/2018,09:00,B,172.168.1.8
      209,26/11/2018,09:01,B,172.168.1.8
      312,26/11/2018,09:05,B,172.168.1.8
       20,26/11/2018,09:09,B,172.168.1.8
       25,26/11/2018,09:16,B,172.168.1.8
      125,26/11/2018,09:19,B,172.168.1.8
       12,26/11/2018,09:22,B,172.168.1.8
      123,26/11/2018,09:22,B,172.168.1.8
      283,26/11/2018,09:26,B,172.168.1.8
      280,26/11/2018,09:26,B,172.168.1.8
      303,26/11/2018,09:26,B,172.168.1.8
       21,26/11/2018,09:36,B,172.168.1.8
        8,26/11/2018,09:37,B,172.168.1.8
       14,26/11/2018,09:40,B,172.168.1.8
      110,26/11/2018,09:40,B,172.168.1.8
      116,26/11/2018,09:40,B,172.168.1.8
      127,26/11/2018,09:40,B,172.168.1.8
       26,26/11/2018,09:43,B,172.168.1.8
      290,26/11/2018,09:45,B,172.168.1.8
      122,26/11/2018,09:45,B,172.168.1.8
       24,26/11/2018,09:46,B,172.168.1.8
      206,26/11/2018,09:52,B,172.168.1.8
      131,26/11/2018,09:53,B,172.168.1.8
        5,26/11/2018,09:53,B,172.168.1.8
       10,26/11/2018,09:53,B,172.168.1.8
      253,26/11/2018,09:53,B,172.168.1.8
       22,26/11/2018,09:55,B,172.168.1.8
       37,26/11/2018,09:55,B,172.168.1.8
       27,26/11/2018,09:57,B,172.168.1.8
      256,26/11/2018,09:58,B,172.168.1.8
      128,26/11/2018,10:01,B,172.168.1.8
      258,26/11/2018,10:02,B,172.168.1.8
      310,26/11/2018,10:02,B,172.168.1.8
       14,26/11/2018,10:02,B,172.168.1.8
      109,26/11/2018,10:03,B,172.168.1.8
      201,26/11/2018,10:05,B,172.168.1.8
      289,26/11/2018,10:06,B,172.168.1.8
      106,26/11/2018,10:06,B,172.168.1.8
      293,26/11/2018,10:08,B,172.168.1.8
      271,26/11/2018,10:08,B,172.168.1.8
      118,26/11/2018,10:16,B,172.168.1.8
      305,26/11/2018,10:18,B,172.168.1.8
      305,26/11/2018,10:18,B,172.168.1.8
      101,26/11/2018,10:19,B,172.168.1.8
      129,26/11/2018,10:20,B,172.168.1.8
       62,26/11/2018,10:20,B,172.168.1.8
      309,26/11/2018,10:24,B,172.168.1.8
       28,26/11/2018,10:25,B,172.168.1.8
       35,26/11/2018,10:28,B,172.168.1.8
       11,26/11/2018,10:28,B,172.168.1.8
        6,26/11/2018,10:33,B,172.168.1.8
       16,26/11/2018,10:37,B,172.168.1.8
       17,26/11/2018,10:39,B,172.168.1.8
      251,26/11/2018,10:40,B,172.168.1.8
       18,26/11/2018,10:45,B,172.168.1.8
        9,26/11/2018,10:50,B,172.168.1.8
       19,26/11/2018,11:17,B,172.168.1.8
       30,26/11/2018,11:32,B,172.168.1.8
        2,26/11/2018,11:58,B,172.168.1.8
      215,26/11/2018,13:02,B,172.168.1.8
      262,26/11/2018,13:13,B,172.168.1.8
      207,26/11/2018,13:17,B,172.168.1.8
      212,26/11/2018,13:17,B,172.168.1.8
      216,26/11/2018,13:17,B,172.168.1.8
      208,26/11/2018,13:20,B,172.168.1.8
      211,26/11/2018,13:20,B,172.168.1.8
      210,26/11/2018,13:20,B,172.168.1.8
      210,26/11/2018,13:21,B,172.168.1.8
      202,26/11/2018,13:22,B,172.168.1.8
      305,26/11/2018,13:57,B,172.168.1.8
      204,26/11/2018,14:05,B,172.168.1.8
      209,26/11/2018,14:06,B,172.168.1.8
      204,26/11/2018,14:06,B,172.168.1.8
       36,26/11/2018,14:35,B,172.168.1.8
      206,26/11/2018,14:49,B,172.168.1.8
      201,26/11/2018,14:56,B,172.168.1.8
      291,26/11/2018,14:59,B,172.168.1.8
      121,26/11/2018,15:03,B,172.168.1.8
      309,26/11/2018,15:20,B,172.168.1.8
       23,26/11/2018,15:21,B,172.168.1.8
      303,26/11/2018,15:27,B,172.168.1.8
       24,26/11/2018,15:37,B,172.168.1.8
       24,26/11/2018,15:37,B,172.168.1.8
       21,26/11/2018,16:00,B,172.168.1.8
       62,26/11/2018,16:01,B,172.168.1.8
       35,26/11/2018,16:12,B,172.168.1.8
       18,26/11/2018,16:13,B,172.168.1.8
       16,26/11/2018,16:14,B,172.168.1.8
       20,26/11/2018,16:14,B,172.168.1.8
       22,26/11/2018,16:16,B,172.168.1.8
       12,26/11/2018,16:16,B,172.168.1.8
        9,26/11/2018,16:16,B,172.168.1.8
        2,26/11/2018,16:22,B,172.168.1.8
       32,26/11/2018,16:24,B,172.168.1.8
      312,26/11/2018,16:27,B,172.168.1.8
        5,26/11/2018,16:30,B,172.168.1.8
        6,26/11/2018,16:38,B,172.168.1.8
       10,26/11/2018,16:41,B,172.168.1.8
       14,26/11/2018,16:42,B,172.168.1.8
        2,26/11/2018,16:42,B,172.168.1.8
       28,26/11/2018,16:43,B,172.168.1.8
       19,26/11/2018,16:46,B,172.168.1.8
       29,26/11/2018,16:52,B,172.168.1.8
       25,26/11/2018,16:57,B,172.168.1.8
      273,26/11/2018,16:59,B,172.168.1.8
       30,26/11/2018,17:02,B,172.168.1.8
      128,26/11/2018,17:11,B,172.168.1.8
      110,26/11/2018,17:11,B,172.168.1.8
      289,26/11/2018,17:13,B,172.168.1.8
      131,26/11/2018,17:15,B,172.168.1.8
      109,26/11/2018,17:16,B,172.168.1.8
      123,26/11/2018,17:20,B,172.168.1.8
      253,26/11/2018,17:20,B,172.168.1.8
      271,26/11/2018,17:23,B,172.168.1.8
      280,26/11/2018,17:23,B,172.168.1.8
      283,26/11/2018,17:24,B,172.168.1.8
      118,26/11/2018,17:25,B,172.168.1.8
      260,26/11/2018,17:28,B,172.168.1.8
      129,26/11/2018,17:32,B,172.168.1.8
      268,26/11/2018,17:35,B,172.168.1.8
      287,26/11/2018,17:35,B,172.168.1.8
      287,26/11/2018,17:36,B,172.168.1.8
      292,26/11/2018,17:36,B,172.168.1.8
      127,26/11/2018,17:37,B,172.168.1.8
      106,26/11/2018,17:38,B,172.168.1.8
      290,26/11/2018,17:40,B,172.168.1.8
      293,26/11/2018,17:40,B,172.168.1.8
      125,26/11/2018,17:40,B,172.168.1.8
      125,26/11/2018,17:41,B,172.168.1.8
      256,26/11/2018,17:45,B,172.168.1.8
      101,26/11/2018,17:45,B,172.168.1.8
      251,26/11/2018,17:45,B,172.168.1.8
        8,26/11/2018,17:48,B,172.168.1.8
       11,26/11/2018,17:49,B,172.168.1.8
       26,26/11/2018,17:49,B,172.168.1.8
       11,26/11/2018,17:49,B,172.168.1.8
       17,26/11/2018,17:50,B,172.168.1.8
      112,26/11/2018,18:00,B,172.168.1.8
      255,26/11/2018,18:00,B,172.168.1.8
      310,26/11/2018,18:01,B,172.168.1.8
      255,26/11/2018,18:02,B,172.168.1.8
      258,26/11/2018,18:02,B,172.168.1.8
      116,26/11/2018,18:02,B,172.168.1.8
      126,26/11/2018,20:31,B,172.168.1.8
      121,27/11/2018,06:52,B,172.168.1.8
      126,27/11/2018,07:10,B,172.168.1.8
      273,27/11/2018,07:26,B,172.168.1.8
      119,27/11/2018,07:33,B,172.168.1.8
      292,27/11/2018,07:44,B,172.168.1.8
       11,27/11/2018,07:46,B,172.168.1.8
       42,27/11/2018,07:48,B,172.168.1.8
      214,27/11/2018,07:51,B,172.168.1.8
      291,27/11/2018,08:07,B,172.168.1.8
      211,27/11/2018,08:08,B,172.168.1.8
      287,27/11/2018,08:08,B,172.168.1.8
      208,27/11/2018,08:12,B,172.168.1.8
      202,27/11/2018,08:20,B,172.168.1.8
      212,27/11/2018,08:25,B,172.168.1.8
      216,27/11/2018,08:25,B,172.168.1.8
      207,27/11/2018,08:25,B,172.168.1.8
      210,27/11/2018,08:35,B,172.168.1.8
      204,27/11/2018,08:37,B,172.168.1.8
      255,27/11/2018,08:38,B,172.168.1.8
      268,27/11/2018,08:38,B,172.168.1.8
       22,27/11/2018,08:39,B,172.168.1.8
      260,27/11/2018,08:44,B,172.168.1.8
       14,27/11/2018,08:49,B,172.168.1.8
      115,27/11/2018,08:50,B,172.168.1.8
      213,27/11/2018,08:55,B,172.168.1.8
      203,27/11/2018,08:56,B,172.168.1.8
      203,27/11/2018,08:56,B,172.168.1.8
       23,27/11/2018,08:58,B,172.168.1.8
      262,27/11/2018,09:05,B,172.168.1.8
      280,27/11/2018,09:06,B,172.168.1.8
       37,27/11/2018,09:08,B,172.168.1.8
       20,27/11/2018,09:09,B,172.168.1.8
       25,27/11/2018,09:10,B,172.168.1.8
      209,27/11/2018,09:14,B,172.168.1.8
       17,27/11/2018,09:15,B,172.168.1.8
      283,27/11/2018,09:20,B,172.168.1.8
      122,27/11/2018,09:21,B,172.168.1.8
      116,27/11/2018,09:27,B,172.168.1.8
      110,27/11/2018,09:27,B,172.168.1.8
       32,27/11/2018,09:28,B,172.168.1.8
      123,27/11/2018,09:34,B,172.168.1.8
      114,27/11/2018,09:37,B,172.168.1.8
      201,27/11/2018,09:38,B,172.168.1.8
       18,27/11/2018,09:38,B,172.168.1.8
       62,27/11/2018,09:38,B,172.168.1.8
       12,27/11/2018,09:42,B,172.168.1.8
       42,27/11/2018,09:44,B,172.168.1.8
      290,27/11/2018,09:46,B,172.168.1.8
      312,27/11/2018,09:53,B,172.168.1.8
      112,27/11/2018,09:54,B,172.168.1.8
      131,27/11/2018,09:58,B,172.168.1.8
       24,27/11/2018,09:59,B,172.168.1.8
      256,27/11/2018,10:01,B,172.168.1.8
      289,27/11/2018,10:01,B,172.168.1.8
      109,27/11/2018,10:02,B,172.168.1.8
      128,27/11/2018,10:03,B,172.168.1.8
      253,27/11/2018,10:06,B,172.168.1.8
      271,27/11/2018,10:06,B,172.168.1.8
      305,27/11/2018,10:09,B,172.168.1.8
      261,27/11/2018,10:10,B,172.168.1.8
      310,27/11/2018,10:11,B,172.168.1.8
        5,27/11/2018,10:14,B,172.168.1.8
        6,27/11/2018,10:14,B,172.168.1.8
      127,27/11/2018,10:14,B,172.168.1.8
       30,27/11/2018,10:17,B,172.168.1.8
      254,27/11/2018,10:18,B,172.168.1.8
        8,27/11/2018,10:18,B,172.168.1.8
      258,27/11/2018,10:18,B,172.168.1.8
      309,27/11/2018,10:18,B,172.168.1.8
      106,27/11/2018,10:18,B,172.168.1.8
      101,27/11/2018,10:19,B,172.168.1.8
      118,27/11/2018,10:22,B,172.168.1.8
       16,27/11/2018,10:23,B,172.168.1.8
      129,27/11/2018,10:25,B,172.168.1.8
       36,27/11/2018,10:30,B,172.168.1.8
      293,27/11/2018,10:33,B,172.168.1.8
       10,27/11/2018,10:34,B,172.168.1.8
      303,27/11/2018,10:38,B,172.168.1.8
       35,27/11/2018,10:42,B,172.168.1.8
      251,27/11/2018,10:48,B,172.168.1.8
       21,27/11/2018,11:01,B,172.168.1.8
        2,27/11/2018,11:18,B,172.168.1.8
       19,27/11/2018,11:21,B,172.168.1.8
        9,27/11/2018,11:28,B,172.168.1.8
        1,27/11/2018,11:33,B,172.168.1.8
       29,27/11/2018,11:38,B,172.168.1.8
      202,27/11/2018,13:10,B,172.168.1.8
      309,27/11/2018,13:19,B,172.168.1.8
      212,27/11/2018,13:36,B,172.168.1.8
      207,27/11/2018,13:36,B,172.168.1.8
      216,27/11/2018,13:36,B,172.168.1.8
      208,27/11/2018,13:38,B,172.168.1.8
      214,27/11/2018,13:49,B,172.168.1.8
      304,27/11/2018,13:50,B,172.168.1.8
      203,27/11/2018,13:55,B,172.168.1.8
      211,27/11/2018,13:55,B,172.168.1.8
      201,27/11/2018,14:05,B,172.168.1.8
      204,27/11/2018,14:16,B,172.168.1.8
      204,27/11/2018,14:17,B,172.168.1.8
      213,27/11/2018,14:17,B,172.168.1.8
      209,27/11/2018,14:18,B,172.168.1.8
      210,27/11/2018,14:24,B,172.168.1.8
      305,27/11/2018,14:38,B,172.168.1.8
      305,27/11/2018,14:38,B,172.168.1.8
      121,27/11/2018,15:02,B,172.168.1.8
      258,27/11/2018,15:03,B,172.168.1.8
      258,27/11/2018,15:04,B,172.168.1.8
       62,27/11/2018,15:32,B,172.168.1.8
       27,27/11/2018,15:58,B,172.168.1.8
       23,27/11/2018,16:08,B,172.168.1.8
       23,27/11/2018,16:08,B,172.168.1.8
       35,27/11/2018,16:20,B,172.168.1.8
       21,27/11/2018,16:31,B,172.168.1.8
      312,27/11/2018,16:36,B,172.168.1.8
       18,27/11/2018,16:43,B,172.168.1.8
        5,27/11/2018,16:45,B,172.168.1.8
        6,27/11/2018,16:47,B,172.168.1.8
      262,27/11/2018,16:50,B,172.168.1.8
       19,27/11/2018,16:51,B,172.168.1.8
      291,27/11/2018,16:51,B,172.168.1.8
       32,27/11/2018,16:52,B,172.168.1.8
       14,27/11/2018,16:53,B,172.168.1.8
       29,27/11/2018,16:56,B,172.168.1.8
       29,27/11/2018,16:56,B,172.168.1.8
       24,27/11/2018,16:56,B,172.168.1.8
       25,27/11/2018,16:58,B,172.168.1.8
        9,27/11/2018,17:00,B,172.168.1.8
       10,27/11/2018,17:10,B,172.168.1.8
      110,27/11/2018,17:11,B,172.168.1.8
      109,27/11/2018,17:16,B,172.168.1.8
      122,27/11/2018,17:19,B,172.168.1.8
        8,27/11/2018,17:22,B,172.168.1.8
       11,27/11/2018,17:23,B,172.168.1.8
      289,27/11/2018,17:25,B,172.168.1.8
      123,27/11/2018,17:25,B,172.168.1.8
      128,27/11/2018,17:26,B,172.168.1.8
      129,27/11/2018,17:26,B,172.168.1.8
       30,27/11/2018,17:28,B,172.168.1.8
       17,27/11/2018,17:29,B,172.168.1.8
      261,27/11/2018,17:29,B,172.168.1.8
      118,27/11/2018,17:30,B,172.168.1.8
      271,27/11/2018,17:30,B,172.168.1.8
      280,27/11/2018,17:30,B,172.168.1.8
      271,27/11/2018,17:30,B,172.168.1.8
        2,27/11/2018,17:32,B,172.168.1.8
       12,27/11/2018,17:32,B,172.168.1.8
       22,27/11/2018,17:32,B,172.168.1.8
      127,27/11/2018,17:32,B,172.168.1.8
      287,27/11/2018,17:39,B,172.168.1.8
      268,27/11/2018,17:39,B,172.168.1.8
      292,27/11/2018,17:40,B,172.168.1.8
      254,27/11/2018,17:42,B,172.168.1.8
      253,27/11/2018,17:43,B,172.168.1.8
      115,27/11/2018,17:45,B,172.168.1.8
      251,27/11/2018,17:45,B,172.168.1.8
      112,27/11/2018,17:46,B,172.168.1.8
      112,27/11/2018,17:50,B,172.168.1.8
      112,27/11/2018,17:50,B,172.168.1.8
      260,27/11/2018,17:50,B,172.168.1.8
      101,27/11/2018,17:50,B,172.168.1.8
      293,27/11/2018,17:51,B,172.168.1.8
      290,27/11/2018,17:52,B,172.168.1.8
       36,27/11/2018,17:54,B,172.168.1.8
       20,27/11/2018,17:59,B,172.168.1.8
      273,27/11/2018,18:00,B,172.168.1.8
      114,27/11/2018,18:00,B,172.168.1.8
        1,27/11/2018,18:05,B,172.168.1.8
      106,27/11/2018,18:11,B,172.168.1.8
      255,27/11/2018,18:11,B,172.168.1.8
      290,27/11/2018,18:11,B,172.168.1.8
      256,27/11/2018,18:12,B,172.168.1.8
      310,27/11/2018,18:14,B,172.168.1.8
      310,27/11/2018,18:22,B,172.168.1.8
      131,27/11/2018,18:23,B,172.168.1.8
      116,27/11/2018,18:23,B,172.168.1.8
      126,27/11/2018,20:30,B,172.168.1.8
      126,28/11/2018,07:09,B,172.168.1.8
      121,28/11/2018,07:10,B,172.168.1.8
      119,28/11/2018,07:24,B,172.168.1.8
      215,28/11/2018,07:34,B,172.168.1.8
      292,28/11/2018,07:41,B,172.168.1.8
       42,28/11/2018,07:50,B,172.168.1.8
      273,28/11/2018,07:54,B,172.168.1.8
      268,28/11/2018,07:56,B,172.168.1.8
      209,28/11/2018,07:58,B,172.168.1.8
      203,28/11/2018,08:03,B,172.168.1.8
      208,28/11/2018,08:05,B,172.168.1.8
      287,28/11/2018,08:07,B,172.168.1.8
      291,28/11/2018,08:17,B,172.168.1.8
      255,28/11/2018,08:21,B,172.168.1.8
      303,28/11/2018,08:27,B,172.168.1.8
      301,28/11/2018,08:29,B,172.168.1.8
       11,28/11/2018,08:29,B,172.168.1.8
      260,28/11/2018,08:37,B,172.168.1.8
       35,28/11/2018,08:44,B,172.168.1.8
      202,28/11/2018,08:46,B,172.168.1.8
       51,28/11/2018,08:46,B,172.168.1.8
      212,28/11/2018,08:46,B,172.168.1.8
      207,28/11/2018,08:46,B,172.168.1.8
      216,28/11/2018,08:46,B,172.168.1.8
      211,28/11/2018,08:49,B,172.168.1.8
       23,28/11/2018,08:52,B,172.168.1.8
      115,28/11/2018,08:53,B,172.168.1.8
      112,28/11/2018,08:55,B,172.168.1.8
       12,28/11/2018,09:03,B,172.168.1.8
      204,28/11/2018,09:06,B,172.168.1.8
       25,28/11/2018,09:12,B,172.168.1.8
       20,28/11/2018,09:14,B,172.168.1.8
      213,28/11/2018,09:16,B,172.168.1.8
      283,28/11/2018,09:21,B,172.168.1.8
      122,28/11/2018,09:22,B,172.168.1.8
       14,28/11/2018,09:24,B,172.168.1.8
       16,28/11/2018,09:29,B,172.168.1.8
       21,28/11/2018,09:32,B,172.168.1.8
      114,28/11/2018,09:34,B,172.168.1.8
      116,28/11/2018,09:38,B,172.168.1.8
      312,28/11/2018,09:38,B,172.168.1.8
       22,28/11/2018,09:38,B,172.168.1.8
        5,28/11/2018,09:39,B,172.168.1.8
        1,28/11/2018,09:40,B,172.168.1.8
       37,28/11/2018,09:40,B,172.168.1.8
       10,28/11/2018,09:41,B,172.168.1.8
      131,28/11/2018,09:42,B,172.168.1.8
      206,28/11/2018,09:50,B,172.168.1.8
       24,28/11/2018,09:51,B,172.168.1.8
      280,28/11/2018,09:52,B,172.168.1.8
      256,28/11/2018,09:54,B,172.168.1.8
       17,28/11/2018,09:56,B,172.168.1.8
      310,28/11/2018,10:03,B,172.168.1.8
      128,28/11/2018,10:05,B,172.168.1.8
      117,28/11/2018,10:06,B,172.168.1.8
      127,28/11/2018,10:06,B,172.168.1.8
      289,28/11/2018,10:08,B,172.168.1.8
      261,28/11/2018,10:08,B,172.168.1.8
      106,28/11/2018,10:11,B,172.168.1.8
       42,28/11/2018,10:13,B,172.168.1.8
      271,28/11/2018,10:15,B,172.168.1.8
      109,28/11/2018,10:16,B,172.168.1.8
      253,28/11/2018,10:21,B,172.168.1.8
        2,28/11/2018,10:23,B,172.168.1.8
      101,28/11/2018,10:23,B,172.168.1.8
       29,28/11/2018,10:27,B,172.168.1.8
      129,28/11/2018,10:30,B,172.168.1.8
       62,28/11/2018,10:35,B,172.168.1.8
       51,28/11/2018,10:37,B,172.168.1.8
        6,28/11/2018,10:38,B,172.168.1.8
      118,28/11/2018,10:39,B,172.168.1.8
      254,28/11/2018,10:48,B,172.168.1.8
      251,28/11/2018,10:49,B,172.168.1.8
      293,28/11/2018,10:53,B,172.168.1.8
        8,28/11/2018,10:54,B,172.168.1.8
      210,28/11/2018,10:58,B,172.168.1.8
       27,28/11/2018,10:59,B,172.168.1.8
        9,28/11/2018,11:07,B,172.168.1.8
       36,28/11/2018,11:29,B,172.168.1.8
       57,28/11/2018,11:32,B,172.168.1.8
      258,28/11/2018,12:23,B,172.168.1.8
       59,28/11/2018,12:23,B,172.168.1.8
       32,28/11/2018,12:38,B,172.168.1.8
      254,28/11/2018,12:43,B,172.168.1.8
      215,28/11/2018,12:46,B,172.168.1.8
      215,28/11/2018,12:51,B,172.168.1.8
      208,28/11/2018,12:56,B,172.168.1.8
      209,28/11/2018,13:00,B,172.168.1.8
      203,28/11/2018,13:04,B,172.168.1.8
      290,28/11/2018,13:08,B,172.168.1.8
      202,28/11/2018,13:32,B,172.168.1.8
      212,28/11/2018,13:35,B,172.168.1.8
      207,28/11/2018,13:35,B,172.168.1.8
      216,28/11/2018,13:35,B,172.168.1.8
        6,28/11/2018,14:00,B,172.168.1.8
       64,28/11/2018,14:04,B,172.168.1.8
      204,28/11/2018,14:09,B,172.168.1.8
      204,28/11/2018,14:10,B,172.168.1.8
      211,28/11/2018,14:28,B,172.168.1.8
       35,28/11/2018,14:29,B,172.168.1.8
      210,28/11/2018,14:46,B,172.168.1.8
      210,28/11/2018,14:47,B,172.168.1.8
      206,28/11/2018,14:50,B,172.168.1.8
      121,28/11/2018,15:04,B,172.168.1.8
       64,28/11/2018,15:44,B,172.168.1.8
       23,28/11/2018,15:44,B,172.168.1.8
        5,28/11/2018,15:53,B,172.168.1.8
      210,28/11/2018,15:53,B,172.168.1.8
      210,28/11/2018,15:54,B,172.168.1.8
       21,28/11/2018,15:55,B,172.168.1.8
       62,28/11/2018,16:09,B,172.168.1.8
       29,28/11/2018,16:13,B,172.168.1.8
      303,28/11/2018,16:19,B,172.168.1.8
       20,28/11/2018,16:26,B,172.168.1.8
      119,28/11/2018,16:37,B,172.168.1.8
      291,28/11/2018,16:48,B,172.168.1.8
      312,28/11/2018,16:50,B,172.168.1.8
       30,28/11/2018,16:53,B,172.168.1.8
      122,28/11/2018,17:07,B,172.168.1.8
      128,28/11/2018,17:11,B,172.168.1.8
      109,28/11/2018,17:17,B,172.168.1.8
      253,28/11/2018,17:20,B,172.168.1.8
      131,28/11/2018,17:21,B,172.168.1.8
      289,28/11/2018,17:21,B,172.168.1.8
       16,28/11/2018,17:23,B,172.168.1.8
      261,28/11/2018,17:25,B,172.168.1.8
       32,28/11/2018,17:28,B,172.168.1.8
      280,28/11/2018,17:30,B,172.168.1.8
      271,28/11/2018,17:31,B,172.168.1.8
      118,28/11/2018,17:32,B,172.168.1.8
      287,28/11/2018,17:33,B,172.168.1.8
      268,28/11/2018,17:33,B,172.168.1.8
      292,28/11/2018,17:34,B,172.168.1.8
       22,28/11/2018,17:35,B,172.168.1.8
       14,28/11/2018,17:38,B,172.168.1.8
       14,28/11/2018,17:39,B,172.168.1.8
       14,28/11/2018,17:40,B,172.168.1.8
      251,28/11/2018,17:40,B,172.168.1.8
      115,28/11/2018,17:40,B,172.168.1.8
       10,28/11/2018,17:40,B,172.168.1.8
      290,28/11/2018,17:41,B,172.168.1.8
      106,28/11/2018,17:45,B,172.168.1.8
      293,28/11/2018,17:45,B,172.168.1.8
      258,28/11/2018,17:46,B,172.168.1.8
      114,28/11/2018,17:46,B,172.168.1.8
      273,28/11/2018,17:46,B,172.168.1.8
       27,28/11/2018,17:47,B,172.168.1.8
      101,28/11/2018,17:48,B,172.168.1.8
      112,28/11/2018,17:54,B,172.168.1.8
      112,28/11/2018,17:55,B,172.168.1.8
      116,28/11/2018,18:05,B,172.168.1.8
      117,28/11/2018,18:05,B,172.168.1.8
      127,28/11/2018,18:06,B,172.168.1.8
      129,28/11/2018,18:06,B,172.168.1.8
      310,28/11/2018,18:08,B,172.168.1.8
       25,28/11/2018,18:10,B,172.168.1.8
        8,28/11/2018,18:22,B,172.168.1.8
       11,28/11/2018,18:48,B,172.168.1.8
      256,28/11/2018,18:50,B,172.168.1.8
       12,28/11/2018,19:22,B,172.168.1.8
        2,28/11/2018,19:23,B,172.168.1.8
      310,28/11/2018,19:24,B,172.168.1.8
       24,28/11/2018,19:34,B,172.168.1.8
        9,28/11/2018,19:34,B,172.168.1.8
      260,28/11/2018,19:45,B,172.168.1.8
      255,28/11/2018,19:45,B,172.168.1.8
      283,28/11/2018,19:45,B,172.168.1.8
        1,28/11/2018,19:45,B,172.168.1.8
      126,28/11/2018,20:20,B,172.168.1.8
      121,29/11/2018,06:47,B,172.168.1.8
      126,29/11/2018,07:19,B,172.168.1.8
      291,29/11/2018,07:42,B,172.168.1.8
      273,29/11/2018,07:48,B,172.168.1.8
      210,29/11/2018,07:52,B,172.168.1.8
      215,29/11/2018,07:55,B,172.168.1.8
       54,29/11/2018,07:58,B,172.168.1.8
      255,29/11/2018,07:59,B,172.168.1.8
      211,29/11/2018,07:59,B,172.168.1.8
      268,29/11/2018,08:00,B,172.168.1.8
      204,29/11/2018,08:03,B,172.168.1.8
      216,29/11/2018,08:06,B,172.168.1.8
      287,29/11/2018,08:14,B,172.168.1.8
      260,29/11/2018,08:21,B,172.168.1.8
       42,29/11/2018,08:22,B,172.168.1.8
      214,29/11/2018,08:22,B,172.168.1.8
       14,29/11/2018,08:32,B,172.168.1.8
      212,29/11/2018,08:35,B,172.168.1.8
      205,29/11/2018,08:43,B,172.168.1.8
       23,29/11/2018,08:44,B,172.168.1.8
      207,29/11/2018,08:46,B,172.168.1.8
       20,29/11/2018,08:50,B,172.168.1.8
       36,29/11/2018,08:51,B,172.168.1.8
      119,29/11/2018,08:55,B,172.168.1.8
      115,29/11/2018,08:55,B,172.168.1.8
       16,29/11/2018,08:57,B,172.168.1.8
       18,29/11/2018,08:57,B,172.168.1.8
      209,29/11/2018,09:03,B,172.168.1.8
       64,29/11/2018,09:03,B,172.168.1.8
      202,29/11/2018,09:04,B,172.168.1.8
      202,29/11/2018,09:04,B,172.168.1.8
      203,29/11/2018,09:15,B,172.168.1.8
      280,29/11/2018,09:17,B,172.168.1.8
      123,29/11/2018,09:17,B,172.168.1.8
      208,29/11/2018,09:18,B,172.168.1.8
      122,29/11/2018,09:24,B,172.168.1.8
       32,29/11/2018,09:28,B,172.168.1.8
      213,29/11/2018,09:31,B,172.168.1.8
       12,29/11/2018,09:32,B,172.168.1.8
       25,29/11/2018,09:34,B,172.168.1.8
      112,29/11/2018,09:37,B,172.168.1.8
      110,29/11/2018,09:43,B,172.168.1.8
      116,29/11/2018,09:46,B,172.168.1.8
       35,29/11/2018,09:49,B,172.168.1.8
      201,29/11/2018,09:49,B,172.168.1.8
      282,29/11/2018,09:50,B,172.168.1.8
      289,29/11/2018,09:54,B,172.168.1.8
      127,29/11/2018,09:54,B,172.168.1.8
      109,29/11/2018,09:58,B,172.168.1.8
      128,29/11/2018,09:58,B,172.168.1.8
       24,29/11/2018,10:00,B,172.168.1.8
      206,29/11/2018,10:01,B,172.168.1.8
       62,29/11/2018,10:02,B,172.168.1.8
       11,29/11/2018,10:02,B,172.168.1.8
      256,29/11/2018,10:03,B,172.168.1.8
       54,29/11/2018,10:05,B,172.168.1.8
      310,29/11/2018,10:07,B,172.168.1.8
       27,29/11/2018,10:07,B,172.168.1.8
      117,29/11/2018,10:08,B,172.168.1.8
      101,29/11/2018,10:10,B,172.168.1.8
      262,29/11/2018,10:13,B,172.168.1.8
      271,29/11/2018,10:16,B,172.168.1.8
      258,29/11/2018,10:16,B,172.168.1.8
      261,29/11/2018,10:17,B,172.168.1.8
      254,29/11/2018,10:18,B,172.168.1.8
      303,29/11/2018,10:18,B,172.168.1.8
      253,29/11/2018,10:19,B,172.168.1.8
       30,29/11/2018,10:22,B,172.168.1.8
        6,29/11/2018,10:23,B,172.168.1.8
       21,29/11/2018,10:23,B,172.168.1.8
       30,29/11/2018,10:23,B,172.168.1.8
      309,29/11/2018,10:24,B,172.168.1.8
      129,29/11/2018,10:25,B,172.168.1.8
        5,29/11/2018,10:26,B,172.168.1.8
      251,29/11/2018,10:28,B,172.168.1.8
      114,29/11/2018,10:31,B,172.168.1.8
        1,29/11/2018,10:37,B,172.168.1.8
        8,29/11/2018,10:45,B,172.168.1.8
      106,29/11/2018,10:46,B,172.168.1.8
      118,29/11/2018,10:46,B,172.168.1.8
      312,29/11/2018,10:59,B,172.168.1.8
       17,29/11/2018,11:00,B,172.168.1.8
        2,29/11/2018,11:05,B,172.168.1.8
      293,29/11/2018,11:10,B,172.168.1.8
       19,29/11/2018,11:16,B,172.168.1.8
       10,29/11/2018,11:22,B,172.168.1.8
       22,29/11/2018,11:23,B,172.168.1.8
        9,29/11/2018,11:24,B,172.168.1.8
       29,29/11/2018,11:38,B,172.168.1.8
       64,29/11/2018,12:09,B,172.168.1.8
      290,29/11/2018,12:15,B,172.168.1.8
      301,29/11/2018,12:18,B,172.168.1.8
      301,29/11/2018,12:19,B,172.168.1.8
      215,29/11/2018,12:55,B,172.168.1.8
      204,29/11/2018,13:05,B,172.168.1.8
      204,29/11/2018,13:05,B,172.168.1.8
      210,29/11/2018,13:17,B,172.168.1.8
      210,29/11/2018,13:17,B,172.168.1.8
      211,29/11/2018,13:20,B,172.168.1.8
       42,29/11/2018,13:23,B,172.168.1.8
      303,29/11/2018,13:53,B,172.168.1.8
      309,29/11/2018,13:53,B,172.168.1.8
      203,29/11/2018,13:59,B,172.168.1.8
      202,29/11/2018,13:59,B,172.168.1.8
      207,29/11/2018,14:00,B,172.168.1.8
      216,29/11/2018,14:00,B,172.168.1.8
      212,29/11/2018,14:00,B,172.168.1.8
      214,29/11/2018,14:03,B,172.168.1.8
      205,29/11/2018,14:14,B,172.168.1.8
      205,29/11/2018,14:14,B,172.168.1.8
      209,29/11/2018,14:15,B,172.168.1.8
      209,29/11/2018,14:15,B,172.168.1.8
      213,29/11/2018,14:15,B,172.168.1.8
      208,29/11/2018,14:21,B,172.168.1.8
       36,29/11/2018,14:31,B,172.168.1.8
      293,29/11/2018,14:43,B,172.168.1.8
      201,29/11/2018,14:52,B,172.168.1.8
      206,29/11/2018,14:52,B,172.168.1.8
       16,29/11/2018,14:56,B,172.168.1.8
       18,29/11/2018,14:57,B,172.168.1.8
      291,29/11/2018,15:05,B,172.168.1.8
      109,29/11/2018,15:07,B,172.168.1.8
      106,29/11/2018,15:08,B,172.168.1.8
      117,29/11/2018,15:08,B,172.168.1.8
      121,29/11/2018,15:11,B,172.168.1.8
       35,29/11/2018,15:21,B,172.168.1.8
       12,29/11/2018,15:21,B,172.168.1.8
       62,29/11/2018,15:23,B,172.168.1.8
       62,29/11/2018,15:32,B,172.168.1.8
       24,29/11/2018,15:40,B,172.168.1.8
       20,29/11/2018,15:43,B,172.168.1.8
       14,29/11/2018,15:43,B,172.168.1.8
       27,29/11/2018,16:04,B,172.168.1.8
        5,29/11/2018,16:11,B,172.168.1.8
        6,29/11/2018,16:16,B,172.168.1.8
       14,29/11/2018,16:17,B,172.168.1.8
       21,29/11/2018,16:20,B,172.168.1.8
       65,29/11/2018,16:25,B,172.168.1.8
       65,29/11/2018,16:25,B,172.168.1.8
       65,29/11/2018,16:25,B,172.168.1.8
       11,29/11/2018,16:34,B,172.168.1.8
      312,29/11/2018,16:35,B,172.168.1.8
       23,29/11/2018,16:42,B,172.168.1.8
       65,29/11/2018,16:42,B,172.168.1.8
       19,29/11/2018,16:46,B,172.168.1.8
      119,29/11/2018,16:48,B,172.168.1.8
      122,29/11/2018,16:49,B,172.168.1.8
       29,29/11/2018,16:55,B,172.168.1.8
       25,29/11/2018,16:58,B,172.168.1.8
      301,29/11/2018,16:58,B,172.168.1.8
       30,29/11/2018,17:01,B,172.168.1.8
       30,29/11/2018,17:03,B,172.168.1.8
        9,29/11/2018,17:07,B,172.168.1.8
       32,29/11/2018,17:08,B,172.168.1.8
      110,29/11/2018,17:10,B,172.168.1.8
      289,29/11/2018,17:10,B,172.168.1.8
        2,29/11/2018,17:11,B,172.168.1.8
       10,29/11/2018,17:11,B,172.168.1.8
       22,29/11/2018,17:11,B,172.168.1.8
      128,29/11/2018,17:12,B,172.168.1.8
      261,29/11/2018,17:13,B,172.168.1.8
      262,29/11/2018,17:15,B,172.168.1.8
        8,29/11/2018,17:16,B,172.168.1.8
       32,29/11/2018,17:16,B,172.168.1.8
      131,29/11/2018,17:17,B,172.168.1.8
      127,29/11/2018,17:17,B,172.168.1.8
      253,29/11/2018,17:19,B,172.168.1.8
      254,29/11/2018,17:20,B,172.168.1.8
      290,29/11/2018,17:20,B,172.168.1.8
      287,29/11/2018,17:20,B,172.168.1.8
      268,29/11/2018,17:20,B,172.168.1.8
      273,29/11/2018,17:23,B,172.168.1.8
      123,29/11/2018,17:23,B,172.168.1.8
      114,29/11/2018,17:25,B,172.168.1.8
        1,29/11/2018,17:27,B,172.168.1.8
      271,29/11/2018,17:28,B,172.168.1.8
      280,29/11/2018,17:29,B,172.168.1.8
      118,29/11/2018,17:30,B,172.168.1.8
      260,29/11/2018,17:30,B,172.168.1.8
      260,29/11/2018,17:30,B,172.168.1.8
      129,29/11/2018,17:36,B,172.168.1.8
      101,29/11/2018,17:49,B,172.168.1.8
      256,29/11/2018,18:00,B,172.168.1.8
      251,29/11/2018,18:00,B,172.168.1.8
      115,29/11/2018,18:00,B,172.168.1.8
      116,29/11/2018,18:00,B,172.168.1.8
       17,29/11/2018,18:03,B,172.168.1.8
      258,29/11/2018,18:09,B,172.168.1.8
      310,29/11/2018,18:09,B,172.168.1.8
      255,29/11/2018,18:10,B,172.168.1.8
      112,29/11/2018,18:10,B,172.168.1.8
      126,29/11/2018,20:30,B,172.168.1.8
      121,30/11/2018,06:44,B,172.168.1.8
      119,30/11/2018,07:32,B,172.168.1.8
      292,30/11/2018,07:40,B,172.168.1.8
      273,30/11/2018,07:49,B,172.168.1.8
      215,30/11/2018,07:50,B,172.168.1.8
      255,30/11/2018,07:56,B,172.168.1.8
      126,30/11/2018,07:58,B,172.168.1.8
      216,30/11/2018,08:00,B,172.168.1.8
      203,30/11/2018,08:00,B,172.168.1.8
      112,30/11/2018,08:05,B,172.168.1.8
       42,30/11/2018,08:11,B,172.168.1.8
      287,30/11/2018,08:11,B,172.168.1.8
      205,30/11/2018,08:14,B,172.168.1.8
      291,30/11/2018,08:16,B,172.168.1.8
      268,30/11/2018,08:16,B,172.168.1.8
       16,30/11/2018,08:25,B,172.168.1.8
      210,30/11/2018,08:29,B,172.168.1.8
      211,30/11/2018,08:30,B,172.168.1.8
      260,30/11/2018,08:31,B,172.168.1.8
      212,30/11/2018,08:31,B,172.168.1.8
      207,30/11/2018,08:46,B,172.168.1.8
       32,30/11/2018,08:48,B,172.168.1.8
       23,30/11/2018,08:50,B,172.168.1.8
       36,30/11/2018,08:51,B,172.168.1.8
      115,30/11/2018,08:53,B,172.168.1.8
       64,30/11/2018,08:56,B,172.168.1.8
      125,30/11/2018,08:59,B,172.168.1.8
       17,30/11/2018,08:59,B,172.168.1.8
      209,30/11/2018,09:01,B,172.168.1.8
      208,30/11/2018,09:03,B,172.168.1.8
       20,30/11/2018,09:06,B,172.168.1.8
      262,30/11/2018,09:06,B,172.168.1.8
      213,30/11/2018,09:12,B,172.168.1.8
      280,30/11/2018,09:15,B,172.168.1.8
       37,30/11/2018,09:18,B,172.168.1.8
      202,30/11/2018,09:20,B,172.168.1.8
       30,30/11/2018,09:29,B,172.168.1.8
       25,30/11/2018,09:30,B,172.168.1.8
      128,30/11/2018,09:31,B,172.168.1.8
      123,30/11/2018,09:36,B,172.168.1.8
      116,30/11/2018,09:39,B,172.168.1.8
      290,30/11/2018,09:39,B,172.168.1.8
       12,30/11/2018,09:40,B,172.168.1.8
       21,30/11/2018,09:40,B,172.168.1.8
      110,30/11/2018,09:43,B,172.168.1.8
      110,30/11/2018,09:44,B,172.168.1.8
       24,30/11/2018,09:46,B,172.168.1.8
      206,30/11/2018,09:53,B,172.168.1.8
       11,30/11/2018,09:58,B,172.168.1.8
      289,30/11/2018,10:00,B,172.168.1.8
      256,30/11/2018,10:02,B,172.168.1.8
      127,30/11/2018,10:05,B,172.168.1.8
       14,30/11/2018,10:07,B,172.168.1.8
      117,30/11/2018,10:07,B,172.168.1.8
       35,30/11/2018,10:07,B,172.168.1.8
      101,30/11/2018,10:07,B,172.168.1.8
       62,30/11/2018,10:08,B,172.168.1.8
      271,30/11/2018,10:09,B,172.168.1.8
      293,30/11/2018,10:09,B,172.168.1.8
      201,30/11/2018,10:10,B,172.168.1.8
      114,30/11/2018,10:10,B,172.168.1.8
      295,30/11/2018,10:11,B,172.168.1.8
       18,30/11/2018,10:13,B,172.168.1.8
      261,30/11/2018,10:14,B,172.168.1.8
      253,30/11/2018,10:16,B,172.168.1.8
      122,30/11/2018,10:16,B,172.168.1.8
      109,30/11/2018,10:18,B,172.168.1.8
      258,30/11/2018,10:18,B,172.168.1.8
      254,30/11/2018,10:22,B,172.168.1.8
        1,30/11/2018,10:22,B,172.168.1.8
       51,30/11/2018,10:23,B,172.168.1.8
      129,30/11/2018,10:25,B,172.168.1.8
        2,30/11/2018,10:29,B,172.168.1.8
       29,30/11/2018,10:31,B,172.168.1.8
       27,30/11/2018,10:31,B,172.168.1.8
       42,30/11/2018,10:32,B,172.168.1.8
       37,30/11/2018,10:32,B,172.168.1.8
      106,30/11/2018,10:37,B,172.168.1.8
       22,30/11/2018,10:37,B,172.168.1.8
      118,30/11/2018,10:40,B,172.168.1.8
        9,30/11/2018,10:42,B,172.168.1.8
        8,30/11/2018,10:42,B,172.168.1.8
      312,30/11/2018,10:45,B,172.168.1.8
      251,30/11/2018,10:46,B,172.168.1.8
       10,30/11/2018,10:55,B,172.168.1.8
        5,30/11/2018,10:55,B,172.168.1.8
        6,30/11/2018,10:55,B,172.168.1.8
      309,30/11/2018,11:25,B,172.168.1.8
      305,30/11/2018,11:52,B,172.168.1.8
       64,30/11/2018,12:18,B,172.168.1.8
      131,30/11/2018,12:41,B,172.168.1.8
      203,30/11/2018,12:56,B,172.168.1.8
      215,30/11/2018,12:56,B,172.168.1.8
      215,30/11/2018,12:57,B,172.168.1.8
      203,30/11/2018,13:00,B,172.168.1.8
      210,30/11/2018,13:30,B,172.168.1.8
      304,30/11/2018,13:44,B,172.168.1.8
      205,30/11/2018,13:56,B,172.168.1.8
      121,30/11/2018,14:00,B,172.168.1.8
       51,30/11/2018,14:01,B,172.168.1.8
      202,30/11/2018,14:13,B,172.168.1.8
      283,30/11/2018,14:15,B,172.168.1.8
      207,30/11/2018,14:38,B,172.168.1.8
      212,30/11/2018,14:38,B,172.168.1.8
      216,30/11/2018,14:39,B,172.168.1.8
       36,30/11/2018,14:50,B,172.168.1.8
      206,30/11/2018,14:54,B,172.168.1.8
      213,30/11/2018,15:06,B,172.168.1.8
      209,30/11/2018,15:06,B,172.168.1.8
      201,30/11/2018,15:07,B,172.168.1.8
      211,30/11/2018,15:09,B,172.168.1.8
      201,30/11/2018,15:09,B,172.168.1.8
       20,30/11/2018,15:09,B,172.168.1.8
      305,30/11/2018,15:27,B,172.168.1.8
       35,30/11/2018,15:39,B,172.168.1.8
       11,30/11/2018,15:39,B,172.168.1.8
       24,30/11/2018,15:40,B,172.168.1.8
       16,30/11/2018,15:44,B,172.168.1.8
       32,30/11/2018,15:51,B,172.168.1.8
      309,30/11/2018,16:09,B,172.168.1.8
        9,30/11/2018,16:15,B,172.168.1.8
       14,30/11/2018,16:16,B,172.168.1.8
        5,30/11/2018,16:17,B,172.168.1.8
       29,30/11/2018,16:18,B,172.168.1.8
       62,30/11/2018,16:21,B,172.168.1.8
       10,30/11/2018,16:24,B,172.168.1.8
      119,30/11/2018,16:29,B,172.168.1.8
       12,30/11/2018,16:37,B,172.168.1.8
        2,30/11/2018,16:37,B,172.168.1.8
       22,30/11/2018,16:37,B,172.168.1.8
       17,30/11/2018,16:38,B,172.168.1.8
        2,30/11/2018,16:41,B,172.168.1.8
        2,30/11/2018,16:41,B,172.168.1.8
       21,30/11/2018,16:42,B,172.168.1.8
       23,30/11/2018,16:45,B,172.168.1.8
       18,30/11/2018,16:54,B,172.168.1.8
      312,30/11/2018,16:56,B,172.168.1.8
       25,30/11/2018,16:59,B,172.168.1.8
        6,30/11/2018,16:59,B,172.168.1.8
      262,30/11/2018,17:01,B,172.168.1.8
      125,30/11/2018,17:05,B,172.168.1.8
      289,30/11/2018,17:08,B,172.168.1.8
      128,30/11/2018,17:08,B,172.168.1.8
       27,30/11/2018,17:09,B,172.168.1.8
      268,30/11/2018,17:10,B,172.168.1.8
      110,30/11/2018,17:10,B,172.168.1.8
      295,30/11/2018,17:12,B,172.168.1.8
        8,30/11/2018,17:13,B,172.168.1.8
      131,30/11/2018,17:15,B,172.168.1.8
      253,30/11/2018,17:15,B,172.168.1.8
      291,30/11/2018,17:15,B,172.168.1.8
      109,30/11/2018,17:15,B,172.168.1.8
      290,30/11/2018,17:17,B,172.168.1.8
      287,30/11/2018,17:20,B,172.168.1.8
      122,30/11/2018,17:20,B,172.168.1.8
      273,30/11/2018,17:20,B,172.168.1.8
      292,30/11/2018,17:21,B,172.168.1.8
      261,30/11/2018,17:24,B,172.168.1.8
      280,30/11/2018,17:25,B,172.168.1.8
      271,30/11/2018,17:25,B,172.168.1.8
      260,30/11/2018,17:35,B,172.168.1.8
      114,30/11/2018,17:35,B,172.168.1.8
      106,30/11/2018,17:37,B,172.168.1.8
        1,30/11/2018,17:37,B,172.168.1.8
      123,30/11/2018,17:37,B,172.168.1.8
      254,30/11/2018,17:37,B,172.168.1.8
      116,30/11/2018,17:39,B,172.168.1.8
      258,30/11/2018,17:39,B,172.168.1.8
      251,30/11/2018,17:39,B,172.168.1.8
      115,30/11/2018,17:39,B,172.168.1.8
      118,30/11/2018,17:39,B,172.168.1.8
      293,30/11/2018,17:41,B,172.168.1.8
      129,30/11/2018,17:42,B,172.168.1.8
       30,30/11/2018,17:46,B,172.168.1.8
      127,30/11/2018,17:46,B,172.168.1.8
      112,30/11/2018,17:47,B,172.168.1.8
      293,30/11/2018,17:51,B,172.168.1.8
      101,30/11/2018,17:53,B,172.168.1.8
      117,30/11/2018,18:04,B,172.168.1.8
      283,30/11/2018,18:04,B,172.168.1.8
      255,30/11/2018,18:04,B,172.168.1.8
      256,30/11/2018,18:18,B,172.168.1.8
      126,30/11/2018,20:35,B,172.168.1.8
      121,01/12/2018,06:46,B,172.168.1.8
      287,01/12/2018,07:56,B,172.168.1.8
      273,01/12/2018,07:58,B,172.168.1.8
      126,01/12/2018,08:02,B,172.168.1.8
      214,01/12/2018,08:15,B,172.168.1.8
      210,01/12/2018,08:20,B,172.168.1.8
      210,01/12/2018,08:22,B,172.168.1.8
       36,01/12/2018,08:24,B,172.168.1.8
      112,01/12/2018,08:26,B,172.168.1.8
      260,01/12/2018,08:26,B,172.168.1.8
      255,01/12/2018,08:30,B,172.168.1.8
       26,01/12/2018,08:31,B,172.168.1.8
      202,01/12/2018,08:42,B,172.168.1.8
      206,01/12/2018,08:43,B,172.168.1.8
       16,01/12/2018,08:43,B,172.168.1.8
      209,01/12/2018,08:43,B,172.168.1.8
      212,01/12/2018,08:46,B,172.168.1.8
      207,01/12/2018,08:46,B,172.168.1.8
      207,01/12/2018,08:46,B,172.168.1.8
      216,01/12/2018,08:46,B,172.168.1.8
      268,01/12/2018,08:47,B,172.168.1.8
      268,01/12/2018,08:48,B,172.168.1.8
      115,01/12/2018,08:48,B,172.168.1.8
       32,01/12/2018,08:48,B,172.168.1.8
      119,01/12/2018,08:49,B,172.168.1.8
      213,01/12/2018,08:50,B,172.168.1.8
      262,01/12/2018,08:50,B,172.168.1.8
      211,01/12/2018,08:57,B,172.168.1.8
      208,01/12/2018,08:57,B,172.168.1.8
      125,01/12/2018,08:58,B,172.168.1.8
      215,01/12/2018,09:02,B,172.168.1.8
      203,01/12/2018,09:03,B,172.168.1.8
       18,01/12/2018,09:05,B,172.168.1.8
       20,01/12/2018,09:09,B,172.168.1.8
       30,01/12/2018,09:10,B,172.168.1.8
      205,01/12/2018,09:13,B,172.168.1.8
       12,01/12/2018,09:13,B,172.168.1.8
       30,01/12/2018,09:15,B,172.168.1.8
       23,01/12/2018,09:16,B,172.168.1.8
      201,01/12/2018,09:18,B,172.168.1.8
      280,01/12/2018,09:19,B,172.168.1.8
       59,01/12/2018,09:24,B,172.168.1.8
       65,01/12/2018,09:27,B,172.168.1.8
      122,01/12/2018,09:27,B,172.168.1.8
      283,01/12/2018,09:28,B,172.168.1.8
       62,01/12/2018,09:42,B,172.168.1.8
      116,01/12/2018,09:43,B,172.168.1.8
      128,01/12/2018,09:54,B,172.168.1.8
      123,01/12/2018,09:54,B,172.168.1.8
      110,01/12/2018,09:56,B,172.168.1.8
      131,01/12/2018,09:57,B,172.168.1.8
      310,01/12/2018,09:57,B,172.168.1.8
       14,01/12/2018,09:58,B,172.168.1.8
      295,01/12/2018,10:02,B,172.168.1.8
      289,01/12/2018,10:04,B,172.168.1.8
      106,01/12/2018,10:07,B,172.168.1.8
       35,01/12/2018,10:09,B,172.168.1.8
      117,01/12/2018,10:09,B,172.168.1.8
      271,01/12/2018,10:09,B,172.168.1.8
       17,01/12/2018,10:11,B,172.168.1.8
      127,01/12/2018,10:12,B,172.168.1.8
       21,01/12/2018,10:12,B,172.168.1.8
      114,01/12/2018,10:12,B,172.168.1.8
      256,01/12/2018,10:15,B,172.168.1.8
      258,01/12/2018,10:16,B,172.168.1.8
       29,01/12/2018,10:17,B,172.168.1.8
       29,01/12/2018,10:17,B,172.168.1.8
       36,01/12/2018,10:18,B,172.168.1.8
      253,01/12/2018,10:18,B,172.168.1.8
      261,01/12/2018,10:20,B,172.168.1.8
       28,01/12/2018,10:20,B,172.168.1.8
        2,01/12/2018,10:21,B,172.168.1.8
      101,01/12/2018,10:25,B,172.168.1.8
      129,01/12/2018,10:28,B,172.168.1.8
      254,01/12/2018,10:30,B,172.168.1.8
      201,01/12/2018,10:37,B,172.168.1.8
      201,01/12/2018,10:37,B,172.168.1.8
      293,01/12/2018,10:37,B,172.168.1.8
      251,01/12/2018,10:38,B,172.168.1.8
      291,01/12/2018,10:47,B,172.168.1.8
        8,01/12/2018,10:48,B,172.168.1.8
       10,01/12/2018,10:50,B,172.168.1.8
        6,01/12/2018,10:50,B,172.168.1.8
      312,01/12/2018,10:56,B,172.168.1.8
        1,01/12/2018,10:56,B,172.168.1.8
      118,01/12/2018,11:03,B,172.168.1.8
        9,01/12/2018,11:03,B,172.168.1.8
       22,01/12/2018,11:23,B,172.168.1.8
       19,01/12/2018,11:25,B,172.168.1.8
      203,01/12/2018,12:02,B,172.168.1.8
       27,01/12/2018,12:14,B,172.168.1.8
      202,01/12/2018,12:19,B,172.168.1.8
      210,01/12/2018,12:20,B,172.168.1.8
      215,01/12/2018,12:29,B,172.168.1.8
      216,01/12/2018,12:30,B,172.168.1.8
       35,01/12/2018,12:36,B,172.168.1.8
       16,01/12/2018,12:38,B,172.168.1.8
       16,01/12/2018,12:41,B,172.168.1.8
      206,01/12/2018,12:52,B,172.168.1.8
      209,01/12/2018,12:54,B,172.168.1.8
       29,01/12/2018,13:01,B,172.168.1.8
      211,01/12/2018,13:08,B,172.168.1.8
       62,01/12/2018,13:14,B,172.168.1.8
      205,01/12/2018,13:30,B,172.168.1.8
      205,01/12/2018,13:30,B,172.168.1.8
      258,01/12/2018,13:37,B,172.168.1.8
      213,01/12/2018,13:37,B,172.168.1.8
       30,01/12/2018,13:39,B,172.168.1.8
       30,01/12/2018,13:39,B,172.168.1.8
       18,01/12/2018,14:06,B,172.168.1.8
        9,01/12/2018,14:09,B,172.168.1.8
        9,01/12/2018,14:10,B,172.168.1.8
       59,01/12/2018,14:18,B,172.168.1.8
       10,01/12/2018,14:25,B,172.168.1.8
       20,01/12/2018,14:26,B,172.168.1.8
       12,01/12/2018,14:34,B,172.168.1.8
      212,01/12/2018,14:43,B,172.168.1.8
      208,01/12/2018,14:45,B,172.168.1.8
      207,01/12/2018,14:45,B,172.168.1.8
      212,01/12/2018,14:45,B,172.168.1.8
       22,01/12/2018,14:47,B,172.168.1.8
       19,01/12/2018,14:52,B,172.168.1.8
       21,01/12/2018,14:53,B,172.168.1.8
      121,01/12/2018,15:07,B,172.168.1.8
       26,01/12/2018,15:11,B,172.168.1.8
       23,01/12/2018,15:21,B,172.168.1.8
       65,01/12/2018,15:28,B,172.168.1.8
      262,01/12/2018,15:38,B,172.168.1.8
       28,01/12/2018,15:40,B,172.168.1.8
      260,01/12/2018,15:43,B,172.168.1.8
       14,01/12/2018,15:59,B,172.168.1.8
        8,01/12/2018,16:03,B,172.168.1.8
       27,01/12/2018,16:14,B,172.168.1.8
      312,01/12/2018,16:28,B,172.168.1.8
      119,01/12/2018,16:40,B,172.168.1.8
      125,01/12/2018,16:41,B,172.168.1.8
      123,01/12/2018,16:48,B,172.168.1.8
      287,01/12/2018,16:52,B,172.168.1.8
      268,01/12/2018,16:52,B,172.168.1.8
      289,01/12/2018,17:11,B,172.168.1.8
        2,01/12/2018,17:13,B,172.168.1.8
      128,01/12/2018,17:13,B,172.168.1.8
      291,01/12/2018,17:14,B,172.168.1.8
      261,01/12/2018,17:16,B,172.168.1.8
      131,01/12/2018,17:16,B,172.168.1.8
      253,01/12/2018,17:17,B,172.168.1.8
      110,01/12/2018,17:22,B,172.168.1.8
      273,01/12/2018,17:26,B,172.168.1.8
      254,01/12/2018,17:27,B,172.168.1.8
      280,01/12/2018,17:27,B,172.168.1.8
      271,01/12/2018,17:27,B,172.168.1.8
      283,01/12/2018,17:27,B,172.168.1.8
      118,01/12/2018,17:28,B,172.168.1.8
      127,01/12/2018,17:30,B,172.168.1.8
      127,01/12/2018,17:32,B,172.168.1.8
      106,01/12/2018,17:32,B,172.168.1.8
        1,01/12/2018,17:33,B,172.168.1.8
      260,01/12/2018,17:38,B,172.168.1.8
      122,01/12/2018,17:41,B,172.168.1.8
      112,01/12/2018,17:45,B,172.168.1.8
      293,01/12/2018,17:46,B,172.168.1.8
      129,01/12/2018,17:46,B,172.168.1.8
      101,01/12/2018,17:56,B,172.168.1.8
      101,01/12/2018,17:58,B,172.168.1.8
      115,01/12/2018,17:58,B,172.168.1.8
      251,01/12/2018,17:58,B,172.168.1.8
      295,01/12/2018,17:58,B,172.168.1.8
      116,01/12/2018,17:58,B,172.168.1.8
       58,01/12/2018,18:03,B,172.168.1.8
      255,01/12/2018,18:03,B,172.168.1.8
      310,01/12/2018,18:03,B,172.168.1.8
      114,01/12/2018,20:13,B,172.168.1.8
      115,02/12/2018,09:55,B,172.168.1.8
      114,02/12/2018,09:58,B,172.168.1.8
      251,02/12/2018,10:46,B,172.168.1.8
      101,02/12/2018,10:50,B,172.168.1.8
      101,02/12/2018,16:05,B,172.168.1.8
      251,02/12/2018,16:05,B,172.168.1.8
      115,02/12/2018,16:05,B,172.168.1.8
      114,02/12/2018,17:10,B,172.168.1.8
      121,03/12/2018,06:51,B,172.168.1.8
      126,03/12/2018,07:21,B,172.168.1.8
      214,03/12/2018,07:25,B,172.168.1.8
      119,03/12/2018,07:26,B,172.168.1.8
       63,03/12/2018,07:43,B,172.168.1.8
      207,03/12/2018,07:51,B,172.168.1.8
      255,03/12/2018,07:55,B,172.168.1.8
      215,03/12/2018,07:57,B,172.168.1.8
      273,03/12/2018,07:59,B,172.168.1.8
      291,03/12/2018,08:01,B,172.168.1.8
      211,03/12/2018,08:07,B,172.168.1.8
      210,03/12/2018,08:09,B,172.168.1.8
      287,03/12/2018,08:13,B,172.168.1.8
       42,03/12/2018,08:17,B,172.168.1.8
      268,03/12/2018,08:25,B,172.168.1.8
       65,03/12/2018,08:29,B,172.168.1.8
      260,03/12/2018,08:33,B,172.168.1.8
      208,03/12/2018,08:36,B,172.168.1.8
      301,03/12/2018,08:38,B,172.168.1.8
       23,03/12/2018,08:44,B,172.168.1.8
      205,03/12/2018,08:48,B,172.168.1.8
      125,03/12/2018,08:51,B,172.168.1.8
       11,03/12/2018,08:51,B,172.168.1.8
      280,03/12/2018,08:51,B,172.168.1.8
      115,03/12/2018,08:51,B,172.168.1.8
       32,03/12/2018,08:55,B,172.168.1.8
       16,03/12/2018,08:56,B,172.168.1.8
      112,03/12/2018,08:57,B,172.168.1.8
       18,03/12/2018,08:57,B,172.168.1.8
      212,03/12/2018,08:57,B,172.168.1.8
      120,03/12/2018,08:58,B,172.168.1.8
      209,03/12/2018,08:59,B,172.168.1.8
      209,03/12/2018,08:59,B,172.168.1.8
       14,03/12/2018,09:02,B,172.168.1.8
       52,03/12/2018,09:07,B,172.168.1.8
      203,03/12/2018,09:13,B,172.168.1.8
       12,03/12/2018,09:16,B,172.168.1.8
      122,03/12/2018,09:21,B,172.168.1.8
       25,03/12/2018,09:27,B,172.168.1.8
       25,03/12/2018,09:27,B,172.168.1.8
      202,03/12/2018,09:28,B,172.168.1.8
      114,03/12/2018,09:29,B,172.168.1.8
      131,03/12/2018,09:37,B,172.168.1.8
      213,03/12/2018,09:38,B,172.168.1.8
      262,03/12/2018,09:39,B,172.168.1.8
      290,03/12/2018,09:41,B,172.168.1.8
        5,03/12/2018,09:46,B,172.168.1.8
       62,03/12/2018,09:46,B,172.168.1.8
      283,03/12/2018,09:47,B,172.168.1.8
      256,03/12/2018,09:49,B,172.168.1.8
        6,03/12/2018,09:50,B,172.168.1.8
      116,03/12/2018,09:50,B,172.168.1.8
      128,03/12/2018,09:53,B,172.168.1.8
      253,03/12/2018,09:55,B,172.168.1.8
       17,03/12/2018,09:57,B,172.168.1.8
       24,03/12/2018,09:58,B,172.168.1.8
      289,03/12/2018,09:58,B,172.168.1.8
      303,03/12/2018,10:05,B,172.168.1.8
      310,03/12/2018,10:06,B,172.168.1.8
      216,03/12/2018,10:06,B,172.168.1.8
      201,03/12/2018,10:07,B,172.168.1.8
      109,03/12/2018,10:08,B,172.168.1.8
      117,03/12/2018,10:08,B,172.168.1.8
      204,03/12/2018,10:08,B,172.168.1.8
       28,03/12/2018,10:13,B,172.168.1.8
       63,03/12/2018,10:13,B,172.168.1.8
      293,03/12/2018,10:14,B,172.168.1.8
      271,03/12/2018,10:16,B,172.168.1.8
      101,03/12/2018,10:16,B,172.168.1.8
      309,03/12/2018,10:16,B,172.168.1.8
      312,03/12/2018,10:18,B,172.168.1.8
        1,03/12/2018,10:19,B,172.168.1.8
        9,03/12/2018,10:21,B,172.168.1.8
      261,03/12/2018,10:26,B,172.168.1.8
      251,03/12/2018,10:27,B,172.168.1.8
       42,03/12/2018,10:30,B,172.168.1.8
      295,03/12/2018,10:30,B,172.168.1.8
       35,03/12/2018,10:38,B,172.168.1.8
       35,03/12/2018,10:39,B,172.168.1.8
       10,03/12/2018,10:39,B,172.168.1.8
       21,03/12/2018,10:41,B,172.168.1.8
      118,03/12/2018,10:42,B,172.168.1.8
      254,03/12/2018,10:42,B,172.168.1.8
      127,03/12/2018,10:43,B,172.168.1.8
       36,03/12/2018,10:46,B,172.168.1.8
       26,03/12/2018,10:49,B,172.168.1.8
       27,03/12/2018,10:55,B,172.168.1.8
        2,03/12/2018,11:04,B,172.168.1.8
       19,03/12/2018,11:09,B,172.168.1.8
       51,03/12/2018,11:15,B,172.168.1.8
      122,03/12/2018,11:21,B,172.168.1.8
       29,03/12/2018,11:21,B,172.168.1.8
       22,03/12/2018,11:22,B,172.168.1.8
        8,03/12/2018,11:26,B,172.168.1.8
       30,03/12/2018,11:39,B,172.168.1.8
       30,03/12/2018,11:40,B,172.168.1.8
       37,03/12/2018,12:12,B,172.168.1.8
      201,03/12/2018,12:19,B,172.168.1.8
      212,03/12/2018,12:19,B,172.168.1.8
      215,03/12/2018,12:57,B,172.168.1.8
      210,03/12/2018,13:14,B,172.168.1.8
      214,03/12/2018,13:21,B,172.168.1.8
      210,03/12/2018,13:22,B,172.168.1.8
       65,03/12/2018,13:44,B,172.168.1.8
       64,03/12/2018,14:01,B,172.168.1.8
      203,03/12/2018,14:07,B,172.168.1.8
      202,03/12/2018,14:07,B,172.168.1.8
      128,03/12/2018,14:15,B,172.168.1.8
      301,03/12/2018,14:22,B,172.168.1.8
       16,03/12/2018,14:39,B,172.168.1.8
       27,03/12/2018,14:45,B,172.168.1.8
      254,03/12/2018,14:56,B,172.168.1.8
      213,03/12/2018,15:00,B,172.168.1.8
      291,03/12/2018,15:09,B,172.168.1.8
       51,03/12/2018,15:19,B,172.168.1.8
      121,03/12/2018,15:30,B,172.168.1.8
      211,03/12/2018,15:45,B,172.168.1.8
      204,03/12/2018,15:48,B,172.168.1.8
      205,03/12/2018,15:48,B,172.168.1.8
      205,03/12/2018,15:48,B,172.168.1.8
      205,03/12/2018,15:49,B,172.168.1.8
      205,03/12/2018,15:49,B,172.168.1.8
      204,03/12/2018,15:49,B,172.168.1.8
      209,03/12/2018,15:50,B,172.168.1.8
      207,03/12/2018,15:54,B,172.168.1.8
      207,03/12/2018,15:54,B,172.168.1.8
      216,03/12/2018,15:55,B,172.168.1.8
      212,03/12/2018,15:55,B,172.168.1.8
      309,03/12/2018,15:55,B,172.168.1.8
       64,03/12/2018,15:55,B,172.168.1.8
      208,03/12/2018,16:05,B,172.168.1.8
       35,03/12/2018,16:08,B,172.168.1.8
       14,03/12/2018,16:11,B,172.168.1.8
        6,03/12/2018,16:19,B,172.168.1.8
       18,03/12/2018,16:20,B,172.168.1.8
      303,03/12/2018,16:22,B,172.168.1.8
       62,03/12/2018,16:22,B,172.168.1.8
       21,03/12/2018,16:25,B,172.168.1.8
      262,03/12/2018,16:29,B,172.168.1.8
        5,03/12/2018,16:29,B,172.168.1.8
      119,03/12/2018,16:39,B,172.168.1.8
       28,03/12/2018,16:39,B,172.168.1.8
       24,03/12/2018,16:40,B,172.168.1.8
       24,03/12/2018,16:40,B,172.168.1.8
       32,03/12/2018,16:46,B,172.168.1.8
       19,03/12/2018,16:48,B,172.168.1.8
       12,03/12/2018,16:52,B,172.168.1.8
       10,03/12/2018,16:56,B,172.168.1.8
       10,03/12/2018,16:56,B,172.168.1.8
        2,03/12/2018,16:56,B,172.168.1.8
       29,03/12/2018,16:57,B,172.168.1.8
       11,03/12/2018,16:58,B,172.168.1.8
       22,03/12/2018,16:58,B,172.168.1.8
      125,03/12/2018,16:58,B,172.168.1.8
       22,03/12/2018,16:59,B,172.168.1.8
       25,03/12/2018,16:59,B,172.168.1.8
       18,03/12/2018,17:01,B,172.168.1.8
       23,03/12/2018,17:01,B,172.168.1.8
      268,03/12/2018,17:04,B,172.168.1.8
      268,03/12/2018,17:04,B,172.168.1.8
      118,03/12/2018,17:05,B,172.168.1.8
      287,03/12/2018,17:06,B,172.168.1.8
        9,03/12/2018,17:08,B,172.168.1.8
      283,03/12/2018,17:14,B,172.168.1.8
      289,03/12/2018,17:14,B,172.168.1.8
      253,03/12/2018,17:15,B,172.168.1.8
      131,03/12/2018,17:16,B,172.168.1.8
      261,03/12/2018,17:16,B,172.168.1.8
      127,03/12/2018,17:16,B,172.168.1.8
      109,03/12/2018,17:16,B,172.168.1.8
      312,03/12/2018,17:19,B,172.168.1.8
      120,03/12/2018,17:20,B,172.168.1.8
      280,03/12/2018,17:23,B,172.168.1.8
      271,03/12/2018,17:23,B,172.168.1.8
       17,03/12/2018,17:31,B,172.168.1.8
      290,03/12/2018,17:37,B,172.168.1.8
      114,03/12/2018,17:45,B,172.168.1.8
      260,03/12/2018,17:45,B,172.168.1.8
      273,03/12/2018,17:45,B,172.168.1.8
      116,03/12/2018,17:49,B,172.168.1.8
       30,03/12/2018,17:53,B,172.168.1.8
       26,03/12/2018,17:53,B,172.168.1.8
        8,03/12/2018,17:55,B,172.168.1.8
       36,03/12/2018,17:59,B,172.168.1.8
      293,03/12/2018,18:00,B,172.168.1.8
      112,03/12/2018,18:03,B,172.168.1.8
      112,03/12/2018,18:04,B,172.168.1.8
      251,03/12/2018,18:05,B,172.168.1.8
      115,03/12/2018,18:05,B,172.168.1.8
      295,03/12/2018,18:05,B,172.168.1.8
        1,03/12/2018,18:12,B,172.168.1.8
      256,03/12/2018,18:13,B,172.168.1.8
      310,03/12/2018,18:13,B,172.168.1.8
      117,03/12/2018,18:15,B,172.168.1.8
      255,03/12/2018,18:16,B,172.168.1.8
      310,03/12/2018,18:16,B,172.168.1.8
      117,03/12/2018,18:17,B,172.168.1.8
      101,03/12/2018,18:17,B,172.168.1.8
      255,03/12/2018,18:18,B,172.168.1.8
      126,03/12/2018,20:30,B,172.168.1.8
      121,04/12/2018,06:44,B,172.168.1.8
      214,04/12/2018,07:23,B,172.168.1.8
      119,04/12/2018,07:28,B,172.168.1.8
      291,04/12/2018,07:52,B,172.168.1.8
      255,04/12/2018,07:58,B,172.168.1.8
      273,04/12/2018,08:01,B,172.168.1.8
      215,04/12/2018,08:02,B,172.168.1.8
       52,04/12/2018,08:06,B,172.168.1.8
       42,04/12/2018,08:19,B,172.168.1.8
      126,04/12/2018,08:19,B,172.168.1.8
      287,04/12/2018,08:20,B,172.168.1.8
      260,04/12/2018,08:24,B,172.168.1.8
       16,04/12/2018,08:35,B,172.168.1.8
       18,04/12/2018,08:36,B,172.168.1.8
      112,04/12/2018,08:36,B,172.168.1.8
      210,04/12/2018,08:45,B,172.168.1.8
      211,04/12/2018,08:46,B,172.168.1.8
       36,04/12/2018,08:48,B,172.168.1.8
       17,04/12/2018,08:51,B,172.168.1.8
      268,04/12/2018,08:52,B,172.168.1.8
      125,04/12/2018,08:53,B,172.168.1.8
      115,04/12/2018,08:53,B,172.168.1.8
       23,04/12/2018,08:59,B,172.168.1.8
       11,04/12/2018,09:01,B,172.168.1.8
      212,04/12/2018,09:02,B,172.168.1.8
      120,04/12/2018,09:02,B,172.168.1.8
        8,04/12/2018,09:10,B,172.168.1.8
      202,04/12/2018,09:10,B,172.168.1.8
       25,04/12/2018,09:10,B,172.168.1.8
      202,04/12/2018,09:11,B,172.168.1.8
      280,04/12/2018,09:14,B,172.168.1.8
       12,04/12/2018,09:20,B,172.168.1.8
      122,04/12/2018,09:20,B,172.168.1.8
      262,04/12/2018,09:23,B,172.168.1.8
       26,04/12/2018,09:26,B,172.168.1.8
        9,04/12/2018,09:38,B,172.168.1.8
      131,04/12/2018,09:40,B,172.168.1.8
       32,04/12/2018,09:43,B,172.168.1.8
      290,04/12/2018,09:45,B,172.168.1.8
      204,04/12/2018,09:46,B,172.168.1.8
      207,04/12/2018,09:46,B,172.168.1.8
      289,04/12/2018,09:47,B,172.168.1.8
      123,04/12/2018,09:47,B,172.168.1.8
      114,04/12/2018,09:49,B,172.168.1.8
      203,04/12/2018,09:52,B,172.168.1.8
       24,04/12/2018,09:52,B,172.168.1.8
      116,04/12/2018,09:55,B,172.168.1.8
      106,04/12/2018,09:57,B,172.168.1.8
      128,04/12/2018,09:57,B,172.168.1.8
      118,04/12/2018,09:58,B,172.168.1.8
      256,04/12/2018,10:00,B,172.168.1.8
      208,04/12/2018,10:01,B,172.168.1.8
      258,04/12/2018,10:01,B,172.168.1.8
      109,04/12/2018,10:01,B,172.168.1.8
      127,04/12/2018,10:05,B,172.168.1.8
      253,04/12/2018,10:05,B,172.168.1.8
      216,04/12/2018,10:06,B,172.168.1.8
      283,04/12/2018,10:07,B,172.168.1.8
      117,04/12/2018,10:07,B,172.168.1.8
      271,04/12/2018,10:08,B,172.168.1.8
      201,04/12/2018,10:10,B,172.168.1.8
      293,04/12/2018,10:11,B,172.168.1.8
      303,04/12/2018,10:15,B,172.168.1.8
      295,04/12/2018,10:18,B,172.168.1.8
       14,04/12/2018,10:19,B,172.168.1.8
      261,04/12/2018,10:20,B,172.168.1.8
      261,04/12/2018,10:20,B,172.168.1.8
        5,04/12/2018,10:22,B,172.168.1.8
       10,04/12/2018,10:22,B,172.168.1.8
        6,04/12/2018,10:22,B,172.168.1.8
      129,04/12/2018,10:23,B,172.168.1.8
       35,04/12/2018,10:23,B,172.168.1.8
       30,04/12/2018,10:23,B,172.168.1.8
       30,04/12/2018,10:24,B,172.168.1.8
       28,04/12/2018,10:25,B,172.168.1.8
      205,04/12/2018,10:27,B,172.168.1.8
      310,04/12/2018,10:28,B,172.168.1.8
      254,04/12/2018,10:30,B,172.168.1.8
      101,04/12/2018,10:31,B,172.168.1.8
       42,04/12/2018,10:37,B,172.168.1.8
      209,04/12/2018,10:42,B,172.168.1.8
      251,04/12/2018,10:43,B,172.168.1.8
       21,04/12/2018,10:46,B,172.168.1.8
      213,04/12/2018,10:48,B,172.168.1.8
       62,04/12/2018,10:55,B,172.168.1.8
      312,04/12/2018,11:04,B,172.168.1.8
       22,04/12/2018,11:08,B,172.168.1.8
      206,04/12/2018,11:16,B,172.168.1.8
      309,04/12/2018,11:27,B,172.168.1.8
       29,04/12/2018,11:31,B,172.168.1.8
      110,04/12/2018,11:33,B,172.168.1.8
       27,04/12/2018,11:33,B,172.168.1.8
        2,04/12/2018,11:35,B,172.168.1.8
      305,04/12/2018,11:36,B,172.168.1.8
      311,04/12/2018,11:55,B,172.168.1.8
        1,04/12/2018,12:28,B,172.168.1.8
      215,04/12/2018,13:06,B,172.168.1.8
       52,04/12/2018,13:13,B,172.168.1.8
      210,04/12/2018,13:20,B,172.168.1.8
      304,04/12/2018,13:34,B,172.168.1.8
      122,04/12/2018,14:12,B,172.168.1.8
      309,04/12/2018,14:31,B,172.168.1.8
       16,04/12/2018,14:58,B,172.168.1.8
      303,04/12/2018,15:01,B,172.168.1.8
      121,04/12/2018,15:06,B,172.168.1.8
      291,04/12/2018,15:11,B,172.168.1.8
       36,04/12/2018,15:19,B,172.168.1.8
       35,04/12/2018,15:21,B,172.168.1.8
      305,04/12/2018,15:24,B,172.168.1.8
      110,04/12/2018,15:24,B,172.168.1.8
      201,04/12/2018,15:24,B,172.168.1.8
       14,04/12/2018,15:28,B,172.168.1.8
       11,04/12/2018,15:31,B,172.168.1.8
        9,04/12/2018,15:41,B,172.168.1.8
      127,04/12/2018,15:46,B,172.168.1.8
       14,04/12/2018,15:49,B,172.168.1.8
      211,04/12/2018,15:56,B,172.168.1.8
      207,04/12/2018,15:57,B,172.168.1.8
      212,04/12/2018,15:57,B,172.168.1.8
      205,04/12/2018,15:58,B,172.168.1.8
      212,04/12/2018,15:58,B,172.168.1.8
      207,04/12/2018,15:58,B,172.168.1.8
      216,04/12/2018,15:58,B,172.168.1.8
      205,04/12/2018,15:59,B,172.168.1.8
      205,04/12/2018,15:59,B,172.168.1.8
      204,04/12/2018,16:03,B,172.168.1.8
        9,04/12/2018,16:04,B,172.168.1.8
      213,04/12/2018,16:05,B,172.168.1.8
      209,04/12/2018,16:06,B,172.168.1.8
      208,04/12/2018,16:09,B,172.168.1.8
      214,04/12/2018,16:09,B,172.168.1.8
        6,04/12/2018,16:11,B,172.168.1.8
        5,04/12/2018,16:12,B,172.168.1.8
       62,04/12/2018,16:18,B,172.168.1.8
       24,04/12/2018,16:18,B,172.168.1.8
       24,04/12/2018,16:18,B,172.168.1.8
       18,04/12/2018,16:24,B,172.168.1.8
       28,04/12/2018,16:26,B,172.168.1.8
       58,04/12/2018,16:35,B,172.168.1.8
      119,04/12/2018,16:35,B,172.168.1.8
       18,04/12/2018,16:36,B,172.168.1.8
       21,04/12/2018,16:41,B,172.168.1.8
       10,04/12/2018,16:42,B,172.168.1.8
      311,04/12/2018,16:50,B,172.168.1.8
       17,04/12/2018,16:53,B,172.168.1.8
       29,04/12/2018,16:55,B,172.168.1.8
       25,04/12/2018,16:57,B,172.168.1.8
      262,04/12/2018,17:00,B,172.168.1.8
      312,04/12/2018,17:03,B,172.168.1.8
      118,04/12/2018,17:05,B,172.168.1.8
      128,04/12/2018,17:12,B,172.168.1.8
       32,04/12/2018,17:13,B,172.168.1.8
        8,04/12/2018,17:13,B,172.168.1.8
      109,04/12/2018,17:14,B,172.168.1.8
       37,04/12/2018,17:16,B,172.168.1.8
      253,04/12/2018,17:21,B,172.168.1.8
       32,04/12/2018,17:22,B,172.168.1.8
      261,04/12/2018,17:24,B,172.168.1.8
      123,04/12/2018,17:24,B,172.168.1.8
      289,04/12/2018,17:25,B,172.168.1.8
      120,04/12/2018,17:25,B,172.168.1.8
      254,04/12/2018,17:27,B,172.168.1.8
       26,04/12/2018,17:41,B,172.168.1.8
      268,04/12/2018,17:44,B,172.168.1.8
      287,04/12/2018,17:45,B,172.168.1.8
      273,04/12/2018,17:46,B,172.168.1.8
      295,04/12/2018,17:49,B,172.168.1.8
      260,04/12/2018,17:50,B,172.168.1.8
      114,04/12/2018,17:52,B,172.168.1.8
       27,04/12/2018,17:55,B,172.168.1.8
      116,04/12/2018,18:03,B,172.168.1.8
      251,04/12/2018,18:03,B,172.168.1.8
      115,04/12/2018,18:03,B,172.168.1.8
      310,04/12/2018,18:05,B,172.168.1.8
      116,04/12/2018,18:05,B,172.168.1.8
      101,04/12/2018,18:19,B,172.168.1.8
        1,04/12/2018,18:21,B,172.168.1.8
       30,04/12/2018,18:23,B,172.168.1.8
      293,04/12/2018,18:25,B,172.168.1.8
      280,04/12/2018,18:25,B,172.168.1.8
      283,04/12/2018,18:26,B,172.168.1.8
      271,04/12/2018,18:26,B,172.168.1.8
      256,04/12/2018,18:27,B,172.168.1.8
      258,04/12/2018,18:27,B,172.168.1.8
       12,04/12/2018,18:31,B,172.168.1.8
        2,04/12/2018,18:31,B,172.168.1.8
       23,04/12/2018,18:32,B,172.168.1.8
       22,04/12/2018,18:32,B,172.168.1.8
      131,04/12/2018,18:33,B,172.168.1.8
      131,04/12/2018,18:34,B,172.168.1.8
      125,04/12/2018,18:34,B,172.168.1.8
      129,04/12/2018,18:34,B,172.168.1.8
      290,04/12/2018,18:34,B,172.168.1.8
      106,04/12/2018,18:35,B,172.168.1.8
      255,04/12/2018,18:35,B,172.168.1.8
      255,04/12/2018,18:35,B,172.168.1.8
      129,04/12/2018,18:36,B,172.168.1.8
      112,04/12/2018,18:42,B,172.168.1.8
      126,04/12/2018,20:12,B,172.168.1.8
      126,05/12/2018,07:15,B,172.168.1.8
      287,05/12/2018,07:15,B,172.168.1.8
      121,05/12/2018,09:00,B,172.168.1.8
      121,05/12/2018,15:01,B,172.168.1.8
      256,05/12/2018,21:37,B,172.168.1.8
      114,05/12/2018,22:00,B,172.168.1.8
      256,05/12/2018,22:00,B,172.168.1.8
      126,05/12/2018,22:00,B,172.168.1.8
      262,05/12/2018,22:01,B,172.168.1.8
      115,06/12/2018,09:38,B,172.168.1.8
      126,06/12/2018,10:03,B,172.168.1.8
      256,06/12/2018,10:51,B,172.168.1.8
      101,06/12/2018,10:53,B,172.168.1.8
      251,06/12/2018,11:21,B,172.168.1.8
      115,06/12/2018,16:17,B,172.168.1.8
      101,06/12/2018,16:17,B,172.168.1.8
      256,06/12/2018,16:30,B,172.168.1.8
      126,06/12/2018,19:46,B,172.168.1.8
      121,07/12/2018,06:56,B,172.168.1.8
      112,07/12/2018,06:56,B,172.168.1.8
      119,07/12/2018,07:38,B,172.168.1.8
      214,07/12/2018,07:40,B,172.168.1.8
      291,07/12/2018,07:54,B,172.168.1.8
       52,07/12/2018,07:55,B,172.168.1.8
      203,07/12/2018,07:58,B,172.168.1.8
      255,07/12/2018,07:59,B,172.168.1.8
      273,07/12/2018,07:59,B,172.168.1.8
      216,07/12/2018,08:01,B,172.168.1.8
      205,07/12/2018,08:03,B,172.168.1.8
       42,07/12/2018,08:14,B,172.168.1.8
      215,07/12/2018,08:15,B,172.168.1.8
      126,07/12/2018,08:15,B,172.168.1.8
      260,07/12/2018,08:20,B,172.168.1.8
      287,07/12/2018,08:25,B,172.168.1.8
      301,07/12/2018,08:43,B,172.168.1.8
       23,07/12/2018,08:47,B,172.168.1.8
      209,07/12/2018,08:48,B,172.168.1.8
      211,07/12/2018,08:48,B,172.168.1.8
      115,07/12/2018,08:49,B,172.168.1.8
        8,07/12/2018,08:49,B,172.168.1.8
      268,07/12/2018,08:52,B,172.168.1.8
       11,07/12/2018,08:53,B,172.168.1.8
      212,07/12/2018,08:53,B,172.168.1.8
      207,07/12/2018,08:53,B,172.168.1.8
      210,07/12/2018,08:53,B,172.168.1.8
      210,07/12/2018,08:54,B,172.168.1.8
      204,07/12/2018,08:54,B,172.168.1.8
      208,07/12/2018,08:56,B,172.168.1.8
       17,07/12/2018,08:59,B,172.168.1.8
      280,07/12/2018,09:00,B,172.168.1.8
      120,07/12/2018,09:00,B,172.168.1.8
       14,07/12/2018,09:01,B,172.168.1.8
      213,07/12/2018,09:13,B,172.168.1.8
      303,07/12/2018,09:13,B,172.168.1.8
      283,07/12/2018,09:24,B,172.168.1.8
       25,07/12/2018,09:25,B,172.168.1.8
       12,07/12/2018,09:25,B,172.168.1.8
      202,07/12/2018,09:29,B,172.168.1.8
      131,07/12/2018,09:31,B,172.168.1.8
       28,07/12/2018,09:35,B,172.168.1.8
      290,07/12/2018,09:37,B,172.168.1.8
      262,07/12/2018,09:39,B,172.168.1.8
       32,07/12/2018,09:42,B,172.168.1.8
      122,07/12/2018,09:45,B,172.168.1.8
      123,07/12/2018,09:51,B,172.168.1.8
       26,07/12/2018,09:53,B,172.168.1.8
      116,07/12/2018,09:54,B,172.168.1.8
      206,07/12/2018,09:55,B,172.168.1.8
       62,07/12/2018,09:57,B,172.168.1.8
      128,07/12/2018,10:00,B,172.168.1.8
      125,07/12/2018,10:00,B,172.168.1.8
      271,07/12/2018,10:06,B,172.168.1.8
      127,07/12/2018,10:06,B,172.168.1.8
       24,07/12/2018,10:06,B,172.168.1.8
      117,07/12/2018,10:06,B,172.168.1.8
        5,07/12/2018,10:07,B,172.168.1.8
        6,07/12/2018,10:07,B,172.168.1.8
       10,07/12/2018,10:07,B,172.168.1.8
       21,07/12/2018,10:15,B,172.168.1.8
      114,07/12/2018,10:17,B,172.168.1.8
      310,07/12/2018,10:19,B,172.168.1.8
      253,07/12/2018,10:20,B,172.168.1.8
      261,07/12/2018,10:21,B,172.168.1.8
      109,07/12/2018,10:21,B,172.168.1.8
       29,07/12/2018,10:26,B,172.168.1.8
      129,07/12/2018,10:27,B,172.168.1.8
      101,07/12/2018,10:27,B,172.168.1.8
      131,07/12/2018,10:27,B,172.168.1.8
      254,07/12/2018,10:31,B,172.168.1.8
      293,07/12/2018,10:32,B,172.168.1.8
      256,07/12/2018,10:39,B,172.168.1.8
      295,07/12/2018,10:40,B,172.168.1.8
       35,07/12/2018,10:42,B,172.168.1.8
      251,07/12/2018,10:44,B,172.168.1.8
       18,07/12/2018,10:45,B,172.168.1.8
       27,07/12/2018,10:51,B,172.168.1.8
       42,07/12/2018,10:51,B,172.168.1.8
       36,07/12/2018,10:56,B,172.168.1.8
       22,07/12/2018,10:58,B,172.168.1.8
        9,07/12/2018,11:07,B,172.168.1.8
       51,07/12/2018,11:09,B,172.168.1.8
        2,07/12/2018,11:13,B,172.168.1.8
      309,07/12/2018,11:21,B,172.168.1.8
       30,07/12/2018,11:21,B,172.168.1.8
       30,07/12/2018,11:22,B,172.168.1.8
       19,07/12/2018,11:28,B,172.168.1.8
        1,07/12/2018,11:40,B,172.168.1.8
      312,07/12/2018,11:57,B,172.168.1.8
      201,07/12/2018,12:21,B,172.168.1.8
      301,07/12/2018,12:23,B,172.168.1.8
      305,07/12/2018,12:24,B,172.168.1.8
      110,07/12/2018,12:26,B,172.168.1.8
        8,07/12/2018,13:04,B,172.168.1.8
      215,07/12/2018,13:11,B,172.168.1.8
      216,07/12/2018,13:13,B,172.168.1.8
      214,07/12/2018,13:14,B,172.168.1.8
       27,07/12/2018,13:15,B,172.168.1.8
      205,07/12/2018,13:17,B,172.168.1.8
      205,07/12/2018,13:18,B,172.168.1.8
      207,07/12/2018,13:31,B,172.168.1.8
      212,07/12/2018,13:31,B,172.168.1.8
       52,07/12/2018,13:36,B,172.168.1.8
      131,07/12/2018,13:37,B,172.168.1.8
      254,07/12/2018,13:47,B,172.168.1.8
      208,07/12/2018,14:01,B,172.168.1.8
      204,07/12/2018,14:09,B,172.168.1.8
      213,07/12/2018,14:09,B,172.168.1.8
      209,07/12/2018,14:09,B,172.168.1.8
      211,07/12/2018,14:15,B,172.168.1.8
      291,07/12/2018,14:24,B,172.168.1.8
      202,07/12/2018,14:24,B,172.168.1.8
      210,07/12/2018,14:24,B,172.168.1.8
      202,07/12/2018,14:25,B,172.168.1.8
      210,07/12/2018,14:26,B,172.168.1.8
      128,07/12/2018,14:27,B,172.168.1.8
      201,07/12/2018,14:33,B,172.168.1.8
       51,07/12/2018,14:39,B,172.168.1.8
      206,07/12/2018,14:43,B,172.168.1.8
      121,07/12/2018,15:21,B,172.168.1.8
       62,07/12/2018,15:30,B,172.168.1.8
      305,07/12/2018,15:38,B,172.168.1.8
      309,07/12/2018,15:48,B,172.168.1.8
       11,07/12/2018,16:04,B,172.168.1.8
       10,07/12/2018,16:10,B,172.168.1.8
       36,07/12/2018,16:27,B,172.168.1.8
      119,07/12/2018,16:33,B,172.168.1.8
       29,07/12/2018,16:33,B,172.168.1.8
       21,07/12/2018,16:34,B,172.168.1.8
       24,07/12/2018,16:35,B,172.168.1.8
        9,07/12/2018,16:37,B,172.168.1.8
       22,07/12/2018,16:38,B,172.168.1.8
       23,07/12/2018,16:39,B,172.168.1.8
       28,07/12/2018,16:39,B,172.168.1.8
       35,07/12/2018,16:41,B,172.168.1.8
       35,07/12/2018,16:41,B,172.168.1.8
       14,07/12/2018,16:41,B,172.168.1.8
       18,07/12/2018,16:47,B,172.168.1.8
        5,07/12/2018,16:49,B,172.168.1.8
        6,07/12/2018,16:53,B,172.168.1.8
       30,07/12/2018,16:54,B,172.168.1.8
       19,07/12/2018,16:56,B,172.168.1.8
       25,07/12/2018,16:58,B,172.168.1.8
      280,07/12/2018,17:02,B,172.168.1.8
      287,07/12/2018,17:03,B,172.168.1.8
      268,07/12/2018,17:03,B,172.168.1.8
      262,07/12/2018,17:04,B,172.168.1.8
      125,07/12/2018,17:04,B,172.168.1.8
       26,07/12/2018,17:09,B,172.168.1.8
      122,07/12/2018,17:10,B,172.168.1.8
      110,07/12/2018,17:13,B,172.168.1.8
      109,07/12/2018,17:16,B,172.168.1.8
        2,07/12/2018,17:17,B,172.168.1.8
      271,07/12/2018,17:17,B,172.168.1.8
      283,07/12/2018,17:17,B,172.168.1.8
      253,07/12/2018,17:20,B,172.168.1.8
      127,07/12/2018,17:20,B,172.168.1.8
      127,07/12/2018,17:21,B,172.168.1.8
      261,07/12/2018,17:21,B,172.168.1.8
       12,07/12/2018,17:24,B,172.168.1.8
      273,07/12/2018,17:29,B,172.168.1.8
      260,07/12/2018,17:31,B,172.168.1.8
      114,07/12/2018,17:33,B,172.168.1.8
      295,07/12/2018,17:34,B,172.168.1.8
      293,07/12/2018,17:40,B,172.168.1.8
        1,07/12/2018,17:45,B,172.168.1.8
       17,07/12/2018,17:45,B,172.168.1.8
      129,07/12/2018,17:46,B,172.168.1.8
      129,07/12/2018,17:47,B,172.168.1.8
      290,07/12/2018,17:50,B,172.168.1.8
      115,07/12/2018,17:56,B,172.168.1.8
      116,07/12/2018,17:56,B,172.168.1.8
      251,07/12/2018,17:56,B,172.168.1.8
      312,07/12/2018,17:56,B,172.168.1.8
      112,07/12/2018,18:02,B,172.168.1.8
       32,07/12/2018,18:02,B,172.168.1.8
      101,07/12/2018,18:16,B,172.168.1.8
      256,07/12/2018,18:16,B,172.168.1.8
      310,07/12/2018,18:21,B,172.168.1.8
      117,07/12/2018,18:22,B,172.168.1.8
      255,07/12/2018,18:22,B,172.168.1.8
      126,08/12/2018,07:24,B,172.168.1.8
      119,08/12/2018,07:34,B,172.168.1.8
      291,08/12/2018,07:41,B,172.168.1.8
      209,08/12/2018,07:58,B,172.168.1.8
      206,08/12/2018,07:59,B,172.168.1.8
      202,08/12/2018,08:00,B,172.168.1.8
      204,08/12/2018,08:07,B,172.168.1.8
      216,08/12/2018,08:07,B,172.168.1.8
      210,08/12/2018,08:13,B,172.168.1.8
      273,08/12/2018,08:19,B,172.168.1.8
      268,08/12/2018,08:23,B,172.168.1.8
      260,08/12/2018,08:26,B,172.168.1.8
      255,08/12/2018,08:31,B,172.168.1.8
      287,08/12/2018,08:33,B,172.168.1.8
       36,08/12/2018,08:36,B,172.168.1.8
       65,08/12/2018,08:41,B,172.168.1.8
      312,08/12/2018,08:47,B,172.168.1.8
      115,08/12/2018,08:49,B,172.168.1.8
       26,08/12/2018,08:53,B,172.168.1.8
      211,08/12/2018,08:54,B,172.168.1.8
      214,08/12/2018,08:58,B,172.168.1.8
      205,08/12/2018,09:02,B,172.168.1.8
       18,08/12/2018,09:02,B,172.168.1.8
      208,08/12/2018,09:05,B,172.168.1.8
      262,08/12/2018,09:10,B,172.168.1.8
      213,08/12/2018,09:15,B,172.168.1.8
       12,08/12/2018,09:16,B,172.168.1.8
      207,08/12/2018,09:17,B,172.168.1.8
      207,08/12/2018,09:17,B,172.168.1.8
       62,08/12/2018,09:21,B,172.168.1.8
      303,08/12/2018,09:22,B,172.168.1.8
       23,08/12/2018,09:23,B,172.168.1.8
       14,08/12/2018,09:25,B,172.168.1.8
      112,08/12/2018,09:31,B,172.168.1.8
       32,08/12/2018,09:37,B,172.168.1.8
      280,08/12/2018,09:38,B,172.168.1.8
      203,08/12/2018,09:42,B,172.168.1.8
      215,08/12/2018,09:46,B,172.168.1.8
      116,08/12/2018,09:59,B,172.168.1.8
       21,08/12/2018,10:00,B,172.168.1.8
      289,08/12/2018,10:03,B,172.168.1.8
       24,08/12/2018,10:06,B,172.168.1.8
        9,08/12/2018,10:08,B,172.168.1.8
      131,08/12/2018,10:08,B,172.168.1.8
      114,08/12/2018,10:12,B,172.168.1.8
       30,08/12/2018,10:14,B,172.168.1.8
       30,08/12/2018,10:15,B,172.168.1.8
      271,08/12/2018,10:16,B,172.168.1.8
       35,08/12/2018,10:16,B,172.168.1.8
      101,08/12/2018,10:19,B,172.168.1.8
       17,08/12/2018,10:19,B,172.168.1.8
      209,08/12/2018,10:19,B,172.168.1.8
      206,08/12/2018,10:19,B,172.168.1.8
      204,08/12/2018,10:19,B,172.168.1.8
       28,08/12/2018,10:20,B,172.168.1.8
      201,08/12/2018,10:23,B,172.168.1.8
      202,08/12/2018,10:26,B,172.168.1.8
      216,08/12/2018,10:27,B,172.168.1.8
      127,08/12/2018,10:31,B,172.168.1.8
      290,08/12/2018,10:31,B,172.168.1.8
       11,08/12/2018,10:31,B,172.168.1.8
        6,08/12/2018,10:34,B,172.168.1.8
      208,08/12/2018,10:35,B,172.168.1.8
       10,08/12/2018,10:43,B,172.168.1.8
       16,08/12/2018,10:45,B,172.168.1.8
      261,08/12/2018,10:48,B,172.168.1.8
        5,08/12/2018,10:50,B,172.168.1.8
       29,08/12/2018,10:54,B,172.168.1.8
       36,08/12/2018,10:57,B,172.168.1.8
        2,08/12/2018,11:08,B,172.168.1.8
       22,08/12/2018,11:08,B,172.168.1.8
      251,08/12/2018,11:13,B,172.168.1.8
      211,08/12/2018,11:24,B,172.168.1.8
       19,08/12/2018,11:24,B,172.168.1.8
      210,08/12/2018,11:26,B,172.168.1.8
      205,08/12/2018,11:38,B,172.168.1.8
      205,08/12/2018,11:39,B,172.168.1.8
      293,08/12/2018,11:44,B,172.168.1.8
      215,08/12/2018,12:06,B,172.168.1.8
      214,08/12/2018,12:06,B,172.168.1.8
      207,08/12/2018,12:09,B,172.168.1.8
       62,08/12/2018,12:10,B,172.168.1.8
      213,08/12/2018,12:18,B,172.168.1.8
      203,08/12/2018,12:21,B,172.168.1.8
      201,08/12/2018,12:21,B,172.168.1.8
      303,08/12/2018,12:22,B,172.168.1.8
       24,08/12/2018,12:47,B,172.168.1.8
       35,08/12/2018,12:54,B,172.168.1.8
        9,08/12/2018,13:05,B,172.168.1.8
       14,08/12/2018,13:08,B,172.168.1.8
       16,08/12/2018,13:16,B,172.168.1.8
       12,08/12/2018,13:21,B,172.168.1.8
       26,08/12/2018,13:22,B,172.168.1.8
       30,08/12/2018,13:24,B,172.168.1.8
      291,08/12/2018,13:33,B,172.168.1.8
        5,08/12/2018,13:35,B,172.168.1.8
       10,08/12/2018,14:03,B,172.168.1.8
       18,08/12/2018,14:05,B,172.168.1.8
       29,08/12/2018,14:05,B,172.168.1.8
       19,08/12/2018,14:18,B,172.168.1.8
       32,08/12/2018,14:22,B,172.168.1.8
       23,08/12/2018,14:51,B,172.168.1.8
      112,08/12/2018,14:56,B,172.168.1.8
      112,08/12/2018,14:58,B,172.168.1.8
      119,08/12/2018,15:00,B,172.168.1.8
       17,08/12/2018,15:13,B,172.168.1.8
       28,08/12/2018,15:20,B,172.168.1.8
       65,08/12/2018,15:22,B,172.168.1.8
       21,08/12/2018,15:30,B,172.168.1.8
        6,08/12/2018,15:40,B,172.168.1.8
       11,08/12/2018,15:45,B,172.168.1.8
      287,08/12/2018,15:50,B,172.168.1.8
      268,08/12/2018,15:54,B,172.168.1.8
      289,08/12/2018,16:05,B,172.168.1.8
       22,08/12/2018,16:07,B,172.168.1.8
      268,08/12/2018,16:15,B,172.168.1.8
      101,08/12/2018,16:19,B,172.168.1.8
      114,08/12/2018,16:22,B,172.168.1.8
      312,08/12/2018,16:23,B,172.168.1.8
      128,08/12/2018,16:25,B,172.168.1.8
      273,08/12/2018,16:26,B,172.168.1.8
      115,08/12/2018,16:27,B,172.168.1.8
      131,08/12/2018,16:30,B,172.168.1.8
      271,08/12/2018,16:31,B,172.168.1.8
      290,08/12/2018,16:31,B,172.168.1.8
      271,08/12/2018,16:31,B,172.168.1.8
      271,08/12/2018,16:33,B,172.168.1.8
      271,08/12/2018,16:34,B,172.168.1.8
      280,08/12/2018,16:34,B,172.168.1.8
      115,08/12/2018,16:35,B,172.168.1.8
      116,08/12/2018,16:36,B,172.168.1.8
      251,08/12/2018,16:36,B,172.168.1.8
      260,08/12/2018,16:36,B,172.168.1.8
      261,08/12/2018,16:43,B,172.168.1.8
      127,08/12/2018,16:43,B,172.168.1.8
      293,08/12/2018,16:43,B,172.168.1.8
      262,08/12/2018,16:50,B,172.168.1.8
      262,08/12/2018,16:50,B,172.168.1.8
      255,08/12/2018,16:55,B,172.168.1.8
      255,08/12/2018,16:59,B,172.168.1.8
      114,08/12/2018,20:08,B,172.168.1.8
      255,09/12/2018,08:43,B,172.168.1.8
      260,09/12/2018,08:43,B,172.168.1.8
      260,09/12/2018,16:25,B,172.168.1.8
      255,09/12/2018,17:17,B,172.168.1.8
      121,10/12/2018,06:59,B,172.168.1.8
      119,10/12/2018,07:25,B,172.168.1.8
      205,10/12/2018,07:36,B,172.168.1.8
      291,10/12/2018,07:39,B,172.168.1.8
      210,10/12/2018,07:50,B,172.168.1.8
      215,10/12/2018,07:50,B,172.168.1.8
      207,10/12/2018,07:53,B,172.168.1.8
      273,10/12/2018,07:54,B,172.168.1.8
      214,10/12/2018,07:59,B,172.168.1.8
      262,10/12/2018,08:04,B,172.168.1.8
      301,10/12/2018,08:06,B,172.168.1.8
      301,10/12/2018,08:06,B,172.168.1.8
      211,10/12/2018,08:07,B,172.168.1.8
       52,10/12/2018,08:22,B,172.168.1.8
      202,10/12/2018,08:28,B,172.168.1.8
       65,10/12/2018,08:29,B,172.168.1.8
      208,10/12/2018,08:29,B,172.168.1.8
      255,10/12/2018,08:30,B,172.168.1.8
      287,10/12/2018,08:30,B,172.168.1.8
      260,10/12/2018,08:32,B,172.168.1.8
       11,10/12/2018,08:36,B,172.168.1.8
      212,10/12/2018,08:42,B,172.168.1.8
      115,10/12/2018,08:47,B,172.168.1.8
      268,10/12/2018,08:48,B,172.168.1.8
      120,10/12/2018,08:55,B,172.168.1.8
      204,10/12/2018,08:55,B,172.168.1.8
       14,10/12/2018,08:56,B,172.168.1.8
      309,10/12/2018,08:58,B,172.168.1.8
       18,10/12/2018,08:58,B,172.168.1.8
      125,10/12/2018,08:58,B,172.168.1.8
       32,10/12/2018,08:59,B,172.168.1.8
       23,10/12/2018,09:02,B,172.168.1.8
       16,10/12/2018,09:06,B,172.168.1.8
      203,10/12/2018,09:15,B,172.168.1.8
      122,10/12/2018,09:30,B,172.168.1.8
      112,10/12/2018,09:32,B,172.168.1.8
      216,10/12/2018,09:32,B,172.168.1.8
      303,10/12/2018,09:34,B,172.168.1.8
       25,10/12/2018,09:36,B,172.168.1.8
        5,10/12/2018,09:39,B,172.168.1.8
      213,10/12/2018,09:40,B,172.168.1.8
      123,10/12/2018,09:42,B,172.168.1.8
        9,10/12/2018,09:48,B,172.168.1.8
      280,10/12/2018,09:49,B,172.168.1.8
       24,10/12/2018,09:53,B,172.168.1.8
      118,10/12/2018,09:55,B,172.168.1.8
       28,10/12/2018,10:01,B,172.168.1.8
      109,10/12/2018,10:01,B,172.168.1.8
       26,10/12/2018,10:03,B,172.168.1.8
      116,10/12/2018,10:03,B,172.168.1.8
      201,10/12/2018,10:05,B,172.168.1.8
      271,10/12/2018,10:07,B,172.168.1.8
      127,10/12/2018,10:09,B,172.168.1.8
       12,10/12/2018,10:10,B,172.168.1.8
       62,10/12/2018,10:12,B,172.168.1.8
      254,10/12/2018,10:13,B,172.168.1.8
      310,10/12/2018,10:13,B,172.168.1.8
      289,10/12/2018,10:13,B,172.168.1.8
      261,10/12/2018,10:20,B,172.168.1.8
      114,10/12/2018,10:25,B,172.168.1.8
      110,10/12/2018,10:28,B,172.168.1.8
      253,10/12/2018,10:36,B,172.168.1.8
      256,10/12/2018,10:43,B,172.168.1.8
      293,10/12/2018,10:47,B,172.168.1.8
       36,10/12/2018,10:48,B,172.168.1.8
      106,10/12/2018,10:59,B,172.168.1.8
       51,10/12/2018,11:01,B,172.168.1.8
       35,10/12/2018,11:01,B,172.168.1.8
       10,10/12/2018,11:02,B,172.168.1.8
       30,10/12/2018,11:14,B,172.168.1.8
       19,10/12/2018,11:21,B,172.168.1.8
      122,10/12/2018,11:22,B,172.168.1.8
      110,10/12/2018,11:23,B,172.168.1.8
       22,10/12/2018,11:26,B,172.168.1.8
       52,10/12/2018,11:34,B,172.168.1.8
        2,10/12/2018,11:37,B,172.168.1.8
       28,10/12/2018,11:51,B,172.168.1.8
       29,10/12/2018,12:04,B,172.168.1.8
      258,10/12/2018,12:12,B,172.168.1.8
       65,10/12/2018,12:31,B,172.168.1.8
      205,10/12/2018,12:37,B,172.168.1.8
      205,10/12/2018,12:37,B,172.168.1.8
      309,10/12/2018,12:48,B,172.168.1.8
      210,10/12/2018,12:53,B,172.168.1.8
      214,10/12/2018,13:11,B,172.168.1.8
      215,10/12/2018,13:16,B,172.168.1.8
      208,10/12/2018,13:22,B,172.168.1.8
      207,10/12/2018,13:22,B,172.168.1.8
      212,10/12/2018,13:22,B,172.168.1.8
      216,10/12/2018,13:28,B,172.168.1.8
      202,10/12/2018,13:33,B,172.168.1.8
      301,10/12/2018,13:38,B,172.168.1.8
      131,10/12/2018,13:41,B,172.168.1.8
      211,10/12/2018,13:46,B,172.168.1.8
      204,10/12/2018,13:50,B,172.168.1.8
      312,10/12/2018,13:59,B,172.168.1.8
       64,10/12/2018,14:01,B,172.168.1.8
      201,10/12/2018,14:17,B,172.168.1.8
      203,10/12/2018,14:18,B,172.168.1.8
      213,10/12/2018,14:18,B,172.168.1.8
      121,10/12/2018,14:30,B,172.168.1.8
       16,10/12/2018,14:36,B,172.168.1.8
       51,10/12/2018,14:41,B,172.168.1.8
      291,10/12/2018,15:15,B,172.168.1.8
      262,10/12/2018,15:34,B,172.168.1.8
       18,10/12/2018,15:37,B,172.168.1.8
      303,10/12/2018,15:43,B,172.168.1.8
       62,10/12/2018,15:43,B,172.168.1.8
       24,10/12/2018,15:44,B,172.168.1.8
       36,10/12/2018,15:44,B,172.168.1.8
       64,10/12/2018,15:45,B,172.168.1.8
       11,10/12/2018,15:47,B,172.168.1.8
        5,10/12/2018,15:58,B,172.168.1.8
        9,10/12/2018,15:58,B,172.168.1.8
        9,10/12/2018,16:02,B,172.168.1.8
       12,10/12/2018,16:14,B,172.168.1.8
        2,10/12/2018,16:14,B,172.168.1.8
       22,10/12/2018,16:15,B,172.168.1.8
       23,10/12/2018,16:17,B,172.168.1.8
       32,10/12/2018,16:18,B,172.168.1.8
       14,10/12/2018,16:28,B,172.168.1.8
       26,10/12/2018,16:39,B,172.168.1.8
       35,10/12/2018,16:45,B,172.168.1.8
       10,10/12/2018,16:50,B,172.168.1.8
       10,10/12/2018,16:50,B,172.168.1.8
       19,10/12/2018,16:57,B,172.168.1.8
       25,10/12/2018,16:59,B,172.168.1.8
      125,10/12/2018,16:59,B,172.168.1.8
      258,10/12/2018,16:59,B,172.168.1.8
      115,10/12/2018,17:00,B,172.168.1.8
       29,10/12/2018,17:16,B,172.168.1.8
      109,10/12/2018,17:16,B,172.168.1.8
      118,10/12/2018,17:16,B,172.168.1.8
      280,10/12/2018,17:17,B,172.168.1.8
      271,10/12/2018,17:17,B,172.168.1.8
      253,10/12/2018,17:18,B,172.168.1.8
      289,10/12/2018,17:19,B,172.168.1.8
      261,10/12/2018,17:20,B,172.168.1.8
      120,10/12/2018,17:20,B,172.168.1.8
      127,10/12/2018,17:20,B,172.168.1.8
      280,10/12/2018,17:20,B,172.168.1.8
      271,10/12/2018,17:20,B,172.168.1.8
      254,10/12/2018,17:20,B,172.168.1.8
      123,10/12/2018,17:24,B,172.168.1.8
      273,10/12/2018,17:29,B,172.168.1.8
      268,10/12/2018,17:35,B,172.168.1.8
      268,10/12/2018,17:36,B,172.168.1.8
       30,10/12/2018,17:37,B,172.168.1.8
      131,10/12/2018,17:38,B,172.168.1.8
      106,10/12/2018,17:40,B,172.168.1.8
      256,10/12/2018,17:42,B,172.168.1.8
      260,10/12/2018,17:45,B,172.168.1.8
      114,10/12/2018,17:45,B,172.168.1.8
      312,10/12/2018,17:52,B,172.168.1.8
      312,10/12/2018,17:53,B,172.168.1.8
      310,10/12/2018,18:05,B,172.168.1.8
      255,10/12/2018,18:06,B,172.168.1.8
      112,10/12/2018,18:06,B,172.168.1.8
      116,10/12/2018,18:06,B,172.168.1.8
      116,10/12/2018,18:07,B,172.168.1.8
      112,10/12/2018,18:07,B,172.168.1.8
      293,10/12/2018,18:07,B,172.168.1.8
      121,11/12/2018,06:57,B,172.168.1.8
      262,11/12/2018,06:57,B,172.168.1.8
      273,11/12/2018,07:30,B,172.168.1.8
      119,11/12/2018,07:32,B,172.168.1.8
      287,11/12/2018,07:34,B,172.168.1.8
      214,11/12/2018,07:51,B,172.168.1.8
      291,11/12/2018,07:52,B,172.168.1.8
      205,11/12/2018,08:01,B,172.168.1.8
      208,11/12/2018,08:01,B,172.168.1.8
      211,11/12/2018,08:07,B,172.168.1.8
       52,11/12/2018,08:12,B,172.168.1.8
      209,11/12/2018,08:15,B,172.168.1.8
      209,11/12/2018,08:15,B,172.168.1.8
      210,11/12/2018,08:21,B,172.168.1.8
      260,11/12/2018,08:22,B,172.168.1.8
      255,11/12/2018,08:29,B,172.168.1.8
      216,11/12/2018,08:32,B,172.168.1.8
      212,11/12/2018,08:32,B,172.168.1.8
       16,11/12/2018,08:35,B,172.168.1.8
      204,11/12/2018,08:35,B,172.168.1.8
       18,11/12/2018,08:36,B,172.168.1.8
      202,11/12/2018,08:37,B,172.168.1.8
       14,11/12/2018,08:40,B,172.168.1.8
      115,11/12/2018,08:54,B,172.168.1.8
      120,11/12/2018,08:55,B,172.168.1.8
       11,11/12/2018,08:58,B,172.168.1.8
      207,11/12/2018,08:58,B,172.168.1.8
       32,11/12/2018,09:01,B,172.168.1.8
       62,11/12/2018,09:11,B,172.168.1.8
      122,11/12/2018,09:16,B,172.168.1.8
      303,11/12/2018,09:19,B,172.168.1.8
       12,11/12/2018,09:22,B,172.168.1.8
      112,11/12/2018,09:22,B,172.168.1.8
      127,11/12/2018,09:22,B,172.168.1.8
       25,11/12/2018,09:25,B,172.168.1.8
       36,11/12/2018,09:26,B,172.168.1.8
      283,11/12/2018,09:27,B,172.168.1.8
       23,11/12/2018,09:28,B,172.168.1.8
       26,11/12/2018,09:28,B,172.168.1.8
      280,11/12/2018,09:33,B,172.168.1.8
      110,11/12/2018,09:36,B,172.168.1.8
      203,11/12/2018,09:37,B,172.168.1.8
      290,11/12/2018,09:42,B,172.168.1.8
      213,11/12/2018,09:45,B,172.168.1.8
      116,11/12/2018,09:46,B,172.168.1.8
       24,11/12/2018,09:49,B,172.168.1.8
       24,11/12/2018,09:50,B,172.168.1.8
      123,11/12/2018,09:51,B,172.168.1.8
       30,11/12/2018,09:55,B,172.168.1.8
      206,11/12/2018,09:58,B,172.168.1.8
      253,11/12/2018,10:00,B,172.168.1.8
      114,11/12/2018,10:00,B,172.168.1.8
      289,11/12/2018,10:04,B,172.168.1.8
       22,11/12/2018,10:06,B,172.168.1.8
      271,11/12/2018,10:06,B,172.168.1.8
      295,11/12/2018,10:08,B,172.168.1.8
      258,11/12/2018,10:08,B,172.168.1.8
      310,11/12/2018,10:08,B,172.168.1.8
      106,11/12/2018,10:13,B,172.168.1.8
      254,11/12/2018,10:20,B,172.168.1.8
      261,11/12/2018,10:22,B,172.168.1.8
       35,11/12/2018,10:28,B,172.168.1.8
      256,11/12/2018,10:33,B,172.168.1.8
      101,11/12/2018,10:34,B,172.168.1.8
       28,11/12/2018,10:35,B,172.168.1.8
        5,11/12/2018,10:37,B,172.168.1.8
       10,11/12/2018,10:38,B,172.168.1.8
        2,11/12/2018,10:44,B,172.168.1.8
      305,11/12/2018,10:44,B,172.168.1.8
      118,11/12/2018,10:51,B,172.168.1.8
      251,11/12/2018,11:01,B,172.168.1.8
      312,11/12/2018,11:06,B,172.168.1.8
       19,11/12/2018,11:14,B,172.168.1.8
        9,11/12/2018,11:30,B,172.168.1.8
       29,11/12/2018,11:51,B,172.168.1.8
       29,11/12/2018,11:51,B,172.168.1.8
       52,11/12/2018,12:31,B,172.168.1.8
       10,11/12/2018,12:44,B,172.168.1.8
      254,11/12/2018,12:46,B,172.168.1.8
      208,11/12/2018,13:00,B,172.168.1.8
      205,11/12/2018,13:01,B,172.168.1.8
      205,11/12/2018,13:01,B,172.168.1.8
      214,11/12/2018,13:12,B,172.168.1.8
      207,11/12/2018,13:23,B,172.168.1.8
      212,11/12/2018,13:23,B,172.168.1.8
      216,11/12/2018,13:24,B,172.168.1.8
      213,11/12/2018,13:25,B,172.168.1.8
      204,11/12/2018,13:25,B,172.168.1.8
      209,11/12/2018,13:25,B,172.168.1.8
      211,11/12/2018,13:26,B,172.168.1.8
      211,11/12/2018,13:28,B,172.168.1.8
      203,11/12/2018,13:37,B,172.168.1.8
      202,11/12/2018,13:37,B,172.168.1.8
      304,11/12/2018,13:46,B,172.168.1.8
      262,11/12/2018,13:53,B,172.168.1.8
      210,11/12/2018,13:53,B,172.168.1.8
      210,11/12/2018,13:55,B,172.168.1.8
      311,11/12/2018,13:58,B,172.168.1.8
      305,11/12/2018,14:27,B,172.168.1.8
      303,11/12/2018,14:30,B,172.168.1.8
       36,11/12/2018,14:34,B,172.168.1.8
       16,11/12/2018,14:47,B,172.168.1.8
       62,11/12/2018,14:49,B,172.168.1.8
      258,11/12/2018,15:14,B,172.168.1.8
     8888,11/12/2018,15:14,B,172.168.1.8
     8888,11/12/2018,15:14,B,172.168.1.8
     8888,11/12/2018,15:14,B,172.168.1.8
       24,11/12/2018,15:30,B,172.168.1.8
      121,11/12/2018,15:36,B,172.168.1.8
        9,11/12/2018,15:41,B,172.168.1.8
       35,11/12/2018,15:46,B,172.168.1.8
       18,11/12/2018,16:00,B,172.168.1.8
       14,11/12/2018,16:08,B,172.168.1.8
       14,11/12/2018,16:08,B,172.168.1.8
       14,11/12/2018,16:09,B,172.168.1.8
        2,11/12/2018,16:11,B,172.168.1.8
       23,11/12/2018,16:17,B,172.168.1.8
        5,11/12/2018,16:19,B,172.168.1.8
      291,11/12/2018,16:27,B,172.168.1.8
       28,11/12/2018,16:34,B,172.168.1.8
      119,11/12/2018,16:37,B,172.168.1.8
       19,11/12/2018,16:44,B,172.168.1.8
       25,11/12/2018,16:55,B,172.168.1.8
      101,11/12/2018,16:56,B,172.168.1.8
      110,11/12/2018,17:00,B,172.168.1.8
      115,11/12/2018,17:00,B,172.168.1.8
      295,11/12/2018,17:00,B,172.168.1.8
      251,11/12/2018,17:00,B,172.168.1.8
      253,11/12/2018,17:02,B,172.168.1.8
      273,11/12/2018,17:06,B,172.168.1.8
      122,11/12/2018,17:08,B,172.168.1.8
      287,11/12/2018,17:11,B,172.168.1.8
       11,11/12/2018,17:11,B,172.168.1.8
      123,11/12/2018,17:13,B,172.168.1.8
       26,11/12/2018,17:14,B,172.168.1.8
       26,11/12/2018,17:14,B,172.168.1.8
      271,11/12/2018,17:15,B,172.168.1.8
      280,11/12/2018,17:15,B,172.168.1.8
      283,11/12/2018,17:15,B,172.168.1.8
      118,11/12/2018,17:15,B,172.168.1.8
      260,11/12/2018,17:16,B,172.168.1.8
       12,11/12/2018,17:17,B,172.168.1.8
       22,11/12/2018,17:17,B,172.168.1.8
      127,11/12/2018,17:18,B,172.168.1.8
      261,11/12/2018,17:19,B,172.168.1.8
      289,11/12/2018,17:19,B,172.168.1.8
      127,11/12/2018,17:19,B,172.168.1.8
      120,11/12/2018,17:20,B,172.168.1.8
       30,11/12/2018,17:25,B,172.168.1.8
      256,11/12/2018,17:32,B,172.168.1.8
      106,11/12/2018,17:32,B,172.168.1.8
      311,11/12/2018,17:34,B,172.168.1.8
      112,11/12/2018,17:37,B,172.168.1.8
      112,11/12/2018,17:38,B,172.168.1.8
      312,11/12/2018,17:41,B,172.168.1.8
      116,11/12/2018,18:00,B,172.168.1.8
      290,11/12/2018,18:00,B,172.168.1.8
      310,11/12/2018,18:00,B,172.168.1.8
      255,11/12/2018,18:54,B,172.168.1.8
      121,12/12/2018,06:57,B,172.168.1.8
      287,12/12/2018,07:27,B,172.168.1.8
      119,12/12/2018,07:30,B,172.168.1.8
      273,12/12/2018,07:43,B,172.168.1.8
       40,12/12/2018,07:50,B,172.168.1.8
      215,12/12/2018,07:54,B,172.168.1.8
      214,12/12/2018,07:56,B,172.168.1.8
      209,12/12/2018,07:56,B,172.168.1.8
      208,12/12/2018,08:01,B,172.168.1.8
      112,12/12/2018,08:01,B,172.168.1.8
      203,12/12/2018,08:04,B,172.168.1.8
       42,12/12/2018,08:06,B,172.168.1.8
      291,12/12/2018,08:06,B,172.168.1.8
      260,12/12/2018,08:21,B,172.168.1.8
      301,12/12/2018,08:22,B,172.168.1.8
      212,12/12/2018,08:25,B,172.168.1.8
      216,12/12/2018,08:25,B,172.168.1.8
      210,12/12/2018,08:26,B,172.168.1.8
      262,12/12/2018,08:30,B,172.168.1.8
       16,12/12/2018,08:44,B,172.168.1.8
       18,12/12/2018,08:44,B,172.168.1.8
       23,12/12/2018,08:46,B,172.168.1.8
      115,12/12/2018,08:50,B,172.168.1.8
      202,12/12/2018,08:51,B,172.168.1.8
      205,12/12/2018,08:52,B,172.168.1.8
      204,12/12/2018,08:53,B,172.168.1.8
      207,12/12/2018,08:54,B,172.168.1.8
       36,12/12/2018,08:56,B,172.168.1.8
      120,12/12/2018,08:59,B,172.168.1.8
       12,12/12/2018,09:19,B,172.168.1.8
      283,12/12/2018,09:21,B,172.168.1.8
       52,12/12/2018,09:23,B,172.168.1.8
       25,12/12/2018,09:24,B,172.168.1.8
      125,12/12/2018,09:27,B,172.168.1.8
       51,12/12/2018,09:33,B,172.168.1.8
      213,12/12/2018,09:33,B,172.168.1.8
       30,12/12/2018,09:33,B,172.168.1.8
      303,12/12/2018,09:42,B,172.168.1.8
        5,12/12/2018,09:42,B,172.168.1.8
      211,12/12/2018,09:42,B,172.168.1.8
       11,12/12/2018,09:42,B,172.168.1.8
      128,12/12/2018,09:44,B,172.168.1.8
      206,12/12/2018,09:46,B,172.168.1.8
      123,12/12/2018,09:52,B,172.168.1.8
       24,12/12/2018,09:53,B,172.168.1.8
      106,12/12/2018,09:57,B,172.168.1.8
      131,12/12/2018,09:58,B,172.168.1.8
      109,12/12/2018,09:58,B,172.168.1.8
      110,12/12/2018,09:58,B,172.168.1.8
      280,12/12/2018,10:01,B,172.168.1.8
      116,12/12/2018,10:03,B,172.168.1.8
       14,12/12/2018,10:04,B,172.168.1.8
      114,12/12/2018,10:06,B,172.168.1.8
      310,12/12/2018,10:06,B,172.168.1.8
      127,12/12/2018,10:07,B,172.168.1.8
      201,12/12/2018,10:08,B,172.168.1.8
      289,12/12/2018,10:09,B,172.168.1.8
      118,12/12/2018,10:09,B,172.168.1.8
      295,12/12/2018,10:10,B,172.168.1.8
      271,12/12/2018,10:12,B,172.168.1.8
      253,12/12/2018,10:13,B,172.168.1.8
       62,12/12/2018,10:20,B,172.168.1.8
      261,12/12/2018,10:21,B,172.168.1.8
      256,12/12/2018,10:24,B,172.168.1.8
      101,12/12/2018,10:26,B,172.168.1.8
      254,12/12/2018,10:27,B,172.168.1.8
       35,12/12/2018,10:28,B,172.168.1.8
       10,12/12/2018,10:33,B,172.168.1.8
       51,12/12/2018,10:42,B,172.168.1.8
      129,12/12/2018,10:46,B,172.168.1.8
       40,12/12/2018,10:47,B,172.168.1.8
        9,12/12/2018,10:54,B,172.168.1.8
      117,12/12/2018,10:55,B,172.168.1.8
       26,12/12/2018,10:59,B,172.168.1.8
      251,12/12/2018,10:59,B,172.168.1.8
        2,12/12/2018,11:09,B,172.168.1.8
       19,12/12/2018,11:13,B,172.168.1.8
       42,12/12/2018,11:36,B,172.168.1.8
       29,12/12/2018,11:49,B,172.168.1.8
       29,12/12/2018,11:49,B,172.168.1.8
        6,12/12/2018,11:58,B,172.168.1.8
      208,12/12/2018,12:02,B,172.168.1.8
      312,12/12/2018,12:13,B,172.168.1.8
      309,12/12/2018,12:23,B,172.168.1.8
       52,12/12/2018,12:31,B,172.168.1.8
       65,12/12/2018,12:51,B,172.168.1.8
      215,12/12/2018,13:01,B,172.168.1.8
      209,12/12/2018,13:01,B,172.168.1.8
      203,12/12/2018,13:03,B,172.168.1.8
      110,12/12/2018,13:03,B,172.168.1.8
      214,12/12/2018,13:04,B,172.168.1.8
      212,12/12/2018,13:25,B,172.168.1.8
      216,12/12/2018,13:25,B,172.168.1.8
      210,12/12/2018,13:27,B,172.168.1.8
      202,12/12/2018,13:47,B,172.168.1.8
       12,12/12/2018,13:52,B,172.168.1.8
      311,12/12/2018,13:55,B,172.168.1.8
      205,12/12/2018,13:56,B,172.168.1.8
      205,12/12/2018,13:56,B,172.168.1.8
       64,12/12/2018,13:58,B,172.168.1.8
      204,12/12/2018,14:10,B,172.168.1.8
      204,12/12/2018,14:11,B,172.168.1.8
      303,12/12/2018,14:19,B,172.168.1.8
      309,12/12/2018,14:28,B,172.168.1.8
      211,12/12/2018,14:28,B,172.168.1.8
       16,12/12/2018,14:41,B,172.168.1.8
      206,12/12/2018,14:45,B,172.168.1.8
       18,12/12/2018,14:50,B,172.168.1.8
       16,12/12/2018,14:51,B,172.168.1.8
      213,12/12/2018,14:59,B,172.168.1.8
      201,12/12/2018,15:11,B,172.168.1.8
      121,12/12/2018,15:39,B,172.168.1.8
       11,12/12/2018,15:42,B,172.168.1.8
      283,12/12/2018,15:47,B,172.168.1.8
       24,12/12/2018,15:49,B,172.168.1.8
       64,12/12/2018,15:51,B,172.168.1.8
       23,12/12/2018,15:56,B,172.168.1.8
       62,12/12/2018,15:57,B,172.168.1.8
       35,12/12/2018,15:57,B,172.168.1.8
       35,12/12/2018,15:58,B,172.168.1.8
      291,12/12/2018,16:30,B,172.168.1.8
       10,12/12/2018,16:31,B,172.168.1.8
       26,12/12/2018,16:31,B,172.168.1.8
        9,12/12/2018,16:33,B,172.168.1.8
      311,12/12/2018,16:34,B,172.168.1.8
        6,12/12/2018,16:38,B,172.168.1.8
       65,12/12/2018,16:40,B,172.168.1.8
       30,12/12/2018,16:42,B,172.168.1.8
       19,12/12/2018,16:47,B,172.168.1.8
       25,12/12/2018,16:58,B,172.168.1.8
      262,12/12/2018,17:00,B,172.168.1.8
      128,12/12/2018,17:05,B,172.168.1.8
      115,12/12/2018,17:06,B,172.168.1.8
      251,12/12/2018,17:06,B,172.168.1.8
      254,12/12/2018,17:06,B,172.168.1.8
      295,12/12/2018,17:06,B,172.168.1.8
      312,12/12/2018,17:08,B,172.168.1.8
        2,12/12/2018,17:12,B,172.168.1.8
       22,12/12/2018,17:13,B,172.168.1.8
       14,12/12/2018,17:13,B,172.168.1.8
      253,12/12/2018,17:14,B,172.168.1.8
      109,12/12/2018,17:14,B,172.168.1.8
      131,12/12/2018,17:15,B,172.168.1.8
      289,12/12/2018,17:18,B,172.168.1.8
      271,12/12/2018,17:19,B,172.168.1.8
      280,12/12/2018,17:19,B,172.168.1.8
      120,12/12/2018,17:20,B,172.168.1.8
      261,12/12/2018,17:20,B,172.168.1.8
      118,12/12/2018,17:20,B,172.168.1.8
      123,12/12/2018,17:20,B,172.168.1.8
      101,12/12/2018,17:25,B,172.168.1.8
      273,12/12/2018,17:29,B,172.168.1.8
      260,12/12/2018,17:30,B,172.168.1.8
      114,12/12/2018,17:30,B,172.168.1.8
      125,12/12/2018,17:32,B,172.168.1.8
      106,12/12/2018,17:34,B,172.168.1.8
      256,12/12/2018,17:52,B,172.168.1.8
      116,12/12/2018,17:58,B,172.168.1.8
      112,12/12/2018,17:58,B,172.168.1.8
      310,12/12/2018,17:59,B,172.168.1.8
      117,12/12/2018,17:59,B,172.168.1.8
      114,12/12/2018,20:34,B,172.168.1.8
      121,13/12/2018,06:48,B,172.168.1.8
      273,13/12/2018,07:30,B,172.168.1.8
      287,13/12/2018,07:33,B,172.168.1.8
      112,13/12/2018,07:38,B,172.168.1.8
      291,13/12/2018,07:44,B,172.168.1.8
      204,13/12/2018,08:01,B,172.168.1.8
      215,13/12/2018,08:02,B,172.168.1.8
       54,13/12/2018,08:04,B,172.168.1.8
      211,13/12/2018,08:06,B,172.168.1.8
      216,13/12/2018,08:06,B,172.168.1.8
      205,13/12/2018,08:09,B,172.168.1.8
       52,13/12/2018,08:18,B,172.168.1.8
      255,13/12/2018,08:22,B,172.168.1.8
       42,13/12/2018,08:24,B,172.168.1.8
      260,13/12/2018,08:25,B,172.168.1.8
      210,13/12/2018,08:30,B,172.168.1.8
      303,13/12/2018,08:36,B,172.168.1.8
      312,13/12/2018,08:46,B,172.168.1.8
      202,13/12/2018,08:50,B,172.168.1.8
      125,13/12/2018,08:51,B,172.168.1.8
      115,13/12/2018,08:53,B,172.168.1.8
       23,13/12/2018,08:55,B,172.168.1.8
      207,13/12/2018,08:56,B,172.168.1.8
      212,13/12/2018,08:56,B,172.168.1.8
       18,13/12/2018,08:56,B,172.168.1.8
      214,13/12/2018,08:59,B,172.168.1.8
      268,13/12/2018,09:05,B,172.168.1.8
       12,13/12/2018,09:07,B,172.168.1.8
      209,13/12/2018,09:08,B,172.168.1.8
      203,13/12/2018,09:12,B,172.168.1.8
       11,13/12/2018,09:15,B,172.168.1.8
      122,13/12/2018,09:20,B,172.168.1.8
       25,13/12/2018,09:28,B,172.168.1.8
      120,13/12/2018,09:29,B,172.168.1.8
      206,13/12/2018,09:34,B,172.168.1.8
      131,13/12/2018,09:36,B,172.168.1.8
      283,13/12/2018,09:42,B,172.168.1.8
      290,13/12/2018,09:43,B,172.168.1.8
       26,13/12/2018,09:45,B,172.168.1.8
       14,13/12/2018,09:51,B,172.168.1.8
       22,13/12/2018,09:54,B,172.168.1.8
      128,13/12/2018,09:58,B,172.168.1.8
      118,13/12/2018,10:01,B,172.168.1.8
      201,13/12/2018,10:02,B,172.168.1.8
       62,13/12/2018,10:03,B,172.168.1.8
      289,13/12/2018,10:03,B,172.168.1.8
       30,13/12/2018,10:05,B,172.168.1.8
      109,13/12/2018,10:05,B,172.168.1.8
      114,13/12/2018,10:05,B,172.168.1.8
      117,13/12/2018,10:09,B,172.168.1.8
      271,13/12/2018,10:09,B,172.168.1.8
      310,13/12/2018,10:10,B,172.168.1.8
      253,13/12/2018,10:10,B,172.168.1.8
       16,13/12/2018,10:10,B,172.168.1.8
      123,13/12/2018,10:12,B,172.168.1.8
      127,13/12/2018,10:13,B,172.168.1.8
      127,13/12/2018,10:13,B,172.168.1.8
       28,13/12/2018,10:14,B,172.168.1.8
      116,13/12/2018,10:14,B,172.168.1.8
      110,13/12/2018,10:16,B,172.168.1.8
      261,13/12/2018,10:21,B,172.168.1.8
      254,13/12/2018,10:21,B,172.168.1.8
       54,13/12/2018,10:23,B,172.168.1.8
      106,13/12/2018,10:24,B,172.168.1.8
       36,13/12/2018,10:30,B,172.168.1.8
      295,13/12/2018,10:34,B,172.168.1.8
       35,13/12/2018,10:36,B,172.168.1.8
       35,13/12/2018,10:36,B,172.168.1.8
       65,13/12/2018,10:39,B,172.168.1.8
      129,13/12/2018,10:40,B,172.168.1.8
      251,13/12/2018,10:47,B,172.168.1.8
      280,13/12/2018,10:50,B,172.168.1.8
      101,13/12/2018,10:57,B,172.168.1.8
        5,13/12/2018,11:03,B,172.168.1.8
        5,13/12/2018,11:03,B,172.168.1.8
       10,13/12/2018,11:03,B,172.168.1.8
        6,13/12/2018,11:04,B,172.168.1.8
      309,13/12/2018,11:14,B,172.168.1.8
       19,13/12/2018,11:16,B,172.168.1.8
       42,13/12/2018,11:17,B,172.168.1.8
      216,13/12/2018,11:18,B,172.168.1.8
        9,13/12/2018,11:20,B,172.168.1.8
       29,13/12/2018,11:28,B,172.168.1.8
        2,13/12/2018,11:49,B,172.168.1.8
       17,13/12/2018,11:58,B,172.168.1.8
      305,13/12/2018,12:02,B,172.168.1.8
       52,13/12/2018,12:20,B,172.168.1.8
      215,13/12/2018,12:50,B,172.168.1.8
      207,13/12/2018,13:20,B,172.168.1.8
      211,13/12/2018,13:25,B,172.168.1.8
      210,13/12/2018,13:28,B,172.168.1.8
      205,13/12/2018,13:34,B,172.168.1.8
      205,13/12/2018,13:35,B,172.168.1.8
      304,13/12/2018,13:41,B,172.168.1.8
      202,13/12/2018,13:48,B,172.168.1.8
      212,13/12/2018,14:07,B,172.168.1.8
      203,13/12/2018,14:13,B,172.168.1.8
      204,13/12/2018,14:25,B,172.168.1.8
      209,13/12/2018,14:25,B,172.168.1.8
      204,13/12/2018,14:26,B,172.168.1.8
      303,13/12/2018,14:27,B,172.168.1.8
      303,13/12/2018,14:29,B,172.168.1.8
      214,13/12/2018,14:29,B,172.168.1.8
      206,13/12/2018,14:37,B,172.168.1.8
       36,13/12/2018,14:50,B,172.168.1.8
      201,13/12/2018,15:03,B,172.168.1.8
      128,13/12/2018,15:05,B,172.168.1.8
      121,13/12/2018,15:13,B,172.168.1.8
      121,13/12/2018,15:15,B,172.168.1.8
       11,13/12/2018,15:28,B,172.168.1.8
       16,13/12/2018,15:31,B,172.168.1.8
      305,13/12/2018,15:34,B,172.168.1.8
       62,13/12/2018,15:39,B,172.168.1.8
      110,13/12/2018,16:01,B,172.168.1.8
       14,13/12/2018,16:03,B,172.168.1.8
       23,13/12/2018,16:05,B,172.168.1.8
       65,13/12/2018,16:13,B,172.168.1.8
       28,13/12/2018,16:22,B,172.168.1.8
       35,13/12/2018,16:31,B,172.168.1.8
      312,13/12/2018,16:33,B,172.168.1.8
      312,13/12/2018,16:33,B,172.168.1.8
      291,13/12/2018,16:37,B,172.168.1.8
       18,13/12/2018,16:37,B,172.168.1.8
      309,13/12/2018,16:43,B,172.168.1.8
       19,13/12/2018,16:45,B,172.168.1.8
        6,13/12/2018,16:52,B,172.168.1.8
      303,13/12/2018,16:53,B,172.168.1.8
        9,13/12/2018,16:56,B,172.168.1.8
       29,13/12/2018,16:58,B,172.168.1.8
       10,13/12/2018,16:59,B,172.168.1.8
       25,13/12/2018,17:00,B,172.168.1.8
        5,13/12/2018,17:09,B,172.168.1.8
      122,13/12/2018,17:10,B,172.168.1.8
       26,13/12/2018,17:10,B,172.168.1.8
      109,13/12/2018,17:15,B,172.168.1.8
      295,13/12/2018,17:15,B,172.168.1.8
       30,13/12/2018,17:18,B,172.168.1.8
      253,13/12/2018,17:18,B,172.168.1.8
      280,13/12/2018,17:18,B,172.168.1.8
      271,13/12/2018,17:18,B,172.168.1.8
      283,13/12/2018,17:19,B,172.168.1.8
      131,13/12/2018,17:20,B,172.168.1.8
      268,13/12/2018,17:20,B,172.168.1.8
      118,13/12/2018,17:20,B,172.168.1.8
      289,13/12/2018,17:21,B,172.168.1.8
      261,13/12/2018,17:21,B,172.168.1.8
      127,13/12/2018,17:24,B,172.168.1.8
      116,13/12/2018,17:25,B,172.168.1.8
      120,13/12/2018,17:26,B,172.168.1.8
       12,13/12/2018,17:27,B,172.168.1.8
      106,13/12/2018,17:33,B,172.168.1.8
      125,13/12/2018,17:33,B,172.168.1.8
      114,13/12/2018,17:33,B,172.168.1.8
      129,13/12/2018,17:35,B,172.168.1.8
       17,13/12/2018,17:38,B,172.168.1.8
      254,13/12/2018,17:39,B,172.168.1.8
      251,13/12/2018,17:39,B,172.168.1.8
      115,13/12/2018,17:39,B,172.168.1.8
      260,13/12/2018,17:45,B,172.168.1.8
      123,13/12/2018,17:52,B,172.168.1.8
      112,13/12/2018,18:00,B,172.168.1.8
      290,13/12/2018,18:00,B,172.168.1.8
      101,13/12/2018,18:03,B,172.168.1.8
      117,13/12/2018,18:10,B,172.168.1.8
      310,13/12/2018,18:11,B,172.168.1.8
      255,13/12/2018,20:21,B,172.168.1.8
      121,14/12/2018,06:42,B,172.168.1.8
      262,14/12/2018,07:19,B,172.168.1.8
      126,14/12/2018,07:23,B,172.168.1.8
      112,14/12/2018,07:26,B,172.168.1.8
      112,14/12/2018,07:27,B,172.168.1.8
       52,14/12/2018,07:35,B,172.168.1.8
      291,14/12/2018,07:46,B,172.168.1.8
      256,14/12/2018,07:50,B,172.168.1.8
      215,14/12/2018,07:52,B,172.168.1.8
      214,14/12/2018,07:54,B,172.168.1.8
      203,14/12/2018,08:01,B,172.168.1.8
      216,14/12/2018,08:01,B,172.168.1.8
      273,14/12/2018,08:02,B,172.168.1.8
      283,14/12/2018,08:05,B,172.168.1.8
       37,14/12/2018,08:16,B,172.168.1.8
      260,14/12/2018,08:16,B,172.168.1.8
      301,14/12/2018,08:25,B,172.168.1.8
      212,14/12/2018,08:35,B,172.168.1.8
      255,14/12/2018,08:37,B,172.168.1.8
       14,14/12/2018,08:37,B,172.168.1.8
      211,14/12/2018,08:44,B,172.168.1.8
       28,14/12/2018,08:48,B,172.168.1.8
       23,14/12/2018,08:53,B,172.168.1.8
      207,14/12/2018,08:55,B,172.168.1.8
      202,14/12/2018,08:58,B,172.168.1.8
      208,14/12/2018,09:00,B,172.168.1.8
      268,14/12/2018,09:00,B,172.168.1.8
       17,14/12/2018,09:02,B,172.168.1.8
      209,14/12/2018,09:03,B,172.168.1.8
      204,14/12/2018,09:03,B,172.168.1.8
      210,14/12/2018,09:05,B,172.168.1.8
       62,14/12/2018,09:06,B,172.168.1.8
       16,14/12/2018,09:08,B,172.168.1.8
       11,14/12/2018,09:10,B,172.168.1.8
      118,14/12/2018,09:13,B,172.168.1.8
      122,14/12/2018,09:17,B,172.168.1.8
      116,14/12/2018,09:24,B,172.168.1.8
       25,14/12/2018,09:25,B,172.168.1.8
      120,14/12/2018,09:30,B,172.168.1.8
       26,14/12/2018,09:31,B,172.168.1.8
      280,14/12/2018,09:38,B,172.168.1.8
      206,14/12/2018,09:38,B,172.168.1.8
      125,14/12/2018,09:38,B,172.168.1.8
      290,14/12/2018,09:41,B,172.168.1.8
      201,14/12/2018,09:43,B,172.168.1.8
      312,14/12/2018,09:44,B,172.168.1.8
       18,14/12/2018,09:45,B,172.168.1.8
      109,14/12/2018,09:46,B,172.168.1.8
      114,14/12/2018,09:47,B,172.168.1.8
       22,14/12/2018,09:50,B,172.168.1.8
      128,14/12/2018,09:59,B,172.168.1.8
      110,14/12/2018,10:00,B,172.168.1.8
      131,14/12/2018,10:02,B,172.168.1.8
      123,14/12/2018,10:02,B,172.168.1.8
      117,14/12/2018,10:04,B,172.168.1.8
      271,14/12/2018,10:10,B,172.168.1.8
      127,14/12/2018,10:17,B,172.168.1.8
      261,14/12/2018,10:18,B,172.168.1.8
      254,14/12/2018,10:20,B,172.168.1.8
       37,14/12/2018,10:23,B,172.168.1.8
       35,14/12/2018,10:23,B,172.168.1.8
       30,14/12/2018,10:24,B,172.168.1.8
      101,14/12/2018,10:28,B,172.168.1.8
      251,14/12/2018,10:30,B,172.168.1.8
      129,14/12/2018,10:30,B,172.168.1.8
      310,14/12/2018,10:31,B,172.168.1.8
      253,14/12/2018,10:33,B,172.168.1.8
       10,14/12/2018,10:40,B,172.168.1.8
        9,14/12/2018,10:53,B,172.168.1.8
      295,14/12/2018,11:01,B,172.168.1.8
      305,14/12/2018,11:09,B,172.168.1.8
        6,14/12/2018,11:13,B,172.168.1.8
      106,14/12/2018,11:14,B,172.168.1.8
       51,14/12/2018,12:12,B,172.168.1.8
      309,14/12/2018,12:14,B,172.168.1.8
       52,14/12/2018,12:37,B,172.168.1.8
        2,14/12/2018,12:44,B,172.168.1.8
      215,14/12/2018,12:52,B,172.168.1.8
      301,14/12/2018,12:59,B,172.168.1.8
      210,14/12/2018,13:18,B,172.168.1.8
      210,14/12/2018,13:18,B,172.168.1.8
      203,14/12/2018,13:22,B,172.168.1.8
      207,14/12/2018,13:25,B,172.168.1.8
      216,14/12/2018,13:25,B,172.168.1.8
      212,14/12/2018,13:25,B,172.168.1.8
      211,14/12/2018,13:28,B,172.168.1.8
      202,14/12/2018,13:46,B,172.168.1.8
      304,14/12/2018,13:59,B,172.168.1.8
      208,14/12/2018,14:00,B,172.168.1.8
      204,14/12/2018,14:11,B,172.168.1.8
      204,14/12/2018,14:12,B,172.168.1.8
      209,14/12/2018,14:12,B,172.168.1.8
       51,14/12/2018,14:25,B,172.168.1.8
       16,14/12/2018,14:34,B,172.168.1.8
       62,14/12/2018,14:37,B,172.168.1.8
      206,14/12/2018,14:38,B,172.168.1.8
      201,14/12/2018,14:43,B,172.168.1.8
       14,14/12/2018,14:45,B,172.168.1.8
      295,14/12/2018,14:50,B,172.168.1.8
       23,14/12/2018,14:57,B,172.168.1.8
      305,14/12/2018,14:58,B,172.168.1.8
      291,14/12/2018,15:01,B,172.168.1.8
      262,14/12/2018,15:11,B,172.168.1.8
      121,14/12/2018,15:22,B,172.168.1.8
      126,14/12/2018,15:29,B,172.168.1.8
      214,14/12/2018,15:43,B,172.168.1.8
       11,14/12/2018,15:46,B,172.168.1.8
       35,14/12/2018,15:48,B,172.168.1.8
       28,14/12/2018,16:02,B,172.168.1.8
       19,14/12/2018,16:15,B,172.168.1.8
       17,14/12/2018,16:20,B,172.168.1.8
      309,14/12/2018,16:26,B,172.168.1.8
       18,14/12/2018,16:28,B,172.168.1.8
      125,14/12/2018,16:30,B,172.168.1.8
      128,14/12/2018,16:31,B,172.168.1.8
      312,14/12/2018,16:32,B,172.168.1.8
        9,14/12/2018,16:32,B,172.168.1.8
        2,14/12/2018,16:42,B,172.168.1.8
       10,14/12/2018,16:42,B,172.168.1.8
       22,14/12/2018,16:42,B,172.168.1.8
        6,14/12/2018,16:49,B,172.168.1.8
       25,14/12/2018,16:58,B,172.168.1.8
       30,14/12/2018,17:02,B,172.168.1.8
      109,14/12/2018,17:06,B,172.168.1.8
      254,14/12/2018,17:11,B,172.168.1.8
      251,14/12/2018,17:11,B,172.168.1.8
      253,14/12/2018,17:12,B,172.168.1.8
      254,14/12/2018,17:12,B,172.168.1.8
      254,14/12/2018,17:13,B,172.168.1.8
      110,14/12/2018,17:14,B,172.168.1.8
      131,14/12/2018,17:16,B,172.168.1.8
      122,14/12/2018,17:16,B,172.168.1.8
      261,14/12/2018,17:18,B,172.168.1.8
      120,14/12/2018,17:18,B,172.168.1.8
      127,14/12/2018,17:18,B,172.168.1.8
      271,14/12/2018,17:25,B,172.168.1.8
      280,14/12/2018,17:25,B,172.168.1.8
       26,14/12/2018,17:25,B,172.168.1.8
      118,14/12/2018,17:25,B,172.168.1.8
      260,14/12/2018,17:28,B,172.168.1.8
      268,14/12/2018,17:30,B,172.168.1.8
      273,14/12/2018,17:30,B,172.168.1.8
      256,14/12/2018,17:32,B,172.168.1.8
      114,14/12/2018,17:33,B,172.168.1.8
      290,14/12/2018,17:45,B,172.168.1.8
      106,14/12/2018,17:46,B,172.168.1.8
      123,14/12/2018,17:53,B,172.168.1.8
      129,14/12/2018,17:55,B,172.168.1.8
      310,14/12/2018,17:55,B,172.168.1.8
      116,14/12/2018,17:58,B,172.168.1.8
      117,14/12/2018,17:58,B,172.168.1.8
      112,14/12/2018,17:58,B,172.168.1.8
      283,14/12/2018,17:59,B,172.168.1.8
      118,14/12/2018,18:08,B,172.168.1.8
      255,14/12/2018,20:01,B,172.168.1.8
      121,15/12/2018,06:47,B,172.168.1.8
      287,15/12/2018,07:37,B,172.168.1.8
      273,15/12/2018,07:40,B,172.168.1.8
      209,15/12/2018,07:46,B,172.168.1.8
      204,15/12/2018,07:54,B,172.168.1.8
      202,15/12/2018,08:00,B,172.168.1.8
      206,15/12/2018,08:00,B,172.168.1.8
      216,15/12/2018,08:00,B,172.168.1.8
      291,15/12/2018,08:01,B,172.168.1.8
      255,15/12/2018,08:16,B,172.168.1.8
      283,15/12/2018,08:23,B,172.168.1.8
       36,15/12/2018,08:33,B,172.168.1.8
      203,15/12/2018,08:38,B,172.168.1.8
      210,15/12/2018,08:40,B,172.168.1.8
      205,15/12/2018,08:45,B,172.168.1.8
      212,15/12/2018,08:46,B,172.168.1.8
      112,15/12/2018,08:47,B,172.168.1.8
       65,15/12/2018,08:48,B,172.168.1.8
       18,15/12/2018,08:48,B,172.168.1.8
      115,15/12/2018,08:50,B,172.168.1.8
      211,15/12/2018,08:51,B,172.168.1.8
       32,15/12/2018,08:52,B,172.168.1.8
       35,15/12/2018,08:54,B,172.168.1.8
       26,15/12/2018,08:55,B,172.168.1.8
       22,15/12/2018,08:55,B,172.168.1.8
      309,15/12/2018,08:56,B,172.168.1.8
      125,15/12/2018,08:58,B,172.168.1.8
      208,15/12/2018,08:58,B,172.168.1.8
      120,15/12/2018,08:59,B,172.168.1.8
      260,15/12/2018,09:02,B,172.168.1.8
       25,15/12/2018,09:06,B,172.168.1.8
      213,15/12/2018,09:11,B,172.168.1.8
       11,15/12/2018,09:14,B,172.168.1.8
       12,15/12/2018,09:25,B,172.168.1.8
       14,15/12/2018,09:25,B,172.168.1.8
       14,15/12/2018,09:26,B,172.168.1.8
       10,15/12/2018,09:29,B,172.168.1.8
      110,15/12/2018,09:33,B,172.168.1.8
      262,15/12/2018,09:34,B,172.168.1.8
       62,15/12/2018,09:37,B,172.168.1.8
      214,15/12/2018,09:38,B,172.168.1.8
      280,15/12/2018,09:38,B,172.168.1.8
      290,15/12/2018,09:43,B,172.168.1.8
       28,15/12/2018,09:44,B,172.168.1.8
      207,15/12/2018,09:47,B,172.168.1.8
       23,15/12/2018,09:54,B,172.168.1.8
      209,15/12/2018,10:00,B,172.168.1.8
      131,15/12/2018,10:00,B,172.168.1.8
      123,15/12/2018,10:00,B,172.168.1.8
       30,15/12/2018,10:00,B,172.168.1.8
      202,15/12/2018,10:02,B,172.168.1.8
      215,15/12/2018,10:03,B,172.168.1.8
      310,15/12/2018,10:04,B,172.168.1.8
       58,15/12/2018,10:04,B,172.168.1.8
      206,15/12/2018,10:09,B,172.168.1.8
      116,15/12/2018,10:09,B,172.168.1.8
      256,15/12/2018,10:11,B,172.168.1.8
      201,15/12/2018,10:13,B,172.168.1.8
      312,15/12/2018,10:13,B,172.168.1.8
      127,15/12/2018,10:17,B,172.168.1.8
      258,15/12/2018,10:18,B,172.168.1.8
      271,15/12/2018,10:19,B,172.168.1.8
       17,15/12/2018,10:19,B,172.168.1.8
      261,15/12/2018,10:22,B,172.168.1.8
      253,15/12/2018,10:26,B,172.168.1.8
      129,15/12/2018,10:28,B,172.168.1.8
      101,15/12/2018,10:28,B,172.168.1.8
      101,15/12/2018,10:29,B,172.168.1.8
      118,15/12/2018,10:29,B,172.168.1.8
        2,15/12/2018,10:31,B,172.168.1.8
       16,15/12/2018,10:31,B,172.168.1.8
       16,15/12/2018,10:31,B,172.168.1.8
      114,15/12/2018,10:31,B,172.168.1.8
      204,15/12/2018,10:33,B,172.168.1.8
      109,15/12/2018,10:33,B,172.168.1.8
      254,15/12/2018,10:33,B,172.168.1.8
      106,15/12/2018,10:34,B,172.168.1.8
       36,15/12/2018,10:48,B,172.168.1.8
      216,15/12/2018,10:53,B,172.168.1.8
      212,15/12/2018,10:54,B,172.168.1.8
      203,15/12/2018,10:56,B,172.168.1.8
      251,15/12/2018,11:02,B,172.168.1.8
        9,15/12/2018,11:04,B,172.168.1.8
      210,15/12/2018,11:20,B,172.168.1.8
      210,15/12/2018,11:22,B,172.168.1.8
      211,15/12/2018,11:22,B,172.168.1.8
      208,15/12/2018,11:27,B,172.168.1.8
       35,15/12/2018,11:29,B,172.168.1.8
      205,15/12/2018,11:30,B,172.168.1.8
      205,15/12/2018,11:31,B,172.168.1.8
       18,15/12/2018,11:35,B,172.168.1.8
        5,15/12/2018,11:35,B,172.168.1.8
       19,15/12/2018,11:36,B,172.168.1.8
      207,15/12/2018,11:45,B,172.168.1.8
       30,15/12/2018,11:53,B,172.168.1.8
      214,15/12/2018,11:59,B,172.168.1.8
       62,15/12/2018,12:04,B,172.168.1.8
      215,15/12/2018,12:18,B,172.168.1.8
       11,15/12/2018,12:19,B,172.168.1.8
      201,15/12/2018,12:26,B,172.168.1.8
      309,15/12/2018,12:28,B,172.168.1.8
        6,15/12/2018,12:38,B,172.168.1.8
       16,15/12/2018,13:03,B,172.168.1.8
       17,15/12/2018,13:05,B,172.168.1.8
       23,15/12/2018,13:30,B,172.168.1.8
       14,15/12/2018,13:36,B,172.168.1.8
       10,15/12/2018,13:40,B,172.168.1.8
      256,15/12/2018,13:44,B,172.168.1.8
        9,15/12/2018,13:53,B,172.168.1.8
       28,15/12/2018,14:00,B,172.168.1.8
       19,15/12/2018,14:10,B,172.168.1.8
       19,15/12/2018,14:10,B,172.168.1.8
      121,15/12/2018,14:23,B,172.168.1.8
       26,15/12/2018,14:43,B,172.168.1.8
       65,15/12/2018,15:00,B,172.168.1.8
        5,15/12/2018,15:05,B,172.168.1.8
       22,15/12/2018,15:09,B,172.168.1.8
       37,15/12/2018,15:18,B,172.168.1.8
      291,15/12/2018,15:18,B,172.168.1.8
      312,15/12/2018,16:27,B,172.168.1.8
      213,15/12/2018,16:29,B,172.168.1.8
      283,15/12/2018,16:29,B,172.168.1.8
       32,15/12/2018,16:31,B,172.168.1.8
        2,15/12/2018,16:33,B,172.168.1.8
        2,15/12/2018,16:33,B,172.168.1.8
      101,15/12/2018,16:39,B,172.168.1.8
       12,15/12/2018,16:53,B,172.168.1.8
       25,15/12/2018,16:57,B,172.168.1.8
      273,15/12/2018,17:01,B,172.168.1.8
      253,15/12/2018,17:05,B,172.168.1.8
      115,15/12/2018,17:06,B,172.168.1.8
      254,15/12/2018,17:06,B,172.168.1.8
      251,15/12/2018,17:07,B,172.168.1.8
      128,15/12/2018,17:07,B,172.168.1.8
      128,15/12/2018,17:07,B,172.168.1.8
      110,15/12/2018,17:07,B,172.168.1.8
      131,15/12/2018,17:12,B,172.168.1.8
      109,15/12/2018,17:14,B,172.168.1.8
      261,15/12/2018,17:22,B,172.168.1.8
      120,15/12/2018,17:22,B,172.168.1.8
      114,15/12/2018,17:22,B,172.168.1.8
      287,15/12/2018,17:25,B,172.168.1.8
      127,15/12/2018,17:25,B,172.168.1.8
      280,15/12/2018,17:25,B,172.168.1.8
      118,15/12/2018,17:26,B,172.168.1.8
      271,15/12/2018,17:26,B,172.168.1.8
      112,15/12/2018,17:32,B,172.168.1.8
      290,15/12/2018,17:33,B,172.168.1.8
      106,15/12/2018,17:34,B,172.168.1.8
      125,15/12/2018,17:34,B,172.168.1.8
      123,15/12/2018,17:38,B,172.168.1.8
      260,15/12/2018,17:39,B,172.168.1.8
      129,15/12/2018,17:44,B,172.168.1.8
        6,15/12/2018,17:49,B,172.168.1.8
      260,15/12/2018,17:56,B,172.168.1.8
      262,15/12/2018,18:06,B,172.168.1.8
      310,15/12/2018,18:09,B,172.168.1.8
      258,15/12/2018,18:10,B,172.168.1.8
      116,15/12/2018,18:10,B,172.168.1.8
      117,15/12/2018,18:12,B,172.168.1.8
      255,15/12/2018,19:50,B,172.168.1.8
      121,17/12/2018,06:46,B,172.168.1.8
      126,17/12/2018,07:12,B,172.168.1.8
      262,17/12/2018,07:26,B,172.168.1.8
      291,17/12/2018,07:54,B,172.168.1.8
      207,17/12/2018,07:55,B,172.168.1.8
       42,17/12/2018,07:56,B,172.168.1.8
      255,17/12/2018,07:57,B,172.168.1.8
      287,17/12/2018,07:59,B,172.168.1.8
      273,17/12/2018,08:06,B,172.168.1.8
      211,17/12/2018,08:08,B,172.168.1.8
      301,17/12/2018,08:08,B,172.168.1.8
       52,17/12/2018,08:24,B,172.168.1.8
       65,17/12/2018,08:24,B,172.168.1.8
      209,17/12/2018,08:25,B,172.168.1.8
      208,17/12/2018,08:26,B,172.168.1.8
      216,17/12/2018,08:29,B,172.168.1.8
      212,17/12/2018,08:30,B,172.168.1.8
      210,17/12/2018,08:31,B,172.168.1.8
      260,17/12/2018,08:31,B,172.168.1.8
       23,17/12/2018,08:47,B,172.168.1.8
      205,17/12/2018,08:47,B,172.168.1.8
       14,17/12/2018,08:47,B,172.168.1.8
       32,17/12/2018,08:47,B,172.168.1.8
      204,17/12/2018,08:53,B,172.168.1.8
      115,17/12/2018,08:53,B,172.168.1.8
      268,17/12/2018,08:53,B,172.168.1.8
      312,17/12/2018,08:56,B,172.168.1.8
      120,17/12/2018,08:57,B,172.168.1.8
       11,17/12/2018,09:01,B,172.168.1.8
      112,17/12/2018,09:10,B,172.168.1.8
       16,17/12/2018,09:11,B,172.168.1.8
       25,17/12/2018,09:13,B,172.168.1.8
        8,17/12/2018,09:15,B,172.168.1.8
      202,17/12/2018,09:20,B,172.168.1.8
      280,17/12/2018,09:22,B,172.168.1.8
       12,17/12/2018,09:25,B,172.168.1.8
        5,17/12/2018,09:30,B,172.168.1.8
      213,17/12/2018,09:35,B,172.168.1.8
      290,17/12/2018,09:39,B,172.168.1.8
      303,17/12/2018,09:40,B,172.168.1.8
      116,17/12/2018,09:43,B,172.168.1.8
      110,17/12/2018,09:43,B,172.168.1.8
      123,17/12/2018,09:44,B,172.168.1.8
      206,17/12/2018,09:44,B,172.168.1.8
       28,17/12/2018,09:49,B,172.168.1.8
       36,17/12/2018,09:52,B,172.168.1.8
      127,17/12/2018,09:53,B,172.168.1.8
      128,17/12/2018,09:54,B,172.168.1.8
      122,17/12/2018,09:56,B,172.168.1.8
      109,17/12/2018,10:01,B,172.168.1.8
      271,17/12/2018,10:08,B,172.168.1.8
       24,17/12/2018,10:09,B,172.168.1.8
      114,17/12/2018,10:09,B,172.168.1.8
      258,17/12/2018,10:13,B,172.168.1.8
       26,17/12/2018,10:14,B,172.168.1.8
      310,17/12/2018,10:25,B,172.168.1.8
      309,17/12/2018,10:26,B,172.168.1.8
      261,17/12/2018,10:26,B,172.168.1.8
       35,17/12/2018,10:28,B,172.168.1.8
      101,17/12/2018,10:28,B,172.168.1.8
       27,17/12/2018,10:29,B,172.168.1.8
      131,17/12/2018,10:30,B,172.168.1.8
      106,17/12/2018,10:34,B,172.168.1.8
      293,17/12/2018,10:35,B,172.168.1.8
      129,17/12/2018,10:35,B,172.168.1.8
      201,17/12/2018,10:37,B,172.168.1.8
      251,17/12/2018,10:39,B,172.168.1.8
      253,17/12/2018,10:42,B,172.168.1.8
      254,17/12/2018,10:42,B,172.168.1.8
       42,17/12/2018,10:43,B,172.168.1.8
      295,17/12/2018,10:45,B,172.168.1.8
       22,17/12/2018,10:48,B,172.168.1.8
       17,17/12/2018,10:48,B,172.168.1.8
      256,17/12/2018,10:49,B,172.168.1.8
       21,17/12/2018,10:54,B,172.168.1.8
       10,17/12/2018,10:54,B,172.168.1.8
       51,17/12/2018,10:56,B,172.168.1.8
      117,17/12/2018,11:01,B,172.168.1.8
        9,17/12/2018,11:18,B,172.168.1.8
        2,17/12/2018,11:37,B,172.168.1.8
      122,17/12/2018,11:42,B,172.168.1.8
      209,17/12/2018,11:51,B,172.168.1.8
      209,17/12/2018,11:51,B,172.168.1.8
       30,17/12/2018,11:54,B,172.168.1.8
       30,17/12/2018,11:55,B,172.168.1.8
      309,17/12/2018,12:37,B,172.168.1.8
      262,17/12/2018,12:41,B,172.168.1.8
      205,17/12/2018,12:43,B,172.168.1.8
      216,17/12/2018,12:44,B,172.168.1.8
       65,17/12/2018,12:54,B,172.168.1.8
      207,17/12/2018,12:58,B,172.168.1.8
      212,17/12/2018,12:58,B,172.168.1.8
      207,17/12/2018,12:58,B,172.168.1.8
      289,17/12/2018,13:05,B,172.168.1.8
      211,17/12/2018,13:25,B,172.168.1.8
      208,17/12/2018,13:27,B,172.168.1.8
      210,17/12/2018,13:32,B,172.168.1.8
      301,17/12/2018,13:42,B,172.168.1.8
      301,17/12/2018,13:42,B,172.168.1.8
       64,17/12/2018,13:59,B,172.168.1.8
      204,17/12/2018,14:04,B,172.168.1.8
      204,17/12/2018,14:24,B,172.168.1.8
      213,17/12/2018,14:25,B,172.168.1.8
      258,17/12/2018,14:31,B,172.168.1.8
       28,17/12/2018,14:32,B,172.168.1.8
      202,17/12/2018,14:34,B,172.168.1.8
       16,17/12/2018,14:38,B,172.168.1.8
      121,17/12/2018,14:42,B,172.168.1.8
      206,17/12/2018,14:46,B,172.168.1.8
       23,17/12/2018,15:22,B,172.168.1.8
        5,17/12/2018,15:25,B,172.168.1.8
      126,17/12/2018,15:30,B,172.168.1.8
      303,17/12/2018,15:45,B,172.168.1.8
      201,17/12/2018,15:45,B,172.168.1.8
        8,17/12/2018,15:46,B,172.168.1.8
       11,17/12/2018,15:48,B,172.168.1.8
       64,17/12/2018,15:53,B,172.168.1.8
       24,17/12/2018,15:58,B,172.168.1.8
        8,17/12/2018,15:59,B,172.168.1.8
        9,17/12/2018,16:00,B,172.168.1.8
      291,17/12/2018,16:04,B,172.168.1.8
       14,17/12/2018,16:13,B,172.168.1.8
       14,17/12/2018,16:13,B,172.168.1.8
       26,17/12/2018,16:22,B,172.168.1.8
       32,17/12/2018,16:40,B,172.168.1.8
       17,17/12/2018,16:51,B,172.168.1.8
       25,17/12/2018,16:59,B,172.168.1.8
       19,17/12/2018,16:59,B,172.168.1.8
      128,17/12/2018,17:01,B,172.168.1.8
       30,17/12/2018,17:03,B,172.168.1.8
      110,17/12/2018,17:07,B,172.168.1.8
       21,17/12/2018,17:07,B,172.168.1.8
       22,17/12/2018,17:07,B,172.168.1.8
       10,17/12/2018,17:08,B,172.168.1.8
        2,17/12/2018,17:10,B,172.168.1.8
       12,17/12/2018,17:11,B,172.168.1.8
      131,17/12/2018,17:15,B,172.168.1.8
      109,17/12/2018,17:15,B,172.168.1.8
      287,17/12/2018,17:16,B,172.168.1.8
      268,17/12/2018,17:16,B,172.168.1.8
      253,17/12/2018,17:18,B,172.168.1.8
      251,17/12/2018,17:24,B,172.168.1.8
      115,17/12/2018,17:24,B,172.168.1.8
      254,17/12/2018,17:24,B,172.168.1.8
      295,17/12/2018,17:24,B,172.168.1.8
      273,17/12/2018,17:24,B,172.168.1.8
      289,17/12/2018,17:24,B,172.168.1.8
       27,17/12/2018,17:25,B,172.168.1.8
      120,17/12/2018,17:26,B,172.168.1.8
      261,17/12/2018,17:26,B,172.168.1.8
      271,17/12/2018,17:27,B,172.168.1.8
      280,17/12/2018,17:27,B,172.168.1.8
      114,17/12/2018,17:29,B,172.168.1.8
      101,17/12/2018,17:30,B,172.168.1.8
      127,17/12/2018,17:35,B,172.168.1.8
      260,17/12/2018,17:35,B,172.168.1.8
      256,17/12/2018,17:38,B,172.168.1.8
      293,17/12/2018,17:44,B,172.168.1.8
      290,17/12/2018,17:45,B,172.168.1.8
      290,17/12/2018,17:45,B,172.168.1.8
      123,17/12/2018,17:46,B,172.168.1.8
      129,17/12/2018,17:56,B,172.168.1.8
      106,17/12/2018,18:00,B,172.168.1.8
      129,17/12/2018,18:00,B,172.168.1.8
      312,17/12/2018,18:00,B,172.168.1.8
      117,17/12/2018,18:05,B,172.168.1.8
      116,17/12/2018,18:05,B,172.168.1.8
      112,17/12/2018,18:06,B,172.168.1.8
      310,17/12/2018,18:06,B,172.168.1.8
      112,17/12/2018,18:07,B,172.168.1.8
      255,17/12/2018,20:16,B,172.168.1.8
      121,18/12/2018,06:45,B,172.168.1.8
      126,18/12/2018,07:10,B,172.168.1.8
      262,18/12/2018,07:13,B,172.168.1.8
      119,18/12/2018,07:30,B,172.168.1.8
      287,18/12/2018,07:44,B,172.168.1.8
      273,18/12/2018,07:47,B,172.168.1.8
      214,18/12/2018,07:48,B,172.168.1.8
       42,18/12/2018,07:59,B,172.168.1.8
      212,18/12/2018,08:03,B,172.168.1.8
      216,18/12/2018,08:03,B,172.168.1.8
      211,18/12/2018,08:03,B,172.168.1.8
      291,18/12/2018,08:03,B,172.168.1.8
      255,18/12/2018,08:15,B,172.168.1.8
       52,18/12/2018,08:16,B,172.168.1.8
      260,18/12/2018,08:19,B,172.168.1.8
      283,18/12/2018,08:21,B,172.168.1.8
      210,18/12/2018,08:21,B,172.168.1.8
      112,18/12/2018,08:30,B,172.168.1.8
      204,18/12/2018,08:34,B,172.168.1.8
      125,18/12/2018,08:43,B,172.168.1.8
       11,18/12/2018,08:47,B,172.168.1.8
       18,18/12/2018,08:51,B,172.168.1.8
      268,18/12/2018,08:53,B,172.168.1.8
       32,18/12/2018,08:58,B,172.168.1.8
      115,18/12/2018,08:59,B,172.168.1.8
      208,18/12/2018,08:59,B,172.168.1.8
      120,18/12/2018,09:00,B,172.168.1.8
       35,18/12/2018,09:00,B,172.168.1.8
       17,18/12/2018,09:00,B,172.168.1.8
      122,18/12/2018,09:07,B,172.168.1.8
      202,18/12/2018,09:16,B,172.168.1.8
       36,18/12/2018,09:26,B,172.168.1.8
      312,18/12/2018,09:26,B,172.168.1.8
       12,18/12/2018,09:29,B,172.168.1.8
       30,18/12/2018,09:30,B,172.168.1.8
      280,18/12/2018,09:37,B,172.168.1.8
      213,18/12/2018,09:40,B,172.168.1.8
      205,18/12/2018,09:44,B,172.168.1.8
      131,18/12/2018,09:47,B,172.168.1.8
      116,18/12/2018,09:52,B,172.168.1.8
       14,18/12/2018,09:54,B,172.168.1.8
      123,18/12/2018,09:54,B,172.168.1.8
      290,18/12/2018,09:56,B,172.168.1.8
      203,18/12/2018,09:57,B,172.168.1.8
      127,18/12/2018,09:57,B,172.168.1.8
      110,18/12/2018,09:58,B,172.168.1.8
      128,18/12/2018,10:01,B,172.168.1.8
      206,18/12/2018,10:02,B,172.168.1.8
      117,18/12/2018,10:03,B,172.168.1.8
      289,18/12/2018,10:03,B,172.168.1.8
      207,18/12/2018,10:03,B,172.168.1.8
       24,18/12/2018,10:05,B,172.168.1.8
      310,18/12/2018,10:06,B,172.168.1.8
      271,18/12/2018,10:06,B,172.168.1.8
      293,18/12/2018,10:08,B,172.168.1.8
      109,18/12/2018,10:12,B,172.168.1.8
      106,18/12/2018,10:20,B,172.168.1.8
      201,18/12/2018,10:25,B,172.168.1.8
      258,18/12/2018,10:25,B,172.168.1.8
      258,18/12/2018,10:26,B,172.168.1.8
      118,18/12/2018,10:26,B,172.168.1.8
      295,18/12/2018,10:27,B,172.168.1.8
      101,18/12/2018,10:27,B,172.168.1.8
       28,18/12/2018,10:27,B,172.168.1.8
      254,18/12/2018,10:28,B,172.168.1.8
       42,18/12/2018,10:29,B,172.168.1.8
       22,18/12/2018,10:30,B,172.168.1.8
       62,18/12/2018,10:36,B,172.168.1.8
      261,18/12/2018,10:39,B,172.168.1.8
      114,18/12/2018,10:43,B,172.168.1.8
      253,18/12/2018,10:45,B,172.168.1.8
        9,18/12/2018,10:47,B,172.168.1.8
       26,18/12/2018,10:48,B,172.168.1.8
       62,18/12/2018,10:50,B,172.168.1.8
      251,18/12/2018,10:53,B,172.168.1.8
      303,18/12/2018,10:59,B,172.168.1.8
       21,18/12/2018,11:01,B,172.168.1.8
      129,18/12/2018,11:03,B,172.168.1.8
       19,18/12/2018,11:14,B,172.168.1.8
      128,18/12/2018,11:24,B,172.168.1.8
      256,18/12/2018,11:35,B,172.168.1.8
      305,18/12/2018,11:41,B,172.168.1.8
       10,18/12/2018,11:51,B,172.168.1.8
       27,18/12/2018,11:58,B,172.168.1.8
      311,18/12/2018,12:02,B,172.168.1.8
      311,18/12/2018,12:03,B,172.168.1.8
      311,18/12/2018,12:03,B,172.168.1.8
      109,18/12/2018,12:03,B,172.168.1.8
        2,18/12/2018,12:03,B,172.168.1.8
      254,18/12/2018,12:09,B,172.168.1.8
      216,18/12/2018,12:48,B,172.168.1.8
      212,18/12/2018,12:59,B,172.168.1.8
      208,18/12/2018,13:00,B,172.168.1.8
      119,18/12/2018,13:00,B,172.168.1.8
      122,18/12/2018,13:00,B,172.168.1.8
      204,18/12/2018,13:02,B,172.168.1.8
      211,18/12/2018,13:03,B,172.168.1.8
      204,18/12/2018,13:03,B,172.168.1.8
      206,18/12/2018,13:04,B,172.168.1.8
      205,18/12/2018,13:04,B,172.168.1.8
      205,18/12/2018,13:04,B,172.168.1.8
      205,18/12/2018,13:04,B,172.168.1.8
      213,18/12/2018,13:04,B,172.168.1.8
      201,18/12/2018,13:04,B,172.168.1.8
      304,18/12/2018,13:30,B,172.168.1.8
      214,18/12/2018,13:35,B,172.168.1.8
      210,18/12/2018,13:39,B,172.168.1.8
      203,18/12/2018,13:51,B,172.168.1.8
      202,18/12/2018,13:51,B,172.168.1.8
      262,18/12/2018,15:02,B,172.168.1.8
      121,18/12/2018,15:17,B,172.168.1.8
      305,18/12/2018,15:18,B,172.168.1.8
        9,18/12/2018,15:34,B,172.168.1.8
      126,18/12/2018,15:39,B,172.168.1.8
       18,18/12/2018,15:39,B,172.168.1.8
       17,18/12/2018,15:42,B,172.168.1.8
      310,18/12/2018,15:47,B,172.168.1.8
       18,18/12/2018,15:51,B,172.168.1.8
       14,18/12/2018,16:03,B,172.168.1.8
       28,18/12/2018,16:05,B,172.168.1.8
       32,18/12/2018,16:34,B,172.168.1.8
       19,18/12/2018,16:38,B,172.168.1.8
       26,18/12/2018,16:39,B,172.168.1.8
       27,18/12/2018,16:49,B,172.168.1.8
       10,18/12/2018,17:00,B,172.168.1.8
       10,18/12/2018,17:00,B,172.168.1.8
      125,18/12/2018,17:01,B,172.168.1.8
      273,18/12/2018,17:01,B,172.168.1.8
      123,18/12/2018,17:05,B,172.168.1.8
      287,18/12/2018,17:07,B,172.168.1.8
      268,18/12/2018,17:07,B,172.168.1.8
      251,18/12/2018,17:07,B,172.168.1.8
      115,18/12/2018,17:07,B,172.168.1.8
      295,18/12/2018,17:07,B,172.168.1.8
      271,18/12/2018,17:08,B,172.168.1.8
      280,18/12/2018,17:08,B,172.168.1.8
      118,18/12/2018,17:08,B,172.168.1.8
      289,18/12/2018,17:10,B,172.168.1.8
      261,18/12/2018,17:10,B,172.168.1.8
      110,18/12/2018,17:10,B,172.168.1.8
      127,18/12/2018,17:11,B,172.168.1.8
      110,18/12/2018,17:11,B,172.168.1.8
      120,18/12/2018,17:11,B,172.168.1.8
      311,18/12/2018,17:12,B,172.168.1.8
      311,18/12/2018,17:13,B,172.168.1.8
      131,18/12/2018,17:14,B,172.168.1.8
      101,18/12/2018,17:14,B,172.168.1.8
      253,18/12/2018,17:15,B,172.168.1.8
      260,18/12/2018,17:21,B,172.168.1.8
      291,18/12/2018,17:23,B,172.168.1.8
      129,18/12/2018,17:27,B,172.168.1.8
      114,18/12/2018,17:29,B,172.168.1.8
      258,18/12/2018,17:43,B,172.168.1.8
      117,18/12/2018,17:43,B,172.168.1.8
      116,18/12/2018,17:44,B,172.168.1.8
      117,18/12/2018,17:45,B,172.168.1.8
      256,18/12/2018,17:48,B,172.168.1.8
      106,18/12/2018,17:51,B,172.168.1.8
      293,18/12/2018,17:51,B,172.168.1.8
      112,18/12/2018,17:55,B,172.168.1.8
      290,18/12/2018,17:59,B,172.168.1.8
      255,18/12/2018,20:12,B,172.168.1.8
      121,19/12/2018,06:48,B,172.168.1.8
      119,19/12/2018,07:19,B,172.168.1.8
      291,19/12/2018,07:39,B,172.168.1.8
      273,19/12/2018,07:45,B,172.168.1.8
      209,19/12/2018,07:49,B,172.168.1.8
      208,19/12/2018,07:54,B,172.168.1.8
      214,19/12/2018,08:01,B,172.168.1.8
      287,19/12/2018,08:02,B,172.168.1.8
      215,19/12/2018,08:05,B,172.168.1.8
      216,19/12/2018,08:06,B,172.168.1.8
      205,19/12/2018,08:22,B,172.168.1.8
      255,19/12/2018,08:27,B,172.168.1.8
      212,19/12/2018,08:32,B,172.168.1.8
      260,19/12/2018,08:33,B,172.168.1.8
      202,19/12/2018,08:34,B,172.168.1.8
      112,19/12/2018,08:38,B,172.168.1.8
       36,19/12/2018,08:39,B,172.168.1.8
       23,19/12/2018,08:47,B,172.168.1.8
      283,19/12/2018,08:50,B,172.168.1.8
       18,19/12/2018,08:50,B,172.168.1.8
      125,19/12/2018,08:52,B,172.168.1.8
      126,19/12/2018,08:54,B,172.168.1.8
      301,19/12/2018,08:55,B,172.168.1.8
      115,19/12/2018,08:56,B,172.168.1.8
      204,19/12/2018,08:56,B,172.168.1.8
      120,19/12/2018,08:58,B,172.168.1.8
      268,19/12/2018,09:07,B,172.168.1.8
       12,19/12/2018,09:08,B,172.168.1.8
       52,19/12/2018,09:09,B,172.168.1.8
      262,19/12/2018,09:10,B,172.168.1.8
       11,19/12/2018,09:11,B,172.168.1.8
       25,19/12/2018,09:15,B,172.168.1.8
      312,19/12/2018,09:16,B,172.168.1.8
      303,19/12/2018,09:20,B,172.168.1.8
       32,19/12/2018,09:22,B,172.168.1.8
       30,19/12/2018,09:24,B,172.168.1.8
        5,19/12/2018,09:24,B,172.168.1.8
       24,19/12/2018,09:29,B,172.168.1.8
      280,19/12/2018,09:40,B,172.168.1.8
       51,19/12/2018,09:42,B,172.168.1.8
      290,19/12/2018,09:48,B,172.168.1.8
      258,19/12/2018,09:49,B,172.168.1.8
       26,19/12/2018,09:49,B,172.168.1.8
      206,19/12/2018,09:51,B,172.168.1.8
        9,19/12/2018,09:52,B,172.168.1.8
      122,19/12/2018,09:52,B,172.168.1.8
       17,19/12/2018,09:52,B,172.168.1.8
      128,19/12/2018,09:54,B,172.168.1.8
      127,19/12/2018,10:00,B,172.168.1.8
      289,19/12/2018,10:05,B,172.168.1.8
      114,19/12/2018,10:05,B,172.168.1.8
      117,19/12/2018,10:06,B,172.168.1.8
      293,19/12/2018,10:07,B,172.168.1.8
      118,19/12/2018,10:08,B,172.168.1.8
      123,19/12/2018,10:08,B,172.168.1.8
      116,19/12/2018,10:08,B,172.168.1.8
       35,19/12/2018,10:12,B,172.168.1.8
      201,19/12/2018,10:13,B,172.168.1.8
      261,19/12/2018,10:15,B,172.168.1.8
      271,19/12/2018,10:20,B,172.168.1.8
      109,19/12/2018,10:24,B,172.168.1.8
      295,19/12/2018,10:25,B,172.168.1.8
      253,19/12/2018,10:26,B,172.168.1.8
      129,19/12/2018,10:29,B,172.168.1.8
      254,19/12/2018,10:31,B,172.168.1.8
      256,19/12/2018,10:36,B,172.168.1.8
       10,19/12/2018,10:37,B,172.168.1.8
       62,19/12/2018,10:39,B,172.168.1.8
       14,19/12/2018,10:42,B,172.168.1.8
       51,19/12/2018,10:45,B,172.168.1.8
      101,19/12/2018,10:49,B,172.168.1.8
      213,19/12/2018,10:51,B,172.168.1.8
        8,19/12/2018,11:04,B,172.168.1.8
      251,19/12/2018,11:06,B,172.168.1.8
       19,19/12/2018,11:07,B,172.168.1.8
       21,19/12/2018,11:11,B,172.168.1.8
       22,19/12/2018,11:17,B,172.168.1.8
        2,19/12/2018,11:23,B,172.168.1.8
       30,19/12/2018,11:24,B,172.168.1.8
       27,19/12/2018,11:26,B,172.168.1.8
      205,19/12/2018,11:26,B,172.168.1.8
      205,19/12/2018,11:27,B,172.168.1.8
      209,19/12/2018,11:27,B,172.168.1.8
      305,19/12/2018,11:56,B,172.168.1.8
       52,19/12/2018,12:31,B,172.168.1.8
       65,19/12/2018,12:35,B,172.168.1.8
      214,19/12/2018,12:59,B,172.168.1.8
      208,19/12/2018,13:00,B,172.168.1.8
      212,19/12/2018,13:00,B,172.168.1.8
      216,19/12/2018,13:00,B,172.168.1.8
      215,19/12/2018,13:01,B,172.168.1.8
      254,19/12/2018,13:03,B,172.168.1.8
      119,19/12/2018,13:45,B,172.168.1.8
      311,19/12/2018,13:55,B,172.168.1.8
       64,19/12/2018,13:55,B,172.168.1.8
      202,19/12/2018,13:56,B,172.168.1.8
       36,19/12/2018,14:01,B,172.168.1.8
       28,19/12/2018,14:04,B,172.168.1.8
      204,19/12/2018,14:06,B,172.168.1.8
      213,19/12/2018,14:06,B,172.168.1.8
      213,19/12/2018,14:07,B,172.168.1.8
      206,19/12/2018,14:10,B,172.168.1.8
      201,19/12/2018,14:37,B,172.168.1.8
      303,19/12/2018,14:40,B,172.168.1.8
      121,19/12/2018,14:47,B,172.168.1.8
      122,19/12/2018,15:06,B,172.168.1.8
      305,19/12/2018,15:18,B,172.168.1.8
       35,19/12/2018,15:31,B,172.168.1.8
       11,19/12/2018,15:31,B,172.168.1.8
      291,19/12/2018,15:33,B,172.168.1.8
      258,19/12/2018,15:35,B,172.168.1.8
       24,19/12/2018,15:41,B,172.168.1.8
        9,19/12/2018,15:44,B,172.168.1.8
       64,19/12/2018,15:47,B,172.168.1.8
       18,19/12/2018,15:52,B,172.168.1.8
       23,19/12/2018,15:58,B,172.168.1.8
       26,19/12/2018,16:07,B,172.168.1.8
      126,19/12/2018,16:08,B,172.168.1.8
      126,19/12/2018,16:09,B,172.168.1.8
       62,19/12/2018,16:11,B,172.168.1.8
       28,19/12/2018,16:21,B,172.168.1.8
       10,19/12/2018,16:24,B,172.168.1.8
      311,19/12/2018,16:37,B,172.168.1.8
       19,19/12/2018,16:44,B,172.168.1.8
      312,19/12/2018,16:45,B,172.168.1.8
       65,19/12/2018,16:53,B,172.168.1.8
       25,19/12/2018,16:58,B,172.168.1.8
      283,19/12/2018,17:00,B,172.168.1.8
      115,19/12/2018,17:05,B,172.168.1.8
      251,19/12/2018,17:05,B,172.168.1.8
      109,19/12/2018,17:07,B,172.168.1.8
      295,19/12/2018,17:07,B,172.168.1.8
      287,19/12/2018,17:07,B,172.168.1.8
      128,19/12/2018,17:08,B,172.168.1.8
      268,19/12/2018,17:08,B,172.168.1.8
      253,19/12/2018,17:09,B,172.168.1.8
       27,19/12/2018,17:09,B,172.168.1.8
       12,19/12/2018,17:14,B,172.168.1.8
      129,19/12/2018,17:14,B,172.168.1.8
        2,19/12/2018,17:15,B,172.168.1.8
      289,19/12/2018,17:16,B,172.168.1.8
      301,19/12/2018,17:16,B,172.168.1.8
      261,19/12/2018,17:16,B,172.168.1.8
      271,19/12/2018,17:16,B,172.168.1.8
      280,19/12/2018,17:17,B,172.168.1.8
      120,19/12/2018,17:17,B,172.168.1.8
       22,19/12/2018,17:17,B,172.168.1.8
      118,19/12/2018,17:17,B,172.168.1.8
      129,19/12/2018,17:18,B,172.168.1.8
       32,19/12/2018,17:19,B,172.168.1.8
       14,19/12/2018,17:23,B,172.168.1.8
       17,19/12/2018,17:23,B,172.168.1.8
        8,19/12/2018,17:29,B,172.168.1.8
      101,19/12/2018,17:34,B,172.168.1.8
      114,19/12/2018,17:37,B,172.168.1.8
      114,19/12/2018,17:37,B,172.168.1.8
      256,19/12/2018,17:38,B,172.168.1.8
      260,19/12/2018,17:39,B,172.168.1.8
      290,19/12/2018,17:47,B,172.168.1.8
      116,19/12/2018,17:54,B,172.168.1.8
      112,19/12/2018,17:54,B,172.168.1.8
      293,19/12/2018,17:54,B,172.168.1.8
      117,19/12/2018,17:54,B,172.168.1.8
      290,19/12/2018,17:55,B,172.168.1.8
      123,19/12/2018,18:00,B,172.168.1.8
      127,19/12/2018,18:13,B,172.168.1.8
      262,19/12/2018,18:26,B,172.168.1.8
      255,19/12/2018,20:03,B,172.168.1.8
      121,20/12/2018,06:50,B,172.168.1.8
      262,20/12/2018,07:07,B,172.168.1.8
      126,20/12/2018,07:14,B,172.168.1.8
      210,20/12/2018,07:21,B,172.168.1.8
      291,20/12/2018,07:40,B,172.168.1.8
      273,20/12/2018,07:50,B,172.168.1.8
      204,20/12/2018,07:51,B,172.168.1.8
      255,20/12/2018,08:01,B,172.168.1.8
      211,20/12/2018,08:02,B,172.168.1.8
      112,20/12/2018,08:06,B,172.168.1.8
       42,20/12/2018,08:11,B,172.168.1.8
      283,20/12/2018,08:22,B,172.168.1.8
       36,20/12/2018,08:24,B,172.168.1.8
      287,20/12/2018,08:26,B,172.168.1.8
      216,20/12/2018,08:38,B,172.168.1.8
      212,20/12/2018,08:38,B,172.168.1.8
      202,20/12/2018,08:39,B,172.168.1.8
      260,20/12/2018,08:43,B,172.168.1.8
      205,20/12/2018,08:43,B,172.168.1.8
       54,20/12/2018,08:44,B,172.168.1.8
       18,20/12/2018,08:44,B,172.168.1.8
      303,20/12/2018,08:46,B,172.168.1.8
       11,20/12/2018,08:47,B,172.168.1.8
       52,20/12/2018,08:47,B,172.168.1.8
      119,20/12/2018,08:48,B,172.168.1.8
      119,20/12/2018,08:48,B,172.168.1.8
      115,20/12/2018,08:51,B,172.168.1.8
      268,20/12/2018,08:52,B,172.168.1.8
       23,20/12/2018,08:56,B,172.168.1.8
       64,20/12/2018,08:59,B,172.168.1.8
      312,20/12/2018,09:02,B,172.168.1.8
      209,20/12/2018,09:03,B,172.168.1.8
       32,20/12/2018,09:09,B,172.168.1.8
      120,20/12/2018,09:10,B,172.168.1.8
      203,20/12/2018,09:12,B,172.168.1.8
      125,20/12/2018,09:15,B,172.168.1.8
      280,20/12/2018,09:15,B,172.168.1.8
      208,20/12/2018,09:23,B,172.168.1.8
       25,20/12/2018,09:26,B,172.168.1.8
       12,20/12/2018,09:38,B,172.168.1.8
      122,20/12/2018,09:44,B,172.168.1.8
      206,20/12/2018,09:49,B,172.168.1.8
      116,20/12/2018,09:50,B,172.168.1.8
      258,20/12/2018,09:52,B,172.168.1.8
       24,20/12/2018,09:54,B,172.168.1.8
      207,20/12/2018,09:57,B,172.168.1.8
      207,20/12/2018,09:57,B,172.168.1.8
      127,20/12/2018,09:58,B,172.168.1.8
      118,20/12/2018,09:59,B,172.168.1.8
      213,20/12/2018,10:01,B,172.168.1.8
      128,20/12/2018,10:01,B,172.168.1.8
       35,20/12/2018,10:02,B,172.168.1.8
      289,20/12/2018,10:06,B,172.168.1.8
      310,20/12/2018,10:06,B,172.168.1.8
      117,20/12/2018,10:07,B,172.168.1.8
      271,20/12/2018,10:07,B,172.168.1.8
      110,20/12/2018,10:09,B,172.168.1.8
      110,20/12/2018,10:11,B,172.168.1.8
      114,20/12/2018,10:12,B,172.168.1.8
      131,20/12/2018,10:12,B,172.168.1.8
      253,20/12/2018,10:17,B,172.168.1.8
      106,20/12/2018,10:18,B,172.168.1.8
      201,20/12/2018,10:19,B,172.168.1.8
       14,20/12/2018,10:20,B,172.168.1.8
      261,20/12/2018,10:21,B,172.168.1.8
       28,20/12/2018,10:22,B,172.168.1.8
      293,20/12/2018,10:26,B,172.168.1.8
      295,20/12/2018,10:27,B,172.168.1.8
      129,20/12/2018,10:32,B,172.168.1.8
      123,20/12/2018,10:33,B,172.168.1.8
       62,20/12/2018,10:37,B,172.168.1.8
       30,20/12/2018,10:43,B,172.168.1.8
      251,20/12/2018,10:49,B,172.168.1.8
       54,20/12/2018,10:52,B,172.168.1.8
      109,20/12/2018,11:10,B,172.168.1.8
       19,20/12/2018,11:14,B,172.168.1.8
        2,20/12/2018,11:15,B,172.168.1.8
      128,20/12/2018,11:17,B,172.168.1.8
       10,20/12/2018,11:19,B,172.168.1.8
      309,20/12/2018,11:22,B,172.168.1.8
        8,20/12/2018,11:25,B,172.168.1.8
      101,20/12/2018,11:32,B,172.168.1.8
       21,20/12/2018,11:46,B,172.168.1.8
       21,20/12/2018,11:46,B,172.168.1.8
       29,20/12/2018,11:49,B,172.168.1.8
       27,20/12/2018,12:05,B,172.168.1.8
       64,20/12/2018,12:17,B,172.168.1.8
      210,20/12/2018,12:23,B,172.168.1.8
       65,20/12/2018,12:46,B,172.168.1.8
      204,20/12/2018,12:57,B,172.168.1.8
      211,20/12/2018,13:11,B,172.168.1.8
       35,20/12/2018,13:14,B,172.168.1.8
       35,20/12/2018,13:14,B,172.168.1.8
      290,20/12/2018,13:23,B,172.168.1.8
      305,20/12/2018,13:36,B,172.168.1.8
      101,20/12/2018,13:40,B,172.168.1.8
      205,20/12/2018,13:43,B,172.168.1.8
      205,20/12/2018,13:44,B,172.168.1.8
       36,20/12/2018,13:47,B,172.168.1.8
      208,20/12/2018,13:54,B,172.168.1.8
      311,20/12/2018,13:54,B,172.168.1.8
      212,20/12/2018,14:04,B,172.168.1.8
      216,20/12/2018,14:05,B,172.168.1.8
      202,20/12/2018,14:18,B,172.168.1.8
      209,20/12/2018,14:19,B,172.168.1.8
      203,20/12/2018,14:21,B,172.168.1.8
      293,20/12/2018,14:42,B,172.168.1.8
      201,20/12/2018,14:45,B,172.168.1.8
      201,20/12/2018,14:46,B,172.168.1.8
      206,20/12/2018,14:46,B,172.168.1.8
      121,20/12/2018,15:14,B,172.168.1.8
      213,20/12/2018,15:19,B,172.168.1.8
       11,20/12/2018,15:27,B,172.168.1.8
      303,20/12/2018,15:39,B,172.168.1.8
       30,20/12/2018,15:41,B,172.168.1.8
       30,20/12/2018,15:42,B,172.168.1.8
       23,20/12/2018,15:45,B,172.168.1.8
       14,20/12/2018,15:48,B,172.168.1.8
      125,20/12/2018,15:52,B,172.168.1.8
       24,20/12/2018,15:52,B,172.168.1.8
       65,20/12/2018,15:58,B,172.168.1.8
      305,20/12/2018,15:58,B,172.168.1.8
       32,20/12/2018,16:03,B,172.168.1.8
       62,20/12/2018,16:09,B,172.168.1.8
       28,20/12/2018,16:17,B,172.168.1.8
      119,20/12/2018,16:41,B,172.168.1.8
      312,20/12/2018,16:45,B,172.168.1.8
       19,20/12/2018,16:54,B,172.168.1.8
      291,20/12/2018,16:55,B,172.168.1.8
      291,20/12/2018,16:56,B,172.168.1.8
        2,20/12/2018,16:56,B,172.168.1.8
       25,20/12/2018,16:59,B,172.168.1.8
       12,20/12/2018,17:00,B,172.168.1.8
      126,20/12/2018,17:00,B,172.168.1.8
      127,20/12/2018,17:02,B,172.168.1.8
       18,20/12/2018,17:06,B,172.168.1.8
      115,20/12/2018,17:08,B,172.168.1.8
      251,20/12/2018,17:08,B,172.168.1.8
      295,20/12/2018,17:09,B,172.168.1.8
      253,20/12/2018,17:10,B,172.168.1.8
       21,20/12/2018,17:12,B,172.168.1.8
      110,20/12/2018,17:12,B,172.168.1.8
      131,20/12/2018,17:15,B,172.168.1.8
      109,20/12/2018,17:16,B,172.168.1.8
      258,20/12/2018,17:16,B,172.168.1.8
      289,20/12/2018,17:18,B,172.168.1.8
      280,20/12/2018,17:18,B,172.168.1.8
      271,20/12/2018,17:18,B,172.168.1.8
      122,20/12/2018,17:19,B,172.168.1.8
      261,20/12/2018,17:20,B,172.168.1.8
      120,20/12/2018,17:20,B,172.168.1.8
      118,20/12/2018,17:20,B,172.168.1.8
      129,20/12/2018,17:22,B,172.168.1.8
      287,20/12/2018,17:23,B,172.168.1.8
      268,20/12/2018,17:23,B,172.168.1.8
        8,20/12/2018,17:24,B,172.168.1.8
       10,20/12/2018,17:24,B,172.168.1.8
      290,20/12/2018,17:25,B,172.168.1.8
      311,20/12/2018,17:25,B,172.168.1.8
      309,20/12/2018,17:26,B,172.168.1.8
      260,20/12/2018,17:29,B,172.168.1.8
      123,20/12/2018,17:30,B,172.168.1.8
      106,20/12/2018,17:31,B,172.168.1.8
       27,20/12/2018,17:34,B,172.168.1.8
      114,20/12/2018,17:47,B,172.168.1.8
      273,20/12/2018,17:47,B,172.168.1.8
      114,20/12/2018,17:48,B,172.168.1.8
      116,20/12/2018,18:05,B,172.168.1.8
      112,20/12/2018,18:05,B,172.168.1.8
      117,20/12/2018,18:05,B,172.168.1.8
      310,20/12/2018,18:05,B,172.168.1.8
      262,20/12/2018,18:07,B,172.168.1.8
      255,20/12/2018,20:24,B,172.168.1.8
      121,21/12/2018,06:53,B,172.168.1.8
      262,21/12/2018,06:54,B,172.168.1.8
      126,21/12/2018,07:13,B,172.168.1.8
      287,21/12/2018,07:16,B,172.168.1.8
      255,21/12/2018,07:41,B,172.168.1.8
      213,21/12/2018,07:42,B,172.168.1.8
      260,21/12/2018,07:44,B,172.168.1.8
      214,21/12/2018,07:57,B,172.168.1.8
       17,21/12/2018,08:07,B,172.168.1.8
       19,21/12/2018,08:18,B,172.168.1.8
      112,21/12/2018,08:31,B,172.168.1.8
      301,21/12/2018,08:32,B,172.168.1.8
      268,21/12/2018,08:32,B,172.168.1.8
      273,21/12/2018,08:38,B,172.168.1.8
      205,21/12/2018,08:39,B,172.168.1.8
      211,21/12/2018,08:39,B,172.168.1.8
      291,21/12/2018,08:42,B,172.168.1.8
      283,21/12/2018,08:46,B,172.168.1.8
      303,21/12/2018,08:47,B,172.168.1.8
       14,21/12/2018,08:47,B,172.168.1.8
       42,21/12/2018,08:47,B,172.168.1.8
      119,21/12/2018,08:47,B,172.168.1.8
       23,21/12/2018,08:49,B,172.168.1.8
       18,21/12/2018,08:51,B,172.168.1.8
       16,21/12/2018,08:51,B,172.168.1.8
       35,21/12/2018,08:53,B,172.168.1.8
      115,21/12/2018,08:53,B,172.168.1.8
       11,21/12/2018,08:55,B,172.168.1.8
      215,21/12/2018,08:56,B,172.168.1.8
       35,21/12/2018,08:58,B,172.168.1.8
       64,21/12/2018,08:58,B,172.168.1.8
      208,21/12/2018,08:58,B,172.168.1.8
      216,21/12/2018,08:59,B,172.168.1.8
      207,21/12/2018,08:59,B,172.168.1.8
      212,21/12/2018,08:59,B,172.168.1.8
       62,21/12/2018,08:59,B,172.168.1.8
      125,21/12/2018,09:01,B,172.168.1.8
      202,21/12/2018,09:05,B,172.168.1.8
      120,21/12/2018,09:06,B,172.168.1.8
       32,21/12/2018,09:08,B,172.168.1.8
      201,21/12/2018,09:08,B,172.168.1.8
      204,21/12/2018,09:09,B,172.168.1.8
       25,21/12/2018,09:09,B,172.168.1.8
       52,21/12/2018,09:11,B,172.168.1.8
      203,21/12/2018,09:13,B,172.168.1.8
       27,21/12/2018,09:14,B,172.168.1.8
       12,21/12/2018,09:23,B,172.168.1.8
      122,21/12/2018,09:24,B,172.168.1.8
      116,21/12/2018,09:35,B,172.168.1.8
      123,21/12/2018,09:36,B,172.168.1.8
      206,21/12/2018,09:37,B,172.168.1.8
      290,21/12/2018,09:40,B,172.168.1.8
      110,21/12/2018,09:45,B,172.168.1.8
      258,21/12/2018,09:51,B,172.168.1.8
       26,21/12/2018,09:57,B,172.168.1.8
      128,21/12/2018,09:59,B,172.168.1.8
       29,21/12/2018,10:02,B,172.168.1.8
      310,21/12/2018,10:02,B,172.168.1.8
      114,21/12/2018,10:03,B,172.168.1.8
       21,21/12/2018,10:05,B,172.168.1.8
      117,21/12/2018,10:08,B,172.168.1.8
      131,21/12/2018,10:09,B,172.168.1.8
      271,21/12/2018,10:10,B,172.168.1.8
      127,21/12/2018,10:11,B,172.168.1.8
      289,21/12/2018,10:14,B,172.168.1.8
      209,21/12/2018,10:14,B,172.168.1.8
      312,21/12/2018,10:21,B,172.168.1.8
      261,21/12/2018,10:22,B,172.168.1.8
       36,21/12/2018,10:23,B,172.168.1.8
        8,21/12/2018,10:25,B,172.168.1.8
      293,21/12/2018,10:26,B,172.168.1.8
      129,21/12/2018,10:29,B,172.168.1.8
      101,21/12/2018,10:30,B,172.168.1.8
       24,21/12/2018,10:30,B,172.168.1.8
      295,21/12/2018,10:39,B,172.168.1.8
      253,21/12/2018,10:40,B,172.168.1.8
      106,21/12/2018,10:51,B,172.168.1.8
       57,21/12/2018,10:55,B,172.168.1.8
      118,21/12/2018,10:57,B,172.168.1.8
       42,21/12/2018,10:57,B,172.168.1.8
      251,21/12/2018,10:58,B,172.168.1.8
       51,21/12/2018,11:05,B,172.168.1.8
       10,21/12/2018,11:13,B,172.168.1.8
       10,21/12/2018,11:14,B,172.168.1.8
      309,21/12/2018,11:29,B,172.168.1.8
        2,21/12/2018,11:31,B,172.168.1.8
      122,21/12/2018,11:37,B,172.168.1.8
      305,21/12/2018,12:06,B,172.168.1.8
      301,21/12/2018,12:18,B,172.168.1.8
       64,21/12/2018,12:21,B,172.168.1.8
       52,21/12/2018,12:51,B,172.168.1.8
      205,21/12/2018,13:41,B,172.168.1.8
      205,21/12/2018,13:41,B,172.168.1.8
      205,21/12/2018,13:41,B,172.168.1.8
      304,21/12/2018,13:55,B,172.168.1.8
      211,21/12/2018,13:56,B,172.168.1.8
      207,21/12/2018,13:57,B,172.168.1.8
      208,21/12/2018,13:58,B,172.168.1.8
      216,21/12/2018,13:59,B,172.168.1.8
      215,21/12/2018,13:59,B,172.168.1.8
      207,21/12/2018,13:59,B,172.168.1.8
      212,21/12/2018,13:59,B,172.168.1.8
      112,21/12/2018,14:01,B,172.168.1.8
      303,21/12/2018,14:11,B,172.168.1.8
      203,21/12/2018,14:19,B,172.168.1.8
      202,21/12/2018,14:19,B,172.168.1.8
      201,21/12/2018,14:19,B,172.168.1.8
       35,21/12/2018,14:23,B,172.168.1.8
      214,21/12/2018,14:25,B,172.168.1.8
      206,21/12/2018,14:26,B,172.168.1.8
      204,21/12/2018,14:27,B,172.168.1.8
      209,21/12/2018,14:27,B,172.168.1.8
       62,21/12/2018,14:30,B,172.168.1.8
      213,21/12/2018,14:30,B,172.168.1.8
       16,21/12/2018,14:42,B,172.168.1.8
       18,21/12/2018,14:44,B,172.168.1.8
      213,21/12/2018,14:48,B,172.168.1.8
      110,21/12/2018,14:55,B,172.168.1.8
       19,21/12/2018,14:55,B,172.168.1.8
      121,21/12/2018,15:00,B,172.168.1.8
       21,21/12/2018,15:00,B,172.168.1.8
        9,21/12/2018,15:02,B,172.168.1.8
       17,21/12/2018,15:07,B,172.168.1.8
       11,21/12/2018,15:12,B,172.168.1.8
      305,21/12/2018,15:26,B,172.168.1.8
       36,21/12/2018,15:27,B,172.168.1.8
      126,21/12/2018,15:30,B,172.168.1.8
      291,21/12/2018,15:44,B,172.168.1.8
      131,21/12/2018,15:44,B,172.168.1.8
       23,21/12/2018,15:48,B,172.168.1.8
       14,21/12/2018,15:51,B,172.168.1.8
      126,21/12/2018,15:56,B,172.168.1.8
       29,21/12/2018,15:59,B,172.168.1.8
       24,21/12/2018,16:10,B,172.168.1.8
        2,21/12/2018,16:28,B,172.168.1.8
       32,21/12/2018,16:40,B,172.168.1.8
      309,21/12/2018,16:42,B,172.168.1.8
      119,21/12/2018,16:47,B,172.168.1.8
      283,21/12/2018,16:47,B,172.168.1.8
      283,21/12/2018,16:48,B,172.168.1.8
      115,21/12/2018,16:50,B,172.168.1.8
      128,21/12/2018,16:50,B,172.168.1.8
       25,21/12/2018,17:00,B,172.168.1.8
      253,21/12/2018,17:02,B,172.168.1.8
       10,21/12/2018,17:06,B,172.168.1.8
      125,21/12/2018,17:06,B,172.168.1.8
       12,21/12/2018,17:07,B,172.168.1.8
      118,21/12/2018,17:10,B,172.168.1.8
      271,21/12/2018,17:10,B,172.168.1.8
      251,21/12/2018,17:10,B,172.168.1.8
      295,21/12/2018,17:10,B,172.168.1.8
      101,21/12/2018,17:12,B,172.168.1.8
      101,21/12/2018,17:12,B,172.168.1.8
       26,21/12/2018,17:14,B,172.168.1.8
      116,21/12/2018,17:17,B,172.168.1.8
      258,21/12/2018,17:20,B,172.168.1.8
      289,21/12/2018,17:22,B,172.168.1.8
      261,21/12/2018,17:22,B,172.168.1.8
      120,21/12/2018,17:23,B,172.168.1.8
      287,21/12/2018,17:25,B,172.168.1.8
      268,21/12/2018,17:25,B,172.168.1.8
      273,21/12/2018,17:33,B,172.168.1.8
      114,21/12/2018,17:33,B,172.168.1.8
      127,21/12/2018,17:33,B,172.168.1.8
      290,21/12/2018,17:45,B,172.168.1.8
      290,21/12/2018,17:45,B,172.168.1.8
      290,21/12/2018,17:45,B,172.168.1.8
      312,21/12/2018,17:46,B,172.168.1.8
       27,21/12/2018,17:47,B,172.168.1.8
      129,21/12/2018,17:49,B,172.168.1.8
      293,21/12/2018,17:50,B,172.168.1.8
      106,21/12/2018,17:52,B,172.168.1.8
      123,21/12/2018,17:55,B,172.168.1.8
      260,21/12/2018,18:01,B,172.168.1.8
      117,21/12/2018,18:14,B,172.168.1.8
      310,21/12/2018,18:14,B,172.168.1.8
      262,21/12/2018,20:04,B,172.168.1.8
      255,21/12/2018,20:06,B,172.168.1.8
      262,22/12/2018,07:12,B,172.168.1.8
      126,22/12/2018,07:13,B,172.168.1.8
      210,22/12/2018,07:36,B,172.168.1.8
      119,22/12/2018,07:39,B,172.168.1.8
      202,22/12/2018,07:55,B,172.168.1.8
      273,22/12/2018,07:58,B,172.168.1.8
      206,22/12/2018,08:01,B,172.168.1.8
      209,22/12/2018,08:03,B,172.168.1.8
      204,22/12/2018,08:03,B,172.168.1.8
      216,22/12/2018,08:05,B,172.168.1.8
      291,22/12/2018,08:22,B,172.168.1.8
      260,22/12/2018,08:25,B,172.168.1.8
      255,22/12/2018,08:31,B,172.168.1.8
       36,22/12/2018,08:39,B,172.168.1.8
      205,22/12/2018,08:45,B,172.168.1.8
      205,22/12/2018,08:45,B,172.168.1.8
      208,22/12/2018,08:47,B,172.168.1.8
      268,22/12/2018,08:47,B,172.168.1.8
      115,22/12/2018,08:53,B,172.168.1.8
       32,22/12/2018,08:53,B,172.168.1.8
      280,22/12/2018,08:58,B,172.168.1.8
       65,22/12/2018,09:05,B,172.168.1.8
       16,22/12/2018,09:05,B,172.168.1.8
       18,22/12/2018,09:06,B,172.168.1.8
       16,22/12/2018,09:06,B,172.168.1.8
       14,22/12/2018,09:11,B,172.168.1.8
      118,22/12/2018,09:11,B,172.168.1.8
        8,22/12/2018,09:13,B,172.168.1.8
      312,22/12/2018,09:13,B,172.168.1.8
       62,22/12/2018,09:17,B,172.168.1.8
      303,22/12/2018,09:19,B,172.168.1.8
       25,22/12/2018,09:22,B,172.168.1.8
      287,22/12/2018,09:24,B,172.168.1.8
       11,22/12/2018,09:24,B,172.168.1.8
       23,22/12/2018,09:26,B,172.168.1.8
      116,22/12/2018,09:29,B,172.168.1.8
      114,22/12/2018,09:29,B,172.168.1.8
      213,22/12/2018,09:31,B,172.168.1.8
      214,22/12/2018,09:40,B,172.168.1.8
      110,22/12/2018,09:43,B,172.168.1.8
       35,22/12/2018,09:45,B,172.168.1.8
       12,22/12/2018,09:47,B,172.168.1.8
      203,22/12/2018,09:48,B,172.168.1.8
      207,22/12/2018,09:53,B,172.168.1.8
      215,22/12/2018,09:55,B,172.168.1.8
      204,22/12/2018,10:12,B,172.168.1.8
      204,22/12/2018,10:13,B,172.168.1.8
      271,22/12/2018,10:13,B,172.168.1.8
      289,22/12/2018,10:13,B,172.168.1.8
      206,22/12/2018,10:13,B,172.168.1.8
      209,22/12/2018,10:14,B,172.168.1.8
      204,22/12/2018,10:14,B,172.168.1.8
      261,22/12/2018,10:16,B,172.168.1.8
      201,22/12/2018,10:16,B,172.168.1.8
      216,22/12/2018,10:20,B,172.168.1.8
       26,22/12/2018,10:23,B,172.168.1.8
       27,22/12/2018,10:25,B,172.168.1.8
      258,22/12/2018,10:30,B,172.168.1.8
       28,22/12/2018,10:32,B,172.168.1.8
      101,22/12/2018,10:36,B,172.168.1.8
       21,22/12/2018,10:38,B,172.168.1.8
      123,22/12/2018,10:39,B,172.168.1.8
       36,22/12/2018,10:46,B,172.168.1.8
       22,22/12/2018,10:58,B,172.168.1.8
      208,22/12/2018,11:00,B,172.168.1.8
      251,22/12/2018,11:02,B,172.168.1.8
      293,22/12/2018,11:02,B,172.168.1.8
      205,22/12/2018,11:03,B,172.168.1.8
      205,22/12/2018,11:03,B,172.168.1.8
      210,22/12/2018,11:09,B,172.168.1.8
       19,22/12/2018,11:12,B,172.168.1.8
      290,22/12/2018,11:12,B,172.168.1.8
      290,22/12/2018,11:12,B,172.168.1.8
       10,22/12/2018,11:18,B,172.168.1.8
       29,22/12/2018,11:20,B,172.168.1.8
      202,22/12/2018,11:30,B,172.168.1.8
       16,22/12/2018,11:34,B,172.168.1.8
       17,22/12/2018,11:38,B,172.168.1.8
      201,22/12/2018,11:52,B,172.168.1.8
      203,22/12/2018,11:52,B,172.168.1.8
       62,22/12/2018,11:58,B,172.168.1.8
       18,22/12/2018,12:00,B,172.168.1.8
      303,22/12/2018,12:02,B,172.168.1.8
      214,22/12/2018,12:09,B,172.168.1.8
      215,22/12/2018,12:11,B,172.168.1.8
      213,22/12/2018,12:11,B,172.168.1.8
       11,22/12/2018,12:15,B,172.168.1.8
       35,22/12/2018,12:19,B,172.168.1.8
       23,22/12/2018,12:52,B,172.168.1.8
       14,22/12/2018,12:53,B,172.168.1.8
       32,22/12/2018,13:04,B,172.168.1.8
        9,22/12/2018,13:51,B,172.168.1.8
      119,22/12/2018,14:09,B,172.168.1.8
       29,22/12/2018,14:14,B,172.168.1.8
       28,22/12/2018,14:19,B,172.168.1.8
       10,22/12/2018,14:19,B,172.168.1.8
      291,22/12/2018,14:22,B,172.168.1.8
       17,22/12/2018,14:25,B,172.168.1.8
       12,22/12/2018,14:26,B,172.168.1.8
       19,22/12/2018,14:33,B,172.168.1.8
      312,22/12/2018,14:42,B,172.168.1.8
       21,22/12/2018,14:48,B,172.168.1.8
       65,22/12/2018,14:58,B,172.168.1.8
       22,22/12/2018,15:02,B,172.168.1.8
       27,22/12/2018,15:07,B,172.168.1.8
      126,22/12/2018,15:14,B,172.168.1.8
      280,22/12/2018,15:14,B,172.168.1.8
      126,22/12/2018,15:15,B,172.168.1.8
      280,22/12/2018,15:15,B,172.168.1.8
      110,22/12/2018,15:40,B,172.168.1.8
       26,22/12/2018,15:44,B,172.168.1.8
      293,22/12/2018,16:00,B,172.168.1.8
      290,22/12/2018,16:00,B,172.168.1.8
      273,22/12/2018,16:04,B,172.168.1.8
      289,22/12/2018,16:18,B,172.168.1.8
      261,22/12/2018,16:18,B,172.168.1.8
      255,22/12/2018,16:19,B,172.168.1.8
      101,22/12/2018,16:24,B,172.168.1.8
      101,22/12/2018,16:24,B,172.168.1.8
      115,22/12/2018,16:26,B,172.168.1.8
      251,22/12/2018,16:26,B,172.168.1.8
      116,22/12/2018,16:27,B,172.168.1.8
      101,22/12/2018,16:27,B,172.168.1.8
      260,22/12/2018,16:30,B,172.168.1.8
       25,22/12/2018,16:39,B,172.168.1.8
      258,22/12/2018,16:40,B,172.168.1.8
      271,22/12/2018,16:41,B,172.168.1.8
      118,22/12/2018,16:42,B,172.168.1.8
      268,22/12/2018,16:42,B,172.168.1.8
      287,22/12/2018,16:43,B,172.168.1.8
      262,22/12/2018,16:43,B,172.168.1.8
      114,22/12/2018,17:30,B,172.168.1.8
      123,22/12/2018,17:30,B,172.168.1.8
      114,22/12/2018,17:36,B,172.168.1.8
      121,24/12/2018,06:50,B,172.168.1.8
      119,24/12/2018,07:35,B,172.168.1.8
      301,24/12/2018,07:35,B,172.168.1.8
      210,24/12/2018,07:39,B,172.168.1.8
       63,24/12/2018,07:41,B,172.168.1.8
      273,24/12/2018,07:51,B,172.168.1.8
      291,24/12/2018,07:52,B,172.168.1.8
      215,24/12/2018,08:03,B,172.168.1.8
      211,24/12/2018,08:05,B,172.168.1.8
      211,24/12/2018,08:05,B,172.168.1.8
      126,24/12/2018,08:07,B,172.168.1.8
      202,24/12/2018,08:17,B,172.168.1.8
      260,24/12/2018,08:22,B,172.168.1.8
       42,24/12/2018,08:25,B,172.168.1.8
       65,24/12/2018,08:26,B,172.168.1.8
      255,24/12/2018,08:30,B,172.168.1.8
      268,24/12/2018,08:30,B,172.168.1.8
      208,24/12/2018,08:30,B,172.168.1.8
      209,24/12/2018,08:31,B,172.168.1.8
       14,24/12/2018,08:39,B,172.168.1.8
      287,24/12/2018,08:41,B,172.168.1.8
       36,24/12/2018,08:44,B,172.168.1.8
      205,24/12/2018,08:47,B,172.168.1.8
       23,24/12/2018,08:51,B,172.168.1.8
      216,24/12/2018,08:52,B,172.168.1.8
      212,24/12/2018,08:53,B,172.168.1.8
      120,24/12/2018,08:54,B,172.168.1.8
       18,24/12/2018,08:55,B,172.168.1.8
       16,24/12/2018,08:55,B,172.168.1.8
       16,24/12/2018,08:55,B,172.168.1.8
      204,24/12/2018,08:57,B,172.168.1.8
       37,24/12/2018,08:57,B,172.168.1.8
      303,24/12/2018,08:58,B,172.168.1.8
      118,24/12/2018,09:04,B,172.168.1.8
       12,24/12/2018,09:07,B,172.168.1.8
      203,24/12/2018,09:08,B,172.168.1.8
      262,24/12/2018,09:12,B,172.168.1.8
       25,24/12/2018,09:13,B,172.168.1.8
       32,24/12/2018,09:21,B,172.168.1.8
       24,24/12/2018,09:27,B,172.168.1.8
      122,24/12/2018,09:29,B,172.168.1.8
      290,24/12/2018,09:31,B,172.168.1.8
      312,24/12/2018,09:32,B,172.168.1.8
       20,24/12/2018,09:35,B,172.168.1.8
      123,24/12/2018,09:40,B,172.168.1.8
       28,24/12/2018,09:43,B,172.168.1.8
      110,24/12/2018,09:45,B,172.168.1.8
       62,24/12/2018,09:51,B,172.168.1.8
      125,24/12/2018,09:52,B,172.168.1.8
       21,24/12/2018,09:52,B,172.168.1.8
      213,24/12/2018,09:53,B,172.168.1.8
       35,24/12/2018,09:59,B,172.168.1.8
      289,24/12/2018,10:02,B,172.168.1.8
      310,24/12/2018,10:03,B,172.168.1.8
      127,24/12/2018,10:08,B,172.168.1.8
      117,24/12/2018,10:08,B,172.168.1.8
      114,24/12/2018,10:12,B,172.168.1.8
      254,24/12/2018,10:14,B,172.168.1.8
      129,24/12/2018,10:16,B,172.168.1.8
      206,24/12/2018,10:18,B,172.168.1.8
      253,24/12/2018,10:21,B,172.168.1.8
      109,24/12/2018,10:22,B,172.168.1.8
      309,24/12/2018,10:22,B,172.168.1.8
      131,24/12/2018,10:23,B,172.168.1.8
       63,24/12/2018,10:24,B,172.168.1.8
      261,24/12/2018,10:24,B,172.168.1.8
      293,24/12/2018,10:25,B,172.168.1.8
      106,24/12/2018,10:35,B,172.168.1.8
       27,24/12/2018,10:41,B,172.168.1.8
       42,24/12/2018,10:50,B,172.168.1.8
       26,24/12/2018,10:50,B,172.168.1.8
       51,24/12/2018,10:51,B,172.168.1.8
      251,24/12/2018,10:53,B,172.168.1.8
      251,24/12/2018,10:53,B,172.168.1.8
       10,24/12/2018,10:59,B,172.168.1.8
       19,24/12/2018,11:17,B,172.168.1.8
       22,24/12/2018,11:34,B,172.168.1.8
      291,24/12/2018,11:36,B,172.168.1.8
        9,24/12/2018,11:38,B,172.168.1.8
      202,24/12/2018,11:43,B,172.168.1.8
       30,24/12/2018,11:46,B,172.168.1.8
       30,24/12/2018,11:48,B,172.168.1.8
       65,24/12/2018,12:00,B,172.168.1.8
      256,24/12/2018,12:10,B,172.168.1.8
      205,24/12/2018,12:17,B,172.168.1.8
      205,24/12/2018,12:17,B,172.168.1.8
      204,24/12/2018,12:17,B,172.168.1.8
      209,24/12/2018,12:20,B,172.168.1.8
      204,24/12/2018,12:20,B,172.168.1.8
      213,24/12/2018,12:20,B,172.168.1.8
      209,24/12/2018,12:21,B,172.168.1.8
      215,24/12/2018,12:23,B,172.168.1.8
      216,24/12/2018,12:23,B,172.168.1.8
      211,24/12/2018,12:25,B,172.168.1.8
      203,24/12/2018,12:52,B,172.168.1.8
      206,24/12/2018,12:53,B,172.168.1.8
      309,24/12/2018,12:56,B,172.168.1.8
       36,24/12/2018,13:27,B,172.168.1.8
      251,24/12/2018,13:34,B,172.168.1.8
      311,24/12/2018,13:37,B,172.168.1.8
       51,24/12/2018,13:38,B,172.168.1.8
      210,24/12/2018,14:00,B,172.168.1.8
       64,24/12/2018,14:03,B,172.168.1.8
       18,24/12/2018,14:07,B,172.168.1.8
       16,24/12/2018,14:08,B,172.168.1.8
       35,24/12/2018,14:14,B,172.168.1.8
       35,24/12/2018,14:15,B,172.168.1.8
       62,24/12/2018,14:27,B,172.168.1.8
      303,24/12/2018,14:28,B,172.168.1.8
       12,24/12/2018,14:34,B,172.168.1.8
       23,24/12/2018,14:48,B,172.168.1.8
      121,24/12/2018,15:02,B,172.168.1.8
       37,24/12/2018,15:08,B,172.168.1.8
       21,24/12/2018,15:19,B,172.168.1.8
       14,24/12/2018,15:22,B,172.168.1.8
       20,24/12/2018,15:26,B,172.168.1.8
       24,24/12/2018,15:29,B,172.168.1.8
       30,24/12/2018,15:33,B,172.168.1.8
       62,24/12/2018,15:38,B,172.168.1.8
      126,24/12/2018,15:50,B,172.168.1.8
      119,24/12/2018,16:04,B,172.168.1.8
       28,24/12/2018,16:22,B,172.168.1.8
       32,24/12/2018,16:32,B,172.168.1.8
       19,24/12/2018,16:44,B,172.168.1.8
       19,24/12/2018,16:45,B,172.168.1.8
       64,24/12/2018,16:48,B,172.168.1.8
       29,24/12/2018,16:56,B,172.168.1.8
       26,24/12/2018,16:57,B,172.168.1.8
       25,24/12/2018,16:58,B,172.168.1.8
      125,24/12/2018,16:58,B,172.168.1.8
       10,24/12/2018,17:00,B,172.168.1.8
      123,24/12/2018,17:02,B,172.168.1.8
      114,24/12/2018,17:08,B,172.168.1.8
      287,24/12/2018,17:09,B,172.168.1.8
      110,24/12/2018,17:10,B,172.168.1.8
      131,24/12/2018,17:15,B,172.168.1.8
       27,24/12/2018,17:15,B,172.168.1.8
      268,24/12/2018,17:16,B,172.168.1.8
      289,24/12/2018,17:16,B,172.168.1.8
      261,24/12/2018,17:16,B,172.168.1.8
      122,24/12/2018,17:16,B,172.168.1.8
      253,24/12/2018,17:17,B,172.168.1.8
      254,24/12/2018,17:17,B,172.168.1.8
      120,24/12/2018,17:18,B,172.168.1.8
      109,24/12/2018,17:18,B,172.168.1.8
      118,24/12/2018,17:18,B,172.168.1.8
      127,24/12/2018,17:21,B,172.168.1.8
      256,24/12/2018,17:33,B,172.168.1.8
      260,24/12/2018,17:35,B,172.168.1.8
      290,24/12/2018,17:41,B,172.168.1.8
      129,24/12/2018,17:44,B,172.168.1.8
      312,24/12/2018,17:44,B,172.168.1.8
        8,24/12/2018,17:47,B,172.168.1.8
      310,24/12/2018,17:48,B,172.168.1.8
      293,24/12/2018,17:48,B,172.168.1.8
      106,24/12/2018,17:49,B,172.168.1.8
      293,24/12/2018,17:50,B,172.168.1.8
      117,24/12/2018,17:50,B,172.168.1.8
      310,24/12/2018,17:51,B,172.168.1.8
      262,24/12/2018,19:31,B,172.168.1.8
      255,24/12/2018,19:34,B,172.168.1.8
      121,26/12/2018,06:48,B,172.168.1.8
      287,26/12/2018,07:34,B,172.168.1.8
      260,26/12/2018,08:15,B,172.168.1.8
      291,26/12/2018,08:20,B,172.168.1.8
      273,26/12/2018,08:30,B,172.168.1.8
      115,26/12/2018,08:55,B,172.168.1.8
      262,26/12/2018,09:20,B,172.168.1.8
      118,26/12/2018,09:33,B,172.168.1.8
       25,26/12/2018,09:36,B,172.168.1.8
      110,26/12/2018,09:54,B,172.168.1.8
      290,26/12/2018,09:57,B,172.168.1.8
      116,26/12/2018,10:02,B,172.168.1.8
      125,26/12/2018,10:02,B,172.168.1.8
      128,26/12/2018,10:02,B,172.168.1.8
      310,26/12/2018,10:02,B,172.168.1.8
      119,26/12/2018,10:03,B,172.168.1.8
      289,26/12/2018,10:05,B,172.168.1.8
      117,26/12/2018,10:09,B,172.168.1.8
      131,26/12/2018,10:11,B,172.168.1.8
       42,26/12/2018,10:15,B,172.168.1.8
      114,26/12/2018,10:21,B,172.168.1.8
      106,26/12/2018,10:28,B,172.168.1.8
      109,26/12/2018,10:34,B,172.168.1.8
      101,26/12/2018,10:34,B,172.168.1.8
      295,26/12/2018,10:41,B,172.168.1.8
      129,26/12/2018,10:44,B,172.168.1.8
      293,26/12/2018,10:55,B,172.168.1.8
      256,26/12/2018,10:56,B,172.168.1.8
      121,26/12/2018,15:09,B,172.168.1.8
      291,26/12/2018,15:20,B,172.168.1.8
      119,26/12/2018,16:28,B,172.168.1.8
      273,26/12/2018,16:32,B,172.168.1.8
       25,26/12/2018,16:45,B,172.168.1.8
      114,26/12/2018,16:49,B,172.168.1.8
      128,26/12/2018,17:09,B,172.168.1.8
      110,26/12/2018,17:10,B,172.168.1.8
      118,26/12/2018,17:10,B,172.168.1.8
      287,26/12/2018,17:12,B,172.168.1.8
      262,26/12/2018,17:13,B,172.168.1.8
      131,26/12/2018,17:16,B,172.168.1.8
      289,26/12/2018,17:17,B,172.168.1.8
      109,26/12/2018,17:18,B,172.168.1.8
      260,26/12/2018,17:21,B,172.168.1.8
      129,26/12/2018,17:32,B,172.168.1.8
      115,26/12/2018,17:32,B,172.168.1.8
      290,26/12/2018,17:33,B,172.168.1.8
      106,26/12/2018,17:33,B,172.168.1.8
      125,26/12/2018,17:34,B,172.168.1.8
      129,26/12/2018,17:41,B,172.168.1.8
      116,26/12/2018,17:55,B,172.168.1.8
      293,26/12/2018,18:06,B,172.168.1.8
      101,26/12/2018,18:13,B,172.168.1.8
      310,26/12/2018,18:16,B,172.168.1.8
      117,26/12/2018,18:17,B,172.168.1.8
      121,27/12/2018,06:44,B,172.168.1.8
      126,27/12/2018,07:17,B,172.168.1.8
      291,27/12/2018,07:49,B,172.168.1.8
      273,27/12/2018,08:23,B,172.168.1.8
      260,27/12/2018,08:46,B,172.168.1.8
      115,27/12/2018,08:54,B,172.168.1.8
       42,27/12/2018,09:07,B,172.168.1.8
      262,27/12/2018,09:15,B,172.168.1.8
      120,27/12/2018,09:23,B,172.168.1.8
       25,27/12/2018,09:28,B,172.168.1.8
      125,27/12/2018,09:29,B,172.168.1.8
      123,27/12/2018,09:52,B,172.168.1.8
      110,27/12/2018,09:56,B,172.168.1.8
      290,27/12/2018,09:58,B,172.168.1.8
      119,27/12/2018,10:00,B,172.168.1.8
      116,27/12/2018,10:00,B,172.168.1.8
      289,27/12/2018,10:07,B,172.168.1.8
      271,27/12/2018,10:10,B,172.168.1.8
      310,27/12/2018,10:11,B,172.168.1.8
      117,27/12/2018,10:14,B,172.168.1.8
      293,27/12/2018,10:18,B,172.168.1.8
      253,27/12/2018,10:26,B,172.168.1.8
      129,27/12/2018,10:28,B,172.168.1.8
      114,27/12/2018,10:32,B,172.168.1.8
      106,27/12/2018,10:47,B,172.168.1.8
      101,27/12/2018,10:51,B,172.168.1.8
      283,27/12/2018,10:55,B,172.168.1.8
      131,27/12/2018,11:47,B,172.168.1.8
      121,27/12/2018,15:06,B,172.168.1.8
      283,27/12/2018,15:41,B,172.168.1.8
      126,27/12/2018,15:47,B,172.168.1.8
      291,27/12/2018,15:55,B,172.168.1.8
      119,27/12/2018,16:32,B,172.168.1.8
      123,27/12/2018,16:36,B,172.168.1.8
      110,27/12/2018,16:45,B,172.168.1.8
       25,27/12/2018,16:58,B,172.168.1.8
      273,27/12/2018,17:01,B,172.168.1.8
      125,27/12/2018,17:03,B,172.168.1.8
      115,27/12/2018,17:09,B,172.168.1.8
      114,27/12/2018,17:10,B,172.168.1.8
      289,27/12/2018,17:15,B,172.168.1.8
      120,27/12/2018,17:16,B,172.168.1.8
      290,27/12/2018,17:18,B,172.168.1.8
      131,27/12/2018,17:18,B,172.168.1.8
      115,27/12/2018,17:21,B,172.168.1.8
      106,27/12/2018,17:22,B,172.168.1.8
      101,27/12/2018,17:23,B,172.168.1.8
      129,27/12/2018,17:25,B,172.168.1.8
      129,27/12/2018,17:26,B,172.168.1.8
      262,27/12/2018,17:28,B,172.168.1.8
      260,27/12/2018,17:30,B,172.168.1.8
      116,27/12/2018,17:50,B,172.168.1.8
      310,27/12/2018,17:50,B,172.168.1.8
      293,27/12/2018,17:50,B,172.168.1.8
      117,27/12/2018,17:50,B,172.168.1.8
      121,28/12/2018,06:53,B,172.168.1.8
       25,28/12/2018,09:23,B,172.168.1.8
      273,28/12/2018,09:27,B,172.168.1.8
      118,28/12/2018,09:50,B,172.168.1.8
      118,28/12/2018,09:52,B,172.168.1.8
      109,28/12/2018,10:15,B,172.168.1.8
      293,28/12/2018,10:16,B,172.168.1.8
      114,28/12/2018,10:27,B,172.168.1.8
        2,28/12/2018,11:08,B,172.168.1.8
      106,28/12/2018,11:16,B,172.168.1.8
       37,28/12/2018,11:17,B,172.168.1.8
       27,28/12/2018,12:28,B,172.168.1.8
      273,28/12/2018,13:25,B,172.168.1.8
       27,28/12/2018,14:58,B,172.168.1.8
        2,28/12/2018,14:59,B,172.168.1.8
        2,28/12/2018,15:06,B,172.168.1.8
      114,28/12/2018,15:13,B,172.168.1.8
       25,28/12/2018,15:13,B,172.168.1.8
      118,28/12/2018,15:20,B,172.168.1.8
      109,28/12/2018,15:24,B,172.168.1.8
      121,28/12/2018,15:25,B,172.168.1.8
      106,28/12/2018,15:25,B,172.168.1.8
      293,28/12/2018,15:27,B,172.168.1.8
      121,29/12/2018,06:52,B,172.168.1.8
       25,29/12/2018,09:08,B,172.168.1.8
      128,29/12/2018,10:12,B,172.168.1.8
      293,29/12/2018,10:44,B,172.168.1.8
       25,29/12/2018,15:10,B,172.168.1.8
      293,29/12/2018,15:18,B,172.168.1.8
      128,29/12/2018,15:21,B,172.168.1.8
      121,29/12/2018,15:23,B,172.168.1.8
      121,31/12/2018,06:48,B,172.168.1.8
      291,31/12/2018,07:37,B,172.168.1.8
      126,31/12/2018,07:38,B,172.168.1.8
      287,31/12/2018,08:01,B,172.168.1.8
      273,31/12/2018,08:04,B,172.168.1.8
      260,31/12/2018,08:20,B,172.168.1.8
      262,31/12/2018,09:11,B,172.168.1.8
      122,31/12/2018,09:19,B,172.168.1.8
      119,31/12/2018,09:19,B,172.168.1.8
       25,31/12/2018,09:25,B,172.168.1.8
      118,31/12/2018,09:28,B,172.168.1.8
      128,31/12/2018,09:54,B,172.168.1.8
      289,31/12/2018,10:07,B,172.168.1.8
      101,31/12/2018,10:21,B,172.168.1.8
      106,31/12/2018,10:27,B,172.168.1.8
      109,31/12/2018,10:29,B,172.168.1.8
      256,31/12/2018,10:31,B,172.168.1.8
      110,31/12/2018,10:34,B,172.168.1.8
      293,31/12/2018,10:39,B,172.168.1.8
       14,31/12/2018,10:41,B,172.168.1.8
      129,31/12/2018,10:43,B,172.168.1.8
      114,31/12/2018,10:52,B,172.168.1.8
      112,31/12/2018,12:16,B,172.168.1.8
      119,31/12/2018,15:10,B,172.168.1.8
      121,31/12/2018,15:13,B,172.168.1.8
      291,31/12/2018,15:17,B,172.168.1.8
      126,31/12/2018,15:20,B,172.168.1.8
      122,31/12/2018,16:05,B,172.168.1.8
      101,31/12/2018,16:33,B,172.168.1.8
      101,31/12/2018,16:33,B,172.168.1.8
      101,31/12/2018,16:33,B,172.168.1.8
      110,31/12/2018,16:34,B,172.168.1.8
      109,31/12/2018,16:34,B,172.168.1.8
      273,31/12/2018,16:39,B,172.168.1.8
      289,31/12/2018,16:41,B,172.168.1.8
      114,31/12/2018,16:42,B,172.168.1.8
      287,31/12/2018,16:42,B,172.168.1.8
      112,31/12/2018,16:46,B,172.168.1.8
       25,31/12/2018,16:48,B,172.168.1.8
      128,31/12/2018,16:49,B,172.168.1.8
      260,31/12/2018,16:50,B,172.168.1.8
      112,31/12/2018,16:50,B,172.168.1.8
      293,31/12/2018,16:50,B,172.168.1.8
      112,31/12/2018,16:52,B,172.168.1.8
      106,31/12/2018,16:53,B,172.168.1.8
      118,31/12/2018,16:53,B,172.168.1.8
      112,31/12/2018,16:54,B,172.168.1.8
      262,31/12/2018,16:54,B,172.168.1.8
      129,31/12/2018,17:00,B,172.168.1.8
      262,31/12/2018,17:00,B,172.168.1.8
      121,02/01/2019,06:58,B,172.168.1.8
      121,02/01/2019,06:58,B,172.168.1.8
      121,02/01/2019,06:59,B,172.168.1.8
      119,02/01/2019,07:33,B,172.168.1.8
      291,02/01/2019,07:42,B,172.168.1.8
      203,02/01/2019,08:01,B,172.168.1.8
      209,02/01/2019,08:02,B,172.168.1.8
      273,02/01/2019,08:09,B,172.168.1.8
      260,02/01/2019,08:17,B,172.168.1.8
      208,02/01/2019,08:25,B,172.168.1.8
      205,02/01/2019,08:30,B,172.168.1.8
       37,02/01/2019,08:40,B,172.168.1.8
      262,02/01/2019,08:50,B,172.168.1.8
      120,02/01/2019,08:56,B,172.168.1.8
      204,02/01/2019,08:57,B,172.168.1.8
      115,02/01/2019,09:00,B,172.168.1.8
      207,02/01/2019,09:01,B,172.168.1.8
      212,02/01/2019,09:01,B,172.168.1.8
      211,02/01/2019,09:40,B,172.168.1.8
      110,02/01/2019,09:40,B,172.168.1.8
      116,02/01/2019,09:48,B,172.168.1.8
      117,02/01/2019,09:49,B,172.168.1.8
      290,02/01/2019,09:50,B,172.168.1.8
      128,02/01/2019,09:52,B,172.168.1.8
      206,02/01/2019,09:54,B,172.168.1.8
      289,02/01/2019,10:03,B,172.168.1.8
      289,02/01/2019,10:03,B,172.168.1.8
      289,02/01/2019,10:03,B,172.168.1.8
      201,02/01/2019,10:06,B,172.168.1.8
      112,02/01/2019,10:11,B,172.168.1.8
      123,02/01/2019,10:13,B,172.168.1.8
      106,02/01/2019,10:15,B,172.168.1.8
      114,02/01/2019,10:19,B,172.168.1.8
      127,02/01/2019,10:20,B,172.168.1.8
      101,02/01/2019,10:35,B,172.168.1.8
      216,02/01/2019,10:37,B,172.168.1.8
      213,02/01/2019,10:38,B,172.168.1.8
      293,02/01/2019,10:39,B,172.168.1.8
      109,02/01/2019,10:54,B,172.168.1.8
      291,02/01/2019,11:01,B,172.168.1.8
      205,02/01/2019,12:32,B,172.168.1.8
      203,02/01/2019,12:33,B,172.168.1.8
      204,02/01/2019,12:35,B,172.168.1.8
      209,02/01/2019,12:35,B,172.168.1.8
      205,02/01/2019,12:35,B,172.168.1.8
      209,02/01/2019,12:36,B,172.168.1.8
      204,02/01/2019,12:39,B,172.168.1.8
      205,02/01/2019,12:40,B,172.168.1.8
      213,02/01/2019,12:40,B,172.168.1.8
      208,02/01/2019,12:40,B,172.168.1.8
      212,02/01/2019,13:12,B,172.168.1.8
      207,02/01/2019,13:12,B,172.168.1.8
      290,02/01/2019,13:15,B,172.168.1.8
      304,02/01/2019,13:38,B,172.168.1.8
      211,02/01/2019,13:41,B,172.168.1.8
      201,02/01/2019,14:02,B,172.168.1.8
      206,02/01/2019,14:13,B,172.168.1.8
      273,02/01/2019,14:58,B,172.168.1.8
      121,02/01/2019,14:59,B,172.168.1.8
      121,02/01/2019,15:00,B,172.168.1.8
      114,02/01/2019,15:01,B,172.168.1.8
      123,02/01/2019,16:03,B,172.168.1.8
      260,02/01/2019,16:21,B,172.168.1.8
      119,02/01/2019,16:28,B,172.168.1.8
      101,02/01/2019,16:55,B,172.168.1.8
      115,02/01/2019,16:55,B,172.168.1.8
      110,02/01/2019,17:00,B,172.168.1.8
      109,02/01/2019,17:00,B,172.168.1.8
      128,02/01/2019,17:01,B,172.168.1.8
      106,02/01/2019,17:06,B,172.168.1.8
      293,02/01/2019,17:07,B,172.168.1.8
      289,02/01/2019,17:08,B,172.168.1.8
      120,02/01/2019,17:09,B,172.168.1.8
      127,02/01/2019,17:10,B,172.168.1.8
      112,02/01/2019,17:12,B,172.168.1.8
      116,02/01/2019,17:12,B,172.168.1.8
      262,02/01/2019,17:12,B,172.168.1.8
      117,02/01/2019,17:12,B,172.168.1.8
      121,03/01/2019,06:48,B,172.168.1.8
      273,03/01/2019,07:56,B,172.168.1.8
      291,03/01/2019,08:03,B,172.168.1.8
       54,03/01/2019,08:18,B,172.168.1.8
      260,03/01/2019,08:29,B,172.168.1.8
       42,03/01/2019,08:29,B,172.168.1.8
      201,03/01/2019,08:32,B,172.168.1.8
      212,03/01/2019,08:34,B,172.168.1.8
      205,03/01/2019,08:36,B,172.168.1.8
      215,03/01/2019,08:45,B,172.168.1.8
      122,03/01/2019,08:45,B,172.168.1.8
      203,03/01/2019,08:46,B,172.168.1.8
      211,03/01/2019,08:50,B,172.168.1.8
      209,03/01/2019,08:51,B,172.168.1.8
      110,03/01/2019,08:53,B,172.168.1.8
      213,03/01/2019,08:54,B,172.168.1.8
      204,03/01/2019,08:54,B,172.168.1.8
      115,03/01/2019,08:56,B,172.168.1.8
      119,03/01/2019,08:59,B,172.168.1.8
       25,03/01/2019,09:14,B,172.168.1.8
       64,03/01/2019,09:22,B,172.168.1.8
      120,03/01/2019,09:29,B,172.168.1.8
      283,03/01/2019,09:39,B,172.168.1.8
      117,03/01/2019,09:39,B,172.168.1.8
      125,03/01/2019,09:39,B,172.168.1.8
      118,03/01/2019,09:40,B,172.168.1.8
      123,03/01/2019,09:44,B,172.168.1.8
      112,03/01/2019,09:45,B,172.168.1.8
      290,03/01/2019,09:50,B,172.168.1.8
      116,03/01/2019,09:52,B,172.168.1.8
       64,03/01/2019,09:52,B,172.168.1.8
      131,03/01/2019,09:52,B,172.168.1.8
      128,03/01/2019,09:55,B,172.168.1.8
      127,03/01/2019,10:09,B,172.168.1.8
      289,03/01/2019,10:11,B,172.168.1.8
      208,03/01/2019,10:19,B,172.168.1.8
      114,03/01/2019,10:22,B,172.168.1.8
      207,03/01/2019,10:25,B,172.168.1.8
      109,03/01/2019,10:35,B,172.168.1.8
      216,03/01/2019,10:35,B,172.168.1.8
      206,03/01/2019,10:37,B,172.168.1.8
      106,03/01/2019,10:48,B,172.168.1.8
       54,03/01/2019,11:03,B,172.168.1.8
      101,03/01/2019,11:13,B,172.168.1.8
      293,03/01/2019,11:19,B,172.168.1.8
       17,03/01/2019,12:35,B,172.168.1.8
      202,03/01/2019,12:37,B,172.168.1.8
      212,03/01/2019,13:04,B,172.168.1.8
      205,03/01/2019,13:10,B,172.168.1.8
      205,03/01/2019,13:11,B,172.168.1.8
       42,03/01/2019,13:12,B,172.168.1.8
      209,03/01/2019,13:12,B,172.168.1.8
      213,03/01/2019,13:12,B,172.168.1.8
      203,03/01/2019,13:40,B,172.168.1.8
      211,03/01/2019,13:58,B,172.168.1.8
      201,03/01/2019,14:00,B,172.168.1.8
      204,03/01/2019,14:31,B,172.168.1.8
      208,03/01/2019,14:32,B,172.168.1.8
      207,03/01/2019,14:33,B,172.168.1.8
      216,03/01/2019,14:34,B,172.168.1.8
      215,03/01/2019,14:34,B,172.168.1.8
      206,03/01/2019,14:35,B,172.168.1.8
      202,03/01/2019,14:50,B,172.168.1.8
      202,03/01/2019,14:51,B,172.168.1.8
      121,03/01/2019,15:11,B,172.168.1.8
      110,03/01/2019,15:50,B,172.168.1.8
      122,03/01/2019,15:51,B,172.168.1.8
      289,03/01/2019,16:00,B,172.168.1.8
      291,03/01/2019,16:02,B,172.168.1.8
      119,03/01/2019,16:31,B,172.168.1.8
       25,03/01/2019,16:56,B,172.168.1.8
      120,03/01/2019,17:06,B,172.168.1.8
      128,03/01/2019,17:07,B,172.168.1.8
      125,03/01/2019,17:08,B,172.168.1.8
      118,03/01/2019,17:10,B,172.168.1.8
      127,03/01/2019,17:10,B,172.168.1.8
      131,03/01/2019,17:15,B,172.168.1.8
      109,03/01/2019,17:15,B,172.168.1.8
      123,03/01/2019,17:18,B,172.168.1.8
      293,03/01/2019,17:21,B,172.168.1.8
      260,03/01/2019,17:22,B,172.168.1.8
      273,03/01/2019,17:26,B,172.168.1.8
      114,03/01/2019,17:29,B,172.168.1.8
      115,03/01/2019,17:31,B,172.168.1.8
      101,03/01/2019,17:31,B,172.168.1.8
      283,03/01/2019,17:32,B,172.168.1.8
      290,03/01/2019,17:32,B,172.168.1.8
      290,03/01/2019,17:33,B,172.168.1.8
      106,03/01/2019,17:33,B,172.168.1.8
      116,03/01/2019,17:45,B,172.168.1.8
       58,03/01/2019,17:45,B,172.168.1.8
      112,03/01/2019,17:45,B,172.168.1.8
      121,04/01/2019,06:53,B,172.168.1.8
      126,04/01/2019,07:17,B,172.168.1.8
      203,04/01/2019,08:12,B,172.168.1.8
      291,04/01/2019,08:22,B,172.168.1.8
      207,04/01/2019,08:22,B,172.168.1.8
      255,04/01/2019,08:30,B,172.168.1.8
      209,04/01/2019,08:30,B,172.168.1.8
      208,04/01/2019,08:30,B,172.168.1.8
      112,04/01/2019,08:32,B,172.168.1.8
      301,04/01/2019,08:33,B,172.168.1.8
       36,04/01/2019,08:36,B,172.168.1.8
      204,04/01/2019,08:37,B,172.168.1.8
      204,04/01/2019,08:37,B,172.168.1.8
      260,04/01/2019,08:39,B,172.168.1.8
      212,04/01/2019,08:42,B,172.168.1.8
      303,04/01/2019,08:43,B,172.168.1.8
       14,04/01/2019,08:43,B,172.168.1.8
      125,04/01/2019,08:45,B,172.168.1.8
      312,04/01/2019,08:46,B,172.168.1.8
      312,04/01/2019,08:46,B,172.168.1.8
      110,04/01/2019,08:48,B,172.168.1.8
       11,04/01/2019,08:52,B,172.168.1.8
      213,04/01/2019,08:53,B,172.168.1.8
       23,04/01/2019,08:53,B,172.168.1.8
      122,04/01/2019,08:53,B,172.168.1.8
      201,04/01/2019,08:53,B,172.168.1.8
      201,04/01/2019,08:53,B,172.168.1.8
      120,04/01/2019,08:54,B,172.168.1.8
      215,04/01/2019,08:55,B,172.168.1.8
      115,04/01/2019,08:57,B,172.168.1.8
      122,04/01/2019,08:58,B,172.168.1.8
       64,04/01/2019,08:58,B,172.168.1.8
      268,04/01/2019,09:00,B,172.168.1.8
       18,04/01/2019,09:00,B,172.168.1.8
      262,04/01/2019,09:08,B,172.168.1.8
       52,04/01/2019,09:16,B,172.168.1.8
       12,04/01/2019,09:26,B,172.168.1.8
       25,04/01/2019,09:28,B,172.168.1.8
       62,04/01/2019,09:35,B,172.168.1.8
      114,04/01/2019,09:35,B,172.168.1.8
       28,04/01/2019,09:44,B,172.168.1.8
      280,04/01/2019,09:48,B,172.168.1.8
       32,04/01/2019,09:49,B,172.168.1.8
        9,04/01/2019,09:50,B,172.168.1.8
      127,04/01/2019,09:51,B,172.168.1.8
       26,04/01/2019,09:52,B,172.168.1.8
      116,04/01/2019,09:52,B,172.168.1.8
      109,04/01/2019,09:57,B,172.168.1.8
      123,04/01/2019,09:57,B,172.168.1.8
      205,04/01/2019,09:57,B,172.168.1.8
      128,04/01/2019,10:00,B,172.168.1.8
       24,04/01/2019,10:06,B,172.168.1.8
      131,04/01/2019,10:12,B,172.168.1.8
      271,04/01/2019,10:12,B,172.168.1.8
      211,04/01/2019,10:12,B,172.168.1.8
        6,04/01/2019,10:14,B,172.168.1.8
        5,04/01/2019,10:14,B,172.168.1.8
      261,04/01/2019,10:16,B,172.168.1.8
      258,04/01/2019,10:16,B,172.168.1.8
       20,04/01/2019,10:19,B,172.168.1.8
      216,04/01/2019,10:24,B,172.168.1.8
       16,04/01/2019,10:24,B,172.168.1.8
      117,04/01/2019,10:26,B,172.168.1.8
       29,04/01/2019,10:27,B,172.168.1.8
      106,04/01/2019,10:27,B,172.168.1.8
       22,04/01/2019,10:31,B,172.168.1.8
      129,04/01/2019,10:40,B,172.168.1.8
      254,04/01/2019,10:41,B,172.168.1.8
      256,04/01/2019,10:42,B,172.168.1.8
       21,04/01/2019,10:43,B,172.168.1.8
      101,04/01/2019,10:45,B,172.168.1.8
      251,04/01/2019,10:46,B,172.168.1.8
      210,04/01/2019,10:48,B,172.168.1.8
      118,04/01/2019,10:49,B,172.168.1.8
      202,04/01/2019,10:57,B,172.168.1.8
       51,04/01/2019,10:57,B,172.168.1.8
      309,04/01/2019,11:00,B,172.168.1.8
       27,04/01/2019,11:05,B,172.168.1.8
       19,04/01/2019,11:10,B,172.168.1.8
       10,04/01/2019,11:16,B,172.168.1.8
       30,04/01/2019,11:16,B,172.168.1.8
        8,04/01/2019,11:27,B,172.168.1.8
        2,04/01/2019,11:36,B,172.168.1.8
      207,04/01/2019,11:48,B,172.168.1.8
      207,04/01/2019,11:58,B,172.168.1.8
      296,04/01/2019,12:02,B,172.168.1.8
      203,04/01/2019,12:09,B,172.168.1.8
      305,04/01/2019,12:12,B,172.168.1.8
      110,04/01/2019,12:20,B,172.168.1.8
       64,04/01/2019,12:21,B,172.168.1.8
      301,04/01/2019,12:25,B,172.168.1.8
       52,04/01/2019,12:25,B,172.168.1.8
      204,04/01/2019,12:28,B,172.168.1.8
      213,04/01/2019,12:30,B,172.168.1.8
      209,04/01/2019,12:30,B,172.168.1.8
      208,04/01/2019,12:31,B,172.168.1.8
      209,04/01/2019,12:31,B,172.168.1.8
      215,04/01/2019,12:37,B,172.168.1.8
      304,04/01/2019,13:34,B,172.168.1.8
      201,04/01/2019,13:56,B,172.168.1.8
       51,04/01/2019,14:14,B,172.168.1.8
       67,04/01/2019,14:26,B,172.168.1.8
       18,04/01/2019,14:31,B,172.168.1.8
      216,04/01/2019,14:33,B,172.168.1.8
      212,04/01/2019,14:35,B,172.168.1.8
      205,04/01/2019,14:40,B,172.168.1.8
      205,04/01/2019,14:40,B,172.168.1.8
      211,04/01/2019,14:40,B,172.168.1.8
      202,04/01/2019,14:42,B,172.168.1.8
      303,04/01/2019,14:46,B,172.168.1.8
      210,04/01/2019,15:00,B,172.168.1.8
       62,04/01/2019,15:02,B,172.168.1.8
       23,04/01/2019,15:04,B,172.168.1.8
       62,04/01/2019,15:05,B,172.168.1.8
        6,04/01/2019,15:05,B,172.168.1.8
      121,04/01/2019,15:08,B,172.168.1.8
       27,04/01/2019,15:16,B,172.168.1.8
      128,04/01/2019,15:16,B,172.168.1.8
      254,04/01/2019,15:17,B,172.168.1.8
       12,04/01/2019,15:27,B,172.168.1.8
       36,04/01/2019,15:28,B,172.168.1.8
        5,04/01/2019,15:32,B,172.168.1.8
       14,04/01/2019,15:33,B,172.168.1.8
       11,04/01/2019,15:38,B,172.168.1.8
      305,04/01/2019,15:40,B,172.168.1.8
        9,04/01/2019,15:44,B,172.168.1.8
      291,04/01/2019,15:50,B,172.168.1.8
      126,04/01/2019,15:51,B,172.168.1.8
       28,04/01/2019,15:58,B,172.168.1.8
       16,04/01/2019,15:58,B,172.168.1.8
       22,04/01/2019,15:59,B,172.168.1.8
       21,04/01/2019,15:59,B,172.168.1.8
       24,04/01/2019,16:04,B,172.168.1.8
       24,04/01/2019,16:04,B,172.168.1.8
       20,04/01/2019,16:09,B,172.168.1.8
       29,04/01/2019,16:25,B,172.168.1.8
      109,04/01/2019,16:36,B,172.168.1.8
      125,04/01/2019,16:40,B,172.168.1.8
       19,04/01/2019,16:52,B,172.168.1.8
       25,04/01/2019,17:01,B,172.168.1.8
      296,04/01/2019,17:02,B,172.168.1.8
      268,04/01/2019,17:02,B,172.168.1.8
      268,04/01/2019,17:03,B,172.168.1.8
      123,04/01/2019,17:05,B,172.168.1.8
      122,04/01/2019,17:05,B,172.168.1.8
      122,04/01/2019,17:05,B,172.168.1.8
      261,04/01/2019,17:20,B,172.168.1.8
      120,04/01/2019,17:20,B,172.168.1.8
        8,04/01/2019,17:20,B,172.168.1.8
        2,04/01/2019,17:20,B,172.168.1.8
       32,04/01/2019,17:20,B,172.168.1.8
      131,04/01/2019,17:21,B,172.168.1.8
       26,04/01/2019,17:26,B,172.168.1.8
      115,04/01/2019,17:27,B,172.168.1.8
       10,04/01/2019,17:28,B,172.168.1.8
      114,04/01/2019,17:29,B,172.168.1.8
      118,04/01/2019,17:30,B,172.168.1.8
      118,04/01/2019,17:30,B,172.168.1.8
      280,04/01/2019,17:31,B,172.168.1.8
      101,04/01/2019,17:31,B,172.168.1.8
      280,04/01/2019,17:32,B,172.168.1.8
      118,04/01/2019,17:32,B,172.168.1.8
      271,04/01/2019,17:32,B,172.168.1.8
      127,04/01/2019,17:36,B,172.168.1.8
      129,04/01/2019,17:41,B,172.168.1.8
      106,04/01/2019,17:41,B,172.168.1.8
      258,04/01/2019,17:42,B,172.168.1.8
      260,04/01/2019,17:45,B,172.168.1.8
       30,04/01/2019,17:48,B,172.168.1.8
      312,04/01/2019,17:49,B,172.168.1.8
      116,04/01/2019,18:00,B,172.168.1.8
      117,04/01/2019,18:00,B,172.168.1.8
      255,04/01/2019,18:00,B,172.168.1.8
      256,04/01/2019,18:00,B,172.168.1.8
      112,04/01/2019,18:00,B,172.168.1.8
      121,05/01/2019,06:46,B,172.168.1.8
      296,05/01/2019,07:36,B,172.168.1.8
      126,05/01/2019,07:39,B,172.168.1.8
      291,05/01/2019,08:12,B,172.168.1.8
      260,05/01/2019,08:26,B,172.168.1.8
      202,05/01/2019,08:28,B,172.168.1.8
      202,05/01/2019,08:28,B,172.168.1.8
      122,05/01/2019,08:34,B,172.168.1.8
      255,05/01/2019,08:35,B,172.168.1.8
      204,05/01/2019,08:35,B,172.168.1.8
      215,05/01/2019,08:37,B,172.168.1.8
       36,05/01/2019,08:39,B,172.168.1.8
      210,05/01/2019,08:40,B,172.168.1.8
      201,05/01/2019,08:40,B,172.168.1.8
      203,05/01/2019,08:42,B,172.168.1.8
      211,05/01/2019,08:43,B,172.168.1.8
       26,05/01/2019,08:43,B,172.168.1.8
      205,05/01/2019,08:45,B,172.168.1.8
      205,05/01/2019,08:45,B,172.168.1.8
      110,05/01/2019,08:45,B,172.168.1.8
      312,05/01/2019,08:47,B,172.168.1.8
      115,05/01/2019,08:50,B,172.168.1.8
      208,05/01/2019,08:50,B,172.168.1.8
      206,05/01/2019,08:51,B,172.168.1.8
      268,05/01/2019,08:51,B,172.168.1.8
      120,05/01/2019,08:54,B,172.168.1.8
      119,05/01/2019,08:57,B,172.168.1.8
       65,05/01/2019,08:58,B,172.168.1.8
      209,05/01/2019,09:06,B,172.168.1.8
      216,05/01/2019,09:10,B,172.168.1.8
      207,05/01/2019,09:10,B,172.168.1.8
      212,05/01/2019,09:10,B,172.168.1.8
       22,05/01/2019,09:12,B,172.168.1.8
      280,05/01/2019,09:14,B,172.168.1.8
       11,05/01/2019,09:17,B,172.168.1.8
       62,05/01/2019,09:21,B,172.168.1.8
       14,05/01/2019,09:22,B,172.168.1.8
       32,05/01/2019,09:24,B,172.168.1.8
      303,05/01/2019,09:26,B,172.168.1.8
      112,05/01/2019,09:34,B,172.168.1.8
       20,05/01/2019,09:36,B,172.168.1.8
       23,05/01/2019,09:37,B,172.168.1.8
      213,05/01/2019,09:39,B,172.168.1.8
       24,05/01/2019,09:45,B,172.168.1.8
      123,05/01/2019,09:45,B,172.168.1.8
      117,05/01/2019,09:46,B,172.168.1.8
      125,05/01/2019,09:50,B,172.168.1.8
        9,05/01/2019,09:55,B,172.168.1.8
      116,05/01/2019,10:02,B,172.168.1.8
      253,05/01/2019,10:02,B,172.168.1.8
      127,05/01/2019,10:05,B,172.168.1.8
      310,05/01/2019,10:07,B,172.168.1.8
       16,05/01/2019,10:10,B,172.168.1.8
      109,05/01/2019,10:11,B,172.168.1.8
       37,05/01/2019,10:11,B,172.168.1.8
      128,05/01/2019,10:13,B,172.168.1.8
       30,05/01/2019,10:14,B,172.168.1.8
       30,05/01/2019,10:14,B,172.168.1.8
      106,05/01/2019,10:15,B,172.168.1.8
      261,05/01/2019,10:22,B,172.168.1.8
      101,05/01/2019,10:30,B,172.168.1.8
      271,05/01/2019,10:31,B,172.168.1.8
        8,05/01/2019,10:42,B,172.168.1.8
      254,05/01/2019,10:44,B,172.168.1.8
       19,05/01/2019,10:49,B,172.168.1.8
       10,05/01/2019,10:51,B,172.168.1.8
       21,05/01/2019,10:54,B,172.168.1.8
      202,05/01/2019,10:57,B,172.168.1.8
      114,05/01/2019,11:07,B,172.168.1.8
       29,05/01/2019,11:09,B,172.168.1.8
        5,05/01/2019,11:13,B,172.168.1.8
      215,05/01/2019,11:15,B,172.168.1.8
      204,05/01/2019,11:15,B,172.168.1.8
      203,05/01/2019,11:16,B,172.168.1.8
      201,05/01/2019,11:16,B,172.168.1.8
      209,05/01/2019,11:16,B,172.168.1.8
      210,05/01/2019,11:17,B,172.168.1.8
      206,05/01/2019,11:18,B,172.168.1.8
      211,05/01/2019,11:18,B,172.168.1.8
        2,05/01/2019,11:18,B,172.168.1.8
      205,05/01/2019,11:21,B,172.168.1.8
      205,05/01/2019,11:22,B,172.168.1.8
       28,05/01/2019,11:29,B,172.168.1.8
      208,05/01/2019,11:30,B,172.168.1.8
      212,05/01/2019,11:31,B,172.168.1.8
      207,05/01/2019,11:31,B,172.168.1.8
      216,05/01/2019,11:31,B,172.168.1.8
      213,05/01/2019,11:41,B,172.168.1.8
      303,05/01/2019,11:54,B,172.168.1.8
       62,05/01/2019,11:55,B,172.168.1.8
       27,05/01/2019,11:57,B,172.168.1.8
       11,05/01/2019,12:13,B,172.168.1.8
        9,05/01/2019,12:25,B,172.168.1.8
       16,05/01/2019,12:38,B,172.168.1.8
       12,05/01/2019,12:40,B,172.168.1.8
       23,05/01/2019,12:52,B,172.168.1.8
       14,05/01/2019,12:54,B,172.168.1.8
       14,05/01/2019,12:54,B,172.168.1.8
       22,05/01/2019,13:01,B,172.168.1.8
       21,05/01/2019,13:02,B,172.168.1.8
       22,05/01/2019,13:02,B,172.168.1.8
       29,05/01/2019,13:17,B,172.168.1.8
      258,05/01/2019,13:19,B,172.168.1.8
      280,05/01/2019,13:20,B,172.168.1.8
        5,05/01/2019,13:20,B,172.168.1.8
        5,05/01/2019,13:21,B,172.168.1.8
      129,05/01/2019,13:42,B,172.168.1.8
       10,05/01/2019,13:49,B,172.168.1.8
       32,05/01/2019,13:51,B,172.168.1.8
        2,05/01/2019,13:52,B,172.168.1.8
       28,05/01/2019,14:02,B,172.168.1.8
       24,05/01/2019,14:04,B,172.168.1.8
        8,05/01/2019,14:17,B,172.168.1.8
       20,05/01/2019,14:37,B,172.168.1.8
       19,05/01/2019,14:52,B,172.168.1.8
      110,05/01/2019,14:53,B,172.168.1.8
       30,05/01/2019,14:55,B,172.168.1.8
      312,05/01/2019,14:56,B,172.168.1.8
       12,05/01/2019,14:57,B,172.168.1.8
      121,05/01/2019,15:16,B,172.168.1.8
       65,05/01/2019,15:41,B,172.168.1.8
      128,05/01/2019,15:44,B,172.168.1.8
      126,05/01/2019,16:07,B,172.168.1.8
      291,05/01/2019,16:10,B,172.168.1.8
       27,05/01/2019,16:27,B,172.168.1.8
       26,05/01/2019,16:35,B,172.168.1.8
      119,05/01/2019,16:39,B,172.168.1.8
      116,05/01/2019,16:39,B,172.168.1.8
       37,05/01/2019,16:46,B,172.168.1.8
      122,05/01/2019,17:00,B,172.168.1.8
      115,05/01/2019,17:01,B,172.168.1.8
      254,05/01/2019,17:12,B,172.168.1.8
      253,05/01/2019,17:13,B,172.168.1.8
      271,05/01/2019,17:15,B,172.168.1.8
      131,05/01/2019,17:15,B,172.168.1.8
      101,05/01/2019,17:16,B,172.168.1.8
      120,05/01/2019,17:17,B,172.168.1.8
      261,05/01/2019,17:18,B,172.168.1.8
      127,05/01/2019,17:22,B,172.168.1.8
      127,05/01/2019,17:22,B,172.168.1.8
      260,05/01/2019,17:25,B,172.168.1.8
      296,05/01/2019,17:25,B,172.168.1.8
      109,05/01/2019,17:26,B,172.168.1.8
      106,05/01/2019,17:27,B,172.168.1.8
      258,05/01/2019,17:27,B,172.168.1.8
      268,05/01/2019,17:27,B,172.168.1.8
      114,05/01/2019,17:30,B,172.168.1.8
      129,05/01/2019,17:37,B,172.168.1.8
      112,05/01/2019,18:05,B,172.168.1.8
      117,05/01/2019,18:05,B,172.168.1.8
      112,05/01/2019,18:06,B,172.168.1.8
      255,05/01/2019,18:06,B,172.168.1.8
      310,05/01/2019,18:06,B,172.168.1.8
      121,07/01/2019,06:56,B,172.168.1.8
      121,07/01/2019,06:56,B,172.168.1.8
      126,07/01/2019,07:14,B,172.168.1.8
      119,07/01/2019,07:23,B,172.168.1.8
       63,07/01/2019,07:36,B,172.168.1.8
      296,07/01/2019,07:42,B,172.168.1.8
      215,07/01/2019,07:45,B,172.168.1.8
       37,07/01/2019,07:50,B,172.168.1.8
      255,07/01/2019,07:53,B,172.168.1.8
      207,07/01/2019,07:56,B,172.168.1.8
      210,07/01/2019,08:02,B,172.168.1.8
      287,07/01/2019,08:03,B,172.168.1.8
      208,07/01/2019,08:08,B,172.168.1.8
      211,07/01/2019,08:08,B,172.168.1.8
      301,07/01/2019,08:10,B,172.168.1.8
      260,07/01/2019,08:15,B,172.168.1.8
       26,07/01/2019,08:21,B,172.168.1.8
       52,07/01/2019,08:23,B,172.168.1.8
      255,07/01/2019,16:57,B,172.168.1.8
      121,08/01/2019,06:49,B,172.168.1.8
      126,08/01/2019,07:05,B,172.168.1.8
       54,08/01/2019,07:27,B,172.168.1.8
      119,08/01/2019,07:44,B,172.168.1.8
      215,08/01/2019,07:45,B,172.168.1.8
      255,08/01/2019,07:58,B,172.168.1.8
      296,08/01/2019,08:01,B,172.168.1.8
      216,08/01/2019,08:05,B,172.168.1.8
      211,08/01/2019,08:07,B,172.168.1.8
       37,08/01/2019,08:26,B,172.168.1.8
      260,08/01/2019,08:26,B,172.168.1.8
      209,08/01/2019,08:31,B,172.168.1.8
      204,08/01/2019,08:38,B,172.168.1.8
       52,08/01/2019,08:42,B,172.168.1.8
      312,08/01/2019,08:42,B,172.168.1.8
       16,08/01/2019,08:51,B,172.168.1.8
       18,08/01/2019,08:51,B,172.168.1.8
      115,08/01/2019,08:53,B,172.168.1.8
       17,08/01/2019,08:54,B,172.168.1.8
      120,08/01/2019,08:55,B,172.168.1.8
       11,08/01/2019,08:56,B,172.168.1.8
      280,08/01/2019,08:57,B,172.168.1.8
      112,08/01/2019,08:57,B,172.168.1.8
       32,08/01/2019,09:04,B,172.168.1.8
        8,08/01/2019,09:11,B,172.168.1.8
       23,08/01/2019,09:13,B,172.168.1.8
       62,08/01/2019,09:13,B,172.168.1.8
       20,08/01/2019,09:18,B,172.168.1.8
       12,08/01/2019,09:25,B,172.168.1.8
      303,08/01/2019,09:29,B,172.168.1.8
       25,08/01/2019,09:29,B,172.168.1.8
      117,08/01/2019,09:40,B,172.168.1.8
      309,08/01/2019,09:50,B,172.168.1.8
      208,08/01/2019,09:50,B,172.168.1.8
      116,08/01/2019,09:52,B,172.168.1.8
      109,08/01/2019,09:54,B,172.168.1.8
      110,08/01/2019,09:54,B,172.168.1.8
      114,08/01/2019,09:56,B,172.168.1.8
      128,08/01/2019,09:58,B,172.168.1.8
       30,08/01/2019,09:58,B,172.168.1.8
       35,08/01/2019,10:02,B,172.168.1.8
       28,08/01/2019,10:03,B,172.168.1.8
      203,08/01/2019,10:05,B,172.168.1.8
      271,08/01/2019,10:05,B,172.168.1.8
       24,08/01/2019,10:05,B,172.168.1.8
      131,08/01/2019,10:06,B,172.168.1.8
       14,08/01/2019,10:11,B,172.168.1.8
      127,08/01/2019,10:12,B,172.168.1.8
      310,08/01/2019,10:13,B,172.168.1.8
      205,08/01/2019,10:16,B,172.168.1.8
      213,08/01/2019,10:16,B,172.168.1.8
      123,08/01/2019,10:18,B,172.168.1.8
      206,08/01/2019,10:20,B,172.168.1.8
      207,08/01/2019,10:28,B,172.168.1.8
      129,08/01/2019,10:28,B,172.168.1.8
      261,08/01/2019,10:29,B,172.168.1.8
      209,08/01/2019,10:32,B,172.168.1.8
      101,08/01/2019,10:33,B,172.168.1.8
      253,08/01/2019,10:39,B,172.168.1.8
       54,08/01/2019,10:40,B,172.168.1.8
      254,08/01/2019,10:43,B,172.168.1.8
      106,08/01/2019,10:47,B,172.168.1.8
      251,08/01/2019,10:48,B,172.168.1.8
        6,08/01/2019,10:50,B,172.168.1.8
      210,08/01/2019,10:59,B,172.168.1.8
       26,08/01/2019,11:01,B,172.168.1.8
       21,08/01/2019,11:08,B,172.168.1.8
       19,08/01/2019,11:09,B,172.168.1.8
       22,08/01/2019,11:12,B,172.168.1.8
        2,08/01/2019,11:20,B,172.168.1.8
        9,08/01/2019,11:21,B,172.168.1.8
       10,08/01/2019,11:29,B,172.168.1.8
      215,08/01/2019,11:30,B,172.168.1.8
       29,08/01/2019,11:48,B,172.168.1.8
      311,08/01/2019,11:54,B,172.168.1.8
       27,08/01/2019,11:55,B,172.168.1.8
      309,08/01/2019,12:01,B,172.168.1.8
      204,08/01/2019,12:49,B,172.168.1.8
      216,08/01/2019,12:50,B,172.168.1.8
       12,08/01/2019,13:17,B,172.168.1.8
      211,08/01/2019,13:34,B,172.168.1.8
      304,08/01/2019,13:35,B,172.168.1.8
      207,08/01/2019,14:09,B,172.168.1.8
      208,08/01/2019,14:18,B,172.168.1.8
        6,08/01/2019,14:19,B,172.168.1.8
       16,08/01/2019,14:26,B,172.168.1.8
      206,08/01/2019,14:31,B,172.168.1.8
      101,08/01/2019,14:33,B,172.168.1.8
      213,08/01/2019,14:38,B,172.168.1.8
      203,08/01/2019,14:40,B,172.168.1.8
      303,08/01/2019,14:43,B,172.168.1.8
       62,08/01/2019,14:44,B,172.168.1.8
      205,08/01/2019,14:52,B,172.168.1.8
      205,08/01/2019,14:52,B,172.168.1.8
      121,08/01/2019,15:11,B,172.168.1.8
      210,08/01/2019,15:14,B,172.168.1.8
      210,08/01/2019,15:15,B,172.168.1.8
       24,08/01/2019,15:42,B,172.168.1.8
       20,08/01/2019,15:46,B,172.168.1.8
       69,08/01/2019,15:46,B,172.168.1.8
       69,08/01/2019,15:47,B,172.168.1.8
      126,08/01/2019,15:48,B,172.168.1.8
       11,08/01/2019,15:55,B,172.168.1.8
       35,08/01/2019,16:05,B,172.168.1.8
       14,08/01/2019,16:11,B,172.168.1.8
      116,08/01/2019,16:31,B,172.168.1.8
       22,08/01/2019,16:36,B,172.168.1.8
       18,08/01/2019,16:38,B,172.168.1.8
       22,08/01/2019,16:47,B,172.168.1.8
        9,08/01/2019,16:47,B,172.168.1.8
       21,08/01/2019,16:47,B,172.168.1.8
       28,08/01/2019,16:48,B,172.168.1.8
       21,08/01/2019,16:49,B,172.168.1.8
        2,08/01/2019,16:50,B,172.168.1.8
      120,08/01/2019,16:55,B,172.168.1.8
       19,08/01/2019,16:55,B,172.168.1.8
       29,08/01/2019,16:56,B,172.168.1.8
       17,08/01/2019,16:56,B,172.168.1.8
      261,08/01/2019,16:56,B,172.168.1.8
       25,08/01/2019,16:59,B,172.168.1.8
       32,08/01/2019,17:03,B,172.168.1.8
       23,08/01/2019,17:03,B,172.168.1.8
      110,08/01/2019,17:10,B,172.168.1.8
      253,08/01/2019,17:13,B,172.168.1.8
      109,08/01/2019,17:13,B,172.168.1.8
      131,08/01/2019,17:14,B,172.168.1.8
      128,08/01/2019,17:14,B,172.168.1.8
      271,08/01/2019,17:16,B,172.168.1.8
      280,08/01/2019,17:16,B,172.168.1.8
      127,08/01/2019,17:20,B,172.168.1.8
      254,08/01/2019,17:21,B,172.168.1.8
      251,08/01/2019,17:22,B,172.168.1.8
      115,08/01/2019,17:22,B,172.168.1.8
      254,08/01/2019,17:22,B,172.168.1.8
      260,08/01/2019,17:30,B,172.168.1.8
        8,08/01/2019,17:30,B,172.168.1.8
      311,08/01/2019,17:30,B,172.168.1.8
       27,08/01/2019,17:30,B,172.168.1.8
       37,08/01/2019,17:31,B,172.168.1.8
      123,08/01/2019,17:40,B,172.168.1.8
      114,08/01/2019,17:40,B,172.168.1.8
      296,08/01/2019,17:41,B,172.168.1.8
      312,08/01/2019,17:49,B,172.168.1.8
       30,08/01/2019,17:50,B,172.168.1.8
       10,08/01/2019,17:56,B,172.168.1.8
       26,08/01/2019,17:58,B,172.168.1.8
      106,08/01/2019,18:05,B,172.168.1.8
      112,08/01/2019,18:07,B,172.168.1.8
      112,08/01/2019,18:09,B,172.168.1.8
      112,08/01/2019,18:10,B,172.168.1.8
      117,08/01/2019,18:13,B,172.168.1.8
      117,08/01/2019,18:14,B,172.168.1.8
      310,08/01/2019,18:26,B,172.168.1.8
      129,08/01/2019,18:26,B,172.168.1.8
      255,08/01/2019,18:27,B,172.168.1.8
      121,09/01/2019,06:51,B,172.168.1.8
      126,09/01/2019,07:11,B,172.168.1.8
      119,09/01/2019,07:32,B,172.168.1.8
      215,09/01/2019,07:39,B,172.168.1.8
      203,09/01/2019,08:00,B,172.168.1.8
      209,09/01/2019,08:01,B,172.168.1.8
      296,09/01/2019,08:02,B,172.168.1.8
      301,09/01/2019,08:02,B,172.168.1.8
      208,09/01/2019,08:05,B,172.168.1.8
      207,09/01/2019,08:15,B,172.168.1.8
       52,09/01/2019,08:20,B,172.168.1.8
      202,09/01/2019,08:23,B,172.168.1.8
      205,09/01/2019,08:38,B,172.168.1.8
       18,09/01/2019,08:48,B,172.168.1.8
       36,09/01/2019,08:51,B,172.168.1.8
      268,09/01/2019,08:52,B,172.168.1.8
       32,09/01/2019,08:54,B,172.168.1.8
      120,09/01/2019,08:56,B,172.168.1.8
      204,09/01/2019,08:56,B,172.168.1.8
      115,09/01/2019,09:00,B,172.168.1.8
      206,09/01/2019,09:15,B,172.168.1.8
      212,09/01/2019,09:15,B,172.168.1.8
      303,09/01/2019,09:24,B,172.168.1.8
      303,09/01/2019,09:24,B,172.168.1.8
      118,09/01/2019,09:24,B,172.168.1.8
       25,09/01/2019,09:28,B,172.168.1.8
       12,09/01/2019,09:37,B,172.168.1.8
      123,09/01/2019,09:38,B,172.168.1.8
      280,09/01/2019,09:42,B,172.168.1.8
      213,09/01/2019,09:44,B,172.168.1.8
       26,09/01/2019,09:46,B,172.168.1.8
       24,09/01/2019,09:49,B,172.168.1.8
      128,09/01/2019,09:51,B,172.168.1.8
      201,09/01/2019,09:52,B,172.168.1.8
       35,09/01/2019,09:52,B,172.168.1.8
        9,09/01/2019,09:55,B,172.168.1.8
      112,09/01/2019,09:59,B,172.168.1.8
      258,09/01/2019,09:59,B,172.168.1.8
      114,09/01/2019,09:59,B,172.168.1.8
      293,09/01/2019,10:01,B,172.168.1.8
       14,09/01/2019,10:02,B,172.168.1.8
      110,09/01/2019,10:06,B,172.168.1.8
      127,09/01/2019,10:06,B,172.168.1.8
       30,09/01/2019,10:08,B,172.168.1.8
      271,09/01/2019,10:10,B,172.168.1.8
      310,09/01/2019,10:11,B,172.168.1.8
       51,09/01/2019,10:17,B,172.168.1.8
      253,09/01/2019,10:23,B,172.168.1.8
      253,09/01/2019,10:23,B,172.168.1.8
       62,09/01/2019,10:24,B,172.168.1.8
      116,09/01/2019,10:25,B,172.168.1.8
      129,09/01/2019,10:25,B,172.168.1.8
      211,09/01/2019,10:25,B,172.168.1.8
       28,09/01/2019,10:25,B,172.168.1.8
       11,09/01/2019,10:26,B,172.168.1.8
      109,09/01/2019,10:27,B,172.168.1.8
      216,09/01/2019,10:31,B,172.168.1.8
      261,09/01/2019,10:32,B,172.168.1.8
       20,09/01/2019,10:32,B,172.168.1.8
      117,09/01/2019,10:33,B,172.168.1.8
       10,09/01/2019,10:38,B,172.168.1.8
      106,09/01/2019,10:39,B,172.168.1.8
        8,09/01/2019,10:44,B,172.168.1.8
      254,09/01/2019,10:46,B,172.168.1.8
      215,09/01/2019,10:47,B,172.168.1.8
       57,09/01/2019,10:49,B,172.168.1.8
       19,09/01/2019,11:08,B,172.168.1.8
      312,09/01/2019,11:08,B,172.168.1.8
       21,09/01/2019,11:11,B,172.168.1.8
       51,09/01/2019,11:14,B,172.168.1.8
      206,09/01/2019,11:20,B,172.168.1.8
      287,09/01/2019,11:22,B,172.168.1.8
      287,09/01/2019,11:22,B,172.168.1.8
      287,09/01/2019,11:23,B,172.168.1.8
      287,09/01/2019,11:23,B,172.168.1.8
       27,09/01/2019,11:31,B,172.168.1.8
        2,09/01/2019,11:35,B,172.168.1.8
       22,09/01/2019,11:38,B,172.168.1.8
      309,09/01/2019,11:53,B,172.168.1.8
      251,09/01/2019,12:00,B,172.168.1.8
      208,09/01/2019,12:35,B,172.168.1.8
       65,09/01/2019,12:39,B,172.168.1.8
       70,09/01/2019,12:42,B,172.168.1.8
      210,09/01/2019,12:44,B,172.168.1.8
      203,09/01/2019,13:04,B,172.168.1.8
      209,09/01/2019,13:07,B,172.168.1.8
      209,09/01/2019,13:08,B,172.168.1.8
      202,09/01/2019,13:08,B,172.168.1.8
      213,09/01/2019,13:22,B,172.168.1.8
       52,09/01/2019,13:30,B,172.168.1.8
      205,09/01/2019,13:40,B,172.168.1.8
      205,09/01/2019,13:40,B,172.168.1.8
      207,09/01/2019,13:43,B,172.168.1.8
      216,09/01/2019,13:44,B,172.168.1.8
      212,09/01/2019,13:44,B,172.168.1.8
      309,09/01/2019,13:49,B,172.168.1.8
      110,09/01/2019,13:53,B,172.168.1.8
      311,09/01/2019,13:57,B,172.168.1.8
      204,09/01/2019,13:58,B,172.168.1.8
       64,09/01/2019,13:59,B,172.168.1.8
      303,09/01/2019,14:04,B,172.168.1.8
      211,09/01/2019,14:30,B,172.168.1.8
       36,09/01/2019,14:37,B,172.168.1.8
      258,09/01/2019,14:50,B,172.168.1.8
      201,09/01/2019,14:53,B,172.168.1.8
      201,09/01/2019,14:53,B,172.168.1.8
      121,09/01/2019,15:00,B,172.168.1.8
        9,09/01/2019,15:40,B,172.168.1.8
      126,09/01/2019,15:46,B,172.168.1.8
       64,09/01/2019,15:51,B,172.168.1.8
       62,09/01/2019,16:09,B,172.168.1.8
       20,09/01/2019,16:19,B,172.168.1.8
       24,09/01/2019,16:19,B,172.168.1.8
      312,09/01/2019,16:29,B,172.168.1.8
      311,09/01/2019,16:29,B,172.168.1.8
      119,09/01/2019,16:31,B,172.168.1.8
       28,09/01/2019,16:40,B,172.168.1.8
       35,09/01/2019,16:42,B,172.168.1.8
       21,09/01/2019,16:44,B,172.168.1.8
       65,09/01/2019,16:45,B,172.168.1.8
      129,09/01/2019,16:46,B,172.168.1.8
      129,09/01/2019,16:47,B,172.168.1.8
        2,09/01/2019,16:47,B,172.168.1.8
       12,09/01/2019,16:49,B,172.168.1.8
       19,09/01/2019,16:52,B,172.168.1.8
       22,09/01/2019,16:59,B,172.168.1.8
       29,09/01/2019,16:59,B,172.168.1.8
       25,09/01/2019,17:00,B,172.168.1.8
        8,09/01/2019,17:05,B,172.168.1.8
      127,09/01/2019,17:06,B,172.168.1.8
      253,09/01/2019,17:07,B,172.168.1.8
      109,09/01/2019,17:09,B,172.168.1.8
      115,09/01/2019,17:09,B,172.168.1.8
      254,09/01/2019,17:10,B,172.168.1.8
      251,09/01/2019,17:10,B,172.168.1.8
      128,09/01/2019,17:10,B,172.168.1.8
       14,09/01/2019,17:11,B,172.168.1.8
      271,09/01/2019,17:13,B,172.168.1.8
      271,09/01/2019,17:13,B,172.168.1.8
      280,09/01/2019,17:13,B,172.168.1.8
      261,09/01/2019,17:14,B,172.168.1.8
      120,09/01/2019,17:14,B,172.168.1.8
      301,09/01/2019,17:14,B,172.168.1.8
      118,09/01/2019,17:15,B,172.168.1.8
       32,09/01/2019,17:16,B,172.168.1.8
       30,09/01/2019,17:22,B,172.168.1.8
       27,09/01/2019,17:34,B,172.168.1.8
       18,09/01/2019,17:39,B,172.168.1.8
      123,09/01/2019,17:42,B,172.168.1.8
      114,09/01/2019,17:43,B,172.168.1.8
      268,09/01/2019,17:45,B,172.168.1.8
      106,09/01/2019,17:46,B,172.168.1.8
      296,09/01/2019,17:52,B,172.168.1.8
       10,09/01/2019,18:03,B,172.168.1.8
      112,09/01/2019,18:05,B,172.168.1.8
      112,09/01/2019,18:05,B,172.168.1.8
       26,09/01/2019,18:15,B,172.168.1.8
      310,09/01/2019,18:25,B,172.168.1.8
      116,09/01/2019,18:25,B,172.168.1.8
      117,09/01/2019,18:26,B,172.168.1.8
      121,10/01/2019,06:56,B,172.168.1.8
      126,10/01/2019,07:15,B,172.168.1.8
      210,10/01/2019,07:25,B,172.168.1.8
      255,10/01/2019,07:59,B,172.168.1.8
      204,10/01/2019,08:01,B,172.168.1.8
       54,10/01/2019,08:03,B,172.168.1.8
       52,10/01/2019,08:04,B,172.168.1.8
      211,10/01/2019,08:04,B,172.168.1.8
      216,10/01/2019,08:08,B,172.168.1.8
      122,10/01/2019,08:10,B,172.168.1.8
      260,10/01/2019,08:12,B,172.168.1.8
      296,10/01/2019,08:23,B,172.168.1.8
      203,10/01/2019,08:37,B,172.168.1.8
      212,10/01/2019,08:38,B,172.168.1.8
      312,10/01/2019,08:42,B,172.168.1.8
       36,10/01/2019,08:55,B,172.168.1.8
       64,10/01/2019,08:55,B,172.168.1.8
      303,10/01/2019,08:55,B,172.168.1.8
      120,10/01/2019,08:58,B,172.168.1.8
       18,10/01/2019,08:59,B,172.168.1.8
      112,10/01/2019,08:59,B,172.168.1.8
      215,10/01/2019,09:00,B,172.168.1.8
      119,10/01/2019,09:02,B,172.168.1.8
      268,10/01/2019,09:03,B,172.168.1.8
       23,10/01/2019,09:05,B,172.168.1.8
       70,10/01/2019,09:06,B,172.168.1.8
      115,10/01/2019,09:08,B,172.168.1.8
       11,10/01/2019,09:09,B,172.168.1.8
       12,10/01/2019,09:20,B,172.168.1.8
       20,10/01/2019,09:21,B,172.168.1.8
      209,10/01/2019,09:21,B,172.168.1.8
      280,10/01/2019,09:25,B,172.168.1.8
      125,10/01/2019,09:25,B,172.168.1.8
      110,10/01/2019,09:35,B,172.168.1.8
       25,10/01/2019,09:35,B,172.168.1.8
      206,10/01/2019,09:37,B,172.168.1.8
      201,10/01/2019,09:43,B,172.168.1.8
      213,10/01/2019,09:43,B,172.168.1.8
       26,10/01/2019,09:43,B,172.168.1.8
      202,10/01/2019,09:45,B,172.168.1.8
      202,10/01/2019,09:45,B,172.168.1.8
       28,10/01/2019,09:48,B,172.168.1.8
      117,10/01/2019,09:51,B,172.168.1.8
      131,10/01/2019,09:51,B,172.168.1.8
      205,10/01/2019,09:52,B,172.168.1.8
      208,10/01/2019,09:53,B,172.168.1.8
        9,10/01/2019,09:54,B,172.168.1.8
      123,10/01/2019,09:56,B,172.168.1.8
       37,10/01/2019,09:57,B,172.168.1.8
      128,10/01/2019,09:57,B,172.168.1.8
       21,10/01/2019,09:58,B,172.168.1.8
       30,10/01/2019,10:02,B,172.168.1.8
       30,10/01/2019,10:03,B,172.168.1.8
      258,10/01/2019,10:05,B,172.168.1.8
      310,10/01/2019,10:05,B,172.168.1.8
      109,10/01/2019,10:08,B,172.168.1.8
       35,10/01/2019,10:08,B,172.168.1.8
      118,10/01/2019,10:12,B,172.168.1.8
       17,10/01/2019,10:13,B,172.168.1.8
       24,10/01/2019,10:15,B,172.168.1.8
      271,10/01/2019,10:16,B,172.168.1.8
      114,10/01/2019,10:19,B,172.168.1.8
      106,10/01/2019,10:21,B,172.168.1.8
      207,10/01/2019,10:23,B,172.168.1.8
      127,10/01/2019,10:23,B,172.168.1.8
      101,10/01/2019,10:25,B,172.168.1.8
      129,10/01/2019,10:29,B,172.168.1.8
      116,10/01/2019,10:33,B,172.168.1.8
       62,10/01/2019,10:37,B,172.168.1.8
      254,10/01/2019,10:43,B,172.168.1.8
       32,10/01/2019,10:53,B,172.168.1.8
       22,10/01/2019,11:06,B,172.168.1.8
      251,10/01/2019,11:06,B,172.168.1.8
       19,10/01/2019,11:09,B,172.168.1.8
       10,10/01/2019,11:20,B,172.168.1.8
       27,10/01/2019,11:20,B,172.168.1.8
       29,10/01/2019,11:35,B,172.168.1.8
      312,10/01/2019,11:37,B,172.168.1.8
        2,10/01/2019,11:40,B,172.168.1.8
      305,10/01/2019,11:52,B,172.168.1.8
      253,10/01/2019,12:03,B,172.168.1.8
       64,10/01/2019,12:23,B,172.168.1.8
       52,10/01/2019,12:32,B,172.168.1.8
       54,10/01/2019,12:33,B,172.168.1.8
       65,10/01/2019,12:36,B,172.168.1.8
       14,10/01/2019,12:46,B,172.168.1.8
      122,10/01/2019,12:53,B,172.168.1.8
      122,10/01/2019,12:53,B,172.168.1.8
      210,10/01/2019,13:00,B,172.168.1.8
      211,10/01/2019,13:04,B,172.168.1.8
       70,10/01/2019,13:11,B,172.168.1.8
      216,10/01/2019,13:25,B,172.168.1.8
      203,10/01/2019,13:40,B,172.168.1.8
      204,10/01/2019,13:43,B,172.168.1.8
      204,10/01/2019,13:44,B,172.168.1.8
      206,10/01/2019,13:44,B,172.168.1.8
      204,10/01/2019,13:45,B,172.168.1.8
      206,10/01/2019,13:45,B,172.168.1.8
      213,10/01/2019,13:45,B,172.168.1.8
      209,10/01/2019,13:46,B,172.168.1.8
       69,10/01/2019,13:57,B,172.168.1.8
       36,10/01/2019,14:22,B,172.168.1.8
      215,10/01/2019,14:32,B,172.168.1.8
      208,10/01/2019,14:35,B,172.168.1.8
      202,10/01/2019,14:38,B,172.168.1.8
      212,10/01/2019,14:39,B,172.168.1.8
      207,10/01/2019,14:39,B,172.168.1.8
      205,10/01/2019,14:40,B,172.168.1.8
      205,10/01/2019,14:40,B,172.168.1.8
      202,10/01/2019,14:57,B,172.168.1.8
      201,10/01/2019,15:03,B,172.168.1.8
      121,10/01/2019,15:10,B,172.168.1.8
       18,10/01/2019,15:24,B,172.168.1.8
       27,10/01/2019,15:25,B,172.168.1.8
      305,10/01/2019,15:29,B,172.168.1.8
       69,10/01/2019,15:34,B,172.168.1.8
       35,10/01/2019,15:35,B,172.168.1.8
       11,10/01/2019,15:43,B,172.168.1.8
       24,10/01/2019,15:45,B,172.168.1.8
        9,10/01/2019,15:50,B,172.168.1.8
       23,10/01/2019,16:00,B,172.168.1.8
      126,10/01/2019,16:02,B,172.168.1.8
      303,10/01/2019,16:13,B,172.168.1.8
       62,10/01/2019,16:13,B,172.168.1.8
       28,10/01/2019,16:24,B,172.168.1.8
       20,10/01/2019,16:36,B,172.168.1.8
      119,10/01/2019,16:40,B,172.168.1.8
       19,10/01/2019,16:42,B,172.168.1.8
       29,10/01/2019,16:59,B,172.168.1.8
       25,10/01/2019,16:59,B,172.168.1.8
      129,10/01/2019,17:00,B,172.168.1.8
      310,10/01/2019,17:00,B,172.168.1.8
      110,10/01/2019,17:10,B,172.168.1.8
      128,10/01/2019,17:15,B,172.168.1.8
      109,10/01/2019,17:15,B,172.168.1.8
      253,10/01/2019,17:16,B,172.168.1.8
       21,10/01/2019,17:17,B,172.168.1.8
       22,10/01/2019,17:18,B,172.168.1.8
       14,10/01/2019,17:18,B,172.168.1.8
       14,10/01/2019,17:18,B,172.168.1.8
      131,10/01/2019,17:18,B,172.168.1.8
       12,10/01/2019,17:21,B,172.168.1.8
        2,10/01/2019,17:21,B,172.168.1.8
      118,10/01/2019,17:21,B,172.168.1.8
      271,10/01/2019,17:21,B,172.168.1.8
      280,10/01/2019,17:22,B,172.168.1.8
      127,10/01/2019,17:24,B,172.168.1.8
      309,10/01/2019,17:24,B,172.168.1.8
      251,10/01/2019,17:25,B,172.168.1.8
      254,10/01/2019,17:25,B,172.168.1.8
      101,10/01/2019,17:25,B,172.168.1.8
      115,10/01/2019,17:27,B,172.168.1.8
      260,10/01/2019,17:28,B,172.168.1.8
      125,10/01/2019,17:32,B,172.168.1.8
      106,10/01/2019,17:33,B,172.168.1.8
       65,10/01/2019,17:35,B,172.168.1.8
      268,10/01/2019,17:44,B,172.168.1.8
      123,10/01/2019,17:47,B,172.168.1.8
      120,10/01/2019,17:49,B,172.168.1.8
      116,10/01/2019,17:49,B,172.168.1.8
       30,10/01/2019,17:49,B,172.168.1.8
      114,10/01/2019,17:56,B,172.168.1.8
       10,10/01/2019,17:59,B,172.168.1.8
       26,10/01/2019,18:00,B,172.168.1.8
       17,10/01/2019,18:00,B,172.168.1.8
      296,10/01/2019,18:01,B,172.168.1.8
      112,10/01/2019,18:07,B,172.168.1.8
      112,10/01/2019,18:12,B,172.168.1.8
      117,10/01/2019,18:13,B,172.168.1.8
      258,10/01/2019,18:15,B,172.168.1.8
      117,10/01/2019,18:16,B,172.168.1.8
      255,10/01/2019,18:16,B,172.168.1.8
      121,11/01/2019,07:02,B,172.168.1.8
      210,11/01/2019,07:21,B,172.168.1.8
      119,11/01/2019,07:31,B,172.168.1.8
      215,11/01/2019,07:52,B,172.168.1.8
      287,11/01/2019,08:02,B,172.168.1.8
      203,11/01/2019,08:02,B,172.168.1.8
      112,11/01/2019,08:04,B,172.168.1.8
      296,11/01/2019,08:08,B,172.168.1.8
      122,11/01/2019,08:09,B,172.168.1.8
      301,11/01/2019,08:09,B,172.168.1.8
      260,11/01/2019,08:18,B,172.168.1.8
      212,11/01/2019,08:22,B,172.168.1.8
      216,11/01/2019,08:22,B,172.168.1.8
      255,11/01/2019,08:31,B,172.168.1.8
      268,11/01/2019,08:39,B,172.168.1.8
      303,11/01/2019,08:53,B,172.168.1.8
      280,11/01/2019,08:56,B,172.168.1.8
      204,11/01/2019,08:56,B,172.168.1.8
      115,11/01/2019,08:56,B,172.168.1.8
       52,11/01/2019,08:57,B,172.168.1.8
       11,11/01/2019,08:59,B,172.168.1.8
       17,11/01/2019,09:00,B,172.168.1.8
       18,11/01/2019,09:07,B,172.168.1.8
       64,11/01/2019,09:07,B,172.168.1.8
       22,11/01/2019,09:08,B,172.168.1.8
       20,11/01/2019,09:12,B,172.168.1.8
      208,11/01/2019,09:13,B,172.168.1.8
      125,11/01/2019,09:24,B,172.168.1.8
      312,11/01/2019,09:26,B,172.168.1.8
       32,11/01/2019,09:30,B,172.168.1.8
       25,11/01/2019,09:32,B,172.168.1.8
      123,11/01/2019,09:34,B,172.168.1.8
      202,11/01/2019,09:41,B,172.168.1.8
      206,11/01/2019,09:43,B,172.168.1.8
       12,11/01/2019,09:46,B,172.168.1.8
       16,11/01/2019,09:51,B,172.168.1.8
      114,11/01/2019,09:55,B,172.168.1.8
      209,11/01/2019,09:55,B,172.168.1.8
      253,11/01/2019,09:57,B,172.168.1.8
      128,11/01/2019,09:59,B,172.168.1.8
      310,11/01/2019,10:02,B,172.168.1.8
       35,11/01/2019,10:04,B,172.168.1.8
       68,11/01/2019,10:10,B,172.168.1.8
      211,11/01/2019,10:11,B,172.168.1.8
      109,11/01/2019,10:12,B,172.168.1.8
       30,11/01/2019,10:13,B,172.168.1.8
      117,11/01/2019,10:14,B,172.168.1.8
       29,11/01/2019,10:14,B,172.168.1.8
      201,11/01/2019,10:16,B,172.168.1.8
      201,11/01/2019,10:16,B,172.168.1.8
      131,11/01/2019,10:17,B,172.168.1.8
      110,11/01/2019,10:19,B,172.168.1.8
        5,11/01/2019,10:20,B,172.168.1.8
       10,11/01/2019,10:20,B,172.168.1.8
      116,11/01/2019,10:22,B,172.168.1.8
      271,11/01/2019,10:23,B,172.168.1.8
      207,11/01/2019,10:27,B,172.168.1.8
       24,11/01/2019,10:28,B,172.168.1.8
      129,11/01/2019,10:31,B,172.168.1.8
      101,11/01/2019,10:32,B,172.168.1.8
       28,11/01/2019,10:33,B,172.168.1.8
       27,11/01/2019,10:37,B,172.168.1.8
        9,11/01/2019,10:37,B,172.168.1.8
       62,11/01/2019,10:37,B,172.168.1.8
       36,11/01/2019,10:38,B,172.168.1.8
      254,11/01/2019,10:38,B,172.168.1.8
      118,11/01/2019,10:39,B,172.168.1.8
      118,11/01/2019,10:39,B,172.168.1.8
       57,11/01/2019,10:44,B,172.168.1.8
      106,11/01/2019,10:46,B,172.168.1.8
      213,11/01/2019,10:50,B,172.168.1.8
        8,11/01/2019,10:55,B,172.168.1.8
       51,11/01/2019,11:02,B,172.168.1.8
      251,11/01/2019,11:09,B,172.168.1.8
       21,11/01/2019,11:12,B,172.168.1.8
      215,11/01/2019,11:14,B,172.168.1.8
      216,11/01/2019,11:14,B,172.168.1.8
       67,11/01/2019,11:14,B,172.168.1.8
      254,11/01/2019,11:18,B,172.168.1.8
      309,11/01/2019,11:21,B,172.168.1.8
      305,11/01/2019,11:32,B,172.168.1.8
       51,11/01/2019,11:58,B,172.168.1.8
       64,11/01/2019,12:21,B,172.168.1.8
      210,11/01/2019,12:24,B,172.168.1.8
      301,11/01/2019,12:26,B,172.168.1.8
      210,11/01/2019,13:00,B,172.168.1.8
      203,11/01/2019,13:01,B,172.168.1.8
       52,11/01/2019,13:03,B,172.168.1.8
      212,11/01/2019,13:19,B,172.168.1.8
      208,11/01/2019,13:22,B,172.168.1.8
      304,11/01/2019,13:43,B,172.168.1.8
      206,11/01/2019,13:55,B,172.168.1.8
      303,11/01/2019,13:59,B,172.168.1.8
      213,11/01/2019,14:08,B,172.168.1.8
       67,11/01/2019,14:11,B,172.168.1.8
      202,11/01/2019,14:33,B,172.168.1.8
      201,11/01/2019,14:35,B,172.168.1.8
      211,11/01/2019,14:38,B,172.168.1.8
      211,11/01/2019,14:39,B,172.168.1.8
      204,11/01/2019,14:44,B,172.168.1.8
      204,11/01/2019,14:44,B,172.168.1.8
      209,11/01/2019,14:45,B,172.168.1.8
       20,11/01/2019,14:54,B,172.168.1.8
       35,11/01/2019,14:57,B,172.168.1.8
       16,11/01/2019,15:01,B,172.168.1.8
       16,11/01/2019,15:08,B,172.168.1.8
       18,11/01/2019,15:09,B,172.168.1.8
      121,11/01/2019,15:14,B,172.168.1.8
      305,11/01/2019,15:16,B,172.168.1.8
       22,11/01/2019,15:22,B,172.168.1.8
        5,11/01/2019,15:38,B,172.168.1.8
       12,11/01/2019,15:45,B,172.168.1.8
       36,11/01/2019,15:46,B,172.168.1.8
      131,11/01/2019,15:48,B,172.168.1.8
       24,11/01/2019,16:04,B,172.168.1.8
      122,11/01/2019,16:05,B,172.168.1.8
       11,11/01/2019,16:06,B,172.168.1.8
        9,11/01/2019,16:08,B,172.168.1.8
       62,11/01/2019,16:14,B,172.168.1.8
       32,11/01/2019,16:14,B,172.168.1.8
      309,11/01/2019,16:27,B,172.168.1.8
      119,11/01/2019,16:37,B,172.168.1.8
      125,11/01/2019,16:38,B,172.168.1.8
       29,11/01/2019,16:47,B,172.168.1.8
       21,11/01/2019,16:56,B,172.168.1.8
       25,11/01/2019,17:02,B,172.168.1.8
      128,11/01/2019,17:09,B,172.168.1.8
       27,11/01/2019,17:11,B,172.168.1.8
      280,11/01/2019,17:12,B,172.168.1.8
      271,11/01/2019,17:13,B,172.168.1.8
      110,11/01/2019,17:14,B,172.168.1.8
      253,11/01/2019,17:15,B,172.168.1.8
      109,11/01/2019,17:17,B,172.168.1.8
      312,11/01/2019,17:17,B,172.168.1.8
      118,11/01/2019,17:19,B,172.168.1.8
        8,11/01/2019,17:38,B,172.168.1.8
       30,11/01/2019,17:43,B,172.168.1.8
       17,11/01/2019,17:45,B,172.168.1.8
      123,11/01/2019,17:55,B,172.168.1.8
      129,11/01/2019,18:06,B,172.168.1.8
      115,11/01/2019,18:11,B,172.168.1.8
      106,11/01/2019,18:21,B,172.168.1.8
      251,11/01/2019,18:22,B,172.168.1.8
      117,11/01/2019,18:22,B,172.168.1.8
      101,11/01/2019,18:23,B,172.168.1.8
      255,11/01/2019,18:25,B,172.168.1.8
      112,11/01/2019,18:27,B,172.168.1.8
      112,11/01/2019,18:28,B,172.168.1.8
       28,11/01/2019,18:46,B,172.168.1.8
       10,11/01/2019,19:00,B,172.168.1.8
      310,11/01/2019,19:23,B,172.168.1.8
      116,11/01/2019,19:23,B,172.168.1.8
      116,11/01/2019,19:24,B,172.168.1.8
      268,11/01/2019,19:24,B,172.168.1.8
      296,11/01/2019,19:26,B,172.168.1.8
      260,11/01/2019,19:26,B,172.168.1.8
      268,11/01/2019,19:26,B,172.168.1.8
      121,12/01/2019,06:51,B,172.168.1.8
      119,12/01/2019,07:32,B,172.168.1.8
      126,12/01/2019,07:36,B,172.168.1.8
      206,12/01/2019,07:53,B,172.168.1.8
      215,12/01/2019,07:53,B,172.168.1.8
      209,12/01/2019,07:57,B,172.168.1.8
      209,12/01/2019,07:57,B,172.168.1.8
      202,12/01/2019,08:00,B,172.168.1.8
      216,12/01/2019,08:00,B,172.168.1.8
      204,12/01/2019,08:03,B,172.168.1.8
      296,12/01/2019,08:14,B,172.168.1.8
      260,12/01/2019,08:27,B,172.168.1.8
      203,12/01/2019,08:28,B,172.168.1.8
      255,12/01/2019,08:31,B,172.168.1.8
       35,12/01/2019,08:47,B,172.168.1.8
      115,12/01/2019,08:49,B,172.168.1.8
      268,12/01/2019,08:52,B,172.168.1.8
       14,12/01/2019,08:55,B,172.168.1.8
      205,12/01/2019,08:55,B,172.168.1.8
      208,12/01/2019,08:57,B,172.168.1.8
       36,12/01/2019,08:58,B,172.168.1.8
      212,12/01/2019,09:04,B,172.168.1.8
       20,12/01/2019,09:04,B,172.168.1.8
       62,12/01/2019,09:08,B,172.168.1.8
       65,12/01/2019,09:12,B,172.168.1.8
      112,12/01/2019,09:13,B,172.168.1.8
       25,12/01/2019,09:25,B,172.168.1.8
       32,12/01/2019,09:26,B,172.168.1.8
       23,12/01/2019,09:26,B,172.168.1.8
       22,12/01/2019,09:26,B,172.168.1.8
      207,12/01/2019,09:39,B,172.168.1.8
       24,12/01/2019,09:41,B,172.168.1.8
      280,12/01/2019,09:42,B,172.168.1.8
       26,12/01/2019,09:44,B,172.168.1.8
      116,12/01/2019,09:50,B,172.168.1.8
        5,12/01/2019,09:51,B,172.168.1.8
      312,12/01/2019,09:57,B,172.168.1.8
      213,12/01/2019,09:58,B,172.168.1.8
       21,12/01/2019,10:01,B,172.168.1.8
      293,12/01/2019,10:01,B,172.168.1.8
      206,12/01/2019,10:06,B,172.168.1.8
       11,12/01/2019,10:09,B,172.168.1.8
      271,12/01/2019,10:11,B,172.168.1.8
      128,12/01/2019,10:17,B,172.168.1.8
      204,12/01/2019,10:18,B,172.168.1.8
       30,12/01/2019,10:19,B,172.168.1.8
      209,12/01/2019,10:21,B,172.168.1.8
       27,12/01/2019,10:22,B,172.168.1.8
      215,12/01/2019,10:28,B,172.168.1.8
      202,12/01/2019,10:29,B,172.168.1.8
      202,12/01/2019,10:29,B,172.168.1.8
        9,12/01/2019,10:30,B,172.168.1.8
        8,12/01/2019,10:42,B,172.168.1.8
       29,12/01/2019,10:51,B,172.168.1.8
      203,12/01/2019,11:00,B,172.168.1.8
       17,12/01/2019,11:00,B,172.168.1.8
       10,12/01/2019,11:10,B,172.168.1.8
      123,12/01/2019,11:13,B,172.168.1.8
       14,12/01/2019,11:21,B,172.168.1.8
      310,12/01/2019,11:22,B,172.168.1.8
       35,12/01/2019,11:30,B,172.168.1.8
      212,12/01/2019,11:30,B,172.168.1.8
       35,12/01/2019,11:31,B,172.168.1.8
      208,12/01/2019,11:31,B,172.168.1.8
      251,12/01/2019,11:31,B,172.168.1.8
      216,12/01/2019,11:32,B,172.168.1.8
       20,12/01/2019,11:46,B,172.168.1.8
        2,12/01/2019,11:52,B,172.168.1.8
      205,12/01/2019,12:00,B,172.168.1.8
       62,12/01/2019,12:04,B,172.168.1.8
      213,12/01/2019,12:06,B,172.168.1.8
       19,12/01/2019,12:08,B,172.168.1.8
       23,12/01/2019,12:22,B,172.168.1.8
       24,12/01/2019,12:25,B,172.168.1.8
        5,12/01/2019,12:27,B,172.168.1.8
        8,12/01/2019,12:36,B,172.168.1.8
        9,12/01/2019,13:17,B,172.168.1.8
       28,12/01/2019,13:20,B,172.168.1.8
       27,12/01/2019,13:50,B,172.168.1.8
      312,12/01/2019,13:50,B,172.168.1.8
       17,12/01/2019,14:04,B,172.168.1.8
       17,12/01/2019,14:21,B,172.168.1.8
       21,12/01/2019,14:21,B,172.168.1.8
       17,12/01/2019,14:22,B,172.168.1.8
       22,12/01/2019,14:22,B,172.168.1.8
       19,12/01/2019,14:38,B,172.168.1.8
      119,12/01/2019,14:52,B,172.168.1.8
       30,12/01/2019,15:05,B,172.168.1.8
      121,12/01/2019,15:05,B,172.168.1.8
       32,12/01/2019,15:19,B,172.168.1.8
      128,12/01/2019,15:51,B,172.168.1.8
      115,12/01/2019,15:52,B,172.168.1.8
       18,12/01/2019,15:53,B,172.168.1.8
       65,12/01/2019,15:57,B,172.168.1.8
       11,12/01/2019,16:21,B,172.168.1.8
        2,12/01/2019,16:31,B,172.168.1.8
       25,12/01/2019,17:03,B,172.168.1.8
       29,12/01/2019,17:05,B,172.168.1.8
      251,12/01/2019,17:13,B,172.168.1.8
      280,12/01/2019,17:13,B,172.168.1.8
      271,12/01/2019,17:13,B,172.168.1.8
      123,12/01/2019,17:40,B,172.168.1.8
      126,12/01/2019,18:00,B,172.168.1.8
      112,12/01/2019,18:43,B,172.168.1.8
      112,12/01/2019,18:46,B,172.168.1.8
      112,12/01/2019,18:47,B,172.168.1.8
      310,12/01/2019,20:32,B,172.168.1.8
      310,12/01/2019,20:34,B,172.168.1.8
      296,12/01/2019,20:34,B,172.168.1.8
      310,12/01/2019,20:35,B,172.168.1.8
       28,12/01/2019,20:42,B,172.168.1.8
       26,12/01/2019,20:43,B,172.168.1.8
       10,12/01/2019,20:43,B,172.168.1.8
      116,12/01/2019,20:51,B,172.168.1.8
      268,12/01/2019,20:51,B,172.168.1.8
      255,12/01/2019,20:54,B,172.168.1.8
      260,12/01/2019,20:54,B,172.168.1.8
      116,13/01/2019,06:55,B,172.168.1.8
      296,13/01/2019,07:45,B,172.168.1.8
      260,13/01/2019,07:49,B,172.168.1.8
       26,13/01/2019,08:01,B,172.168.1.8
      255,13/01/2019,08:10,B,172.168.1.8
      268,13/01/2019,08:10,B,172.168.1.8
       10,13/01/2019,11:35,B,172.168.1.8
       26,13/01/2019,18:43,B,172.168.1.8
       10,13/01/2019,19:13,B,172.168.1.8
      268,13/01/2019,21:37,B,172.168.1.8
      116,13/01/2019,21:42,B,172.168.1.8
      268,13/01/2019,21:42,B,172.168.1.8
      255,13/01/2019,21:43,B,172.168.1.8
      255,13/01/2019,21:43,B,172.168.1.8
      296,13/01/2019,21:43,B,172.168.1.8
      260,13/01/2019,21:43,B,172.168.1.8
      287,14/01/2019,06:32,B,172.168.1.8
      121,14/01/2019,06:32,B,172.168.1.8
      126,14/01/2019,07:20,B,172.168.1.8
      260,14/01/2019,07:34,B,172.168.1.8
       63,14/01/2019,07:35,B,172.168.1.8
      291,14/01/2019,07:38,B,172.168.1.8
      119,14/01/2019,07:41,B,172.168.1.8
       37,14/01/2019,07:44,B,172.168.1.8
      112,14/01/2019,07:45,B,172.168.1.8
      207,14/01/2019,07:49,B,172.168.1.8
      215,14/01/2019,07:51,B,172.168.1.8
      255,14/01/2019,07:53,B,172.168.1.8
      214,14/01/2019,07:59,B,172.168.1.8
       52,14/01/2019,08:08,B,172.168.1.8
      208,14/01/2019,08:10,B,172.168.1.8
      211,14/01/2019,08:23,B,172.168.1.8
      296,14/01/2019,08:26,B,172.168.1.8
      209,14/01/2019,08:26,B,172.168.1.8
      301,14/01/2019,08:27,B,172.168.1.8
       65,14/01/2019,08:32,B,172.168.1.8
      312,14/01/2019,08:33,B,172.168.1.8
      122,14/01/2019,08:34,B,172.168.1.8
      210,14/01/2019,08:34,B,172.168.1.8
      204,14/01/2019,08:36,B,172.168.1.8
      206,14/01/2019,08:41,B,172.168.1.8
      203,14/01/2019,08:44,B,172.168.1.8
      216,14/01/2019,08:46,B,172.168.1.8
      212,14/01/2019,08:46,B,172.168.1.8
       11,14/01/2019,08:49,B,172.168.1.8
       23,14/01/2019,08:50,B,172.168.1.8
      303,14/01/2019,08:50,B,172.168.1.8
      115,14/01/2019,08:52,B,172.168.1.8
        8,14/01/2019,08:53,B,172.168.1.8
       14,14/01/2019,08:53,B,172.168.1.8
       32,14/01/2019,08:56,B,172.168.1.8
      201,14/01/2019,08:57,B,172.168.1.8
      120,14/01/2019,08:58,B,172.168.1.8
       18,14/01/2019,09:03,B,172.168.1.8
       20,14/01/2019,09:04,B,172.168.1.8
       70,14/01/2019,09:05,B,172.168.1.8
      280,14/01/2019,09:09,B,172.168.1.8
      125,14/01/2019,09:09,B,172.168.1.8
       16,14/01/2019,09:11,B,172.168.1.8
      116,14/01/2019,09:20,B,172.168.1.8
      202,14/01/2019,09:20,B,172.168.1.8
       12,14/01/2019,09:20,B,172.168.1.8
      268,14/01/2019,09:22,B,172.168.1.8
      283,14/01/2019,09:32,B,172.168.1.8
      114,14/01/2019,09:32,B,172.168.1.8
      123,14/01/2019,09:36,B,172.168.1.8
        5,14/01/2019,09:44,B,172.168.1.8
      258,14/01/2019,09:45,B,172.168.1.8
      213,14/01/2019,09:54,B,172.168.1.8
      310,14/01/2019,09:58,B,172.168.1.8
      128,14/01/2019,09:59,B,172.168.1.8
       24,14/01/2019,10:00,B,172.168.1.8
      289,14/01/2019,10:01,B,172.168.1.8
      109,14/01/2019,10:02,B,172.168.1.8
      118,14/01/2019,10:03,B,172.168.1.8
       17,14/01/2019,10:07,B,172.168.1.8
       37,14/01/2019,10:07,B,172.168.1.8
      106,14/01/2019,10:07,B,172.168.1.8
      271,14/01/2019,10:11,B,172.168.1.8
      131,14/01/2019,10:13,B,172.168.1.8
      251,14/01/2019,10:13,B,172.168.1.8
      101,14/01/2019,10:20,B,172.168.1.8
       63,14/01/2019,10:24,B,172.168.1.8
      129,14/01/2019,10:25,B,172.168.1.8
      261,14/01/2019,10:27,B,172.168.1.8
       68,14/01/2019,10:30,B,172.168.1.8
        1,14/01/2019,10:36,B,172.168.1.8
      254,14/01/2019,10:37,B,172.168.1.8
      309,14/01/2019,10:37,B,172.168.1.8
       35,14/01/2019,10:39,B,172.168.1.8
       35,14/01/2019,10:40,B,172.168.1.8
      253,14/01/2019,10:45,B,172.168.1.8
      293,14/01/2019,10:46,B,172.168.1.8
       10,14/01/2019,10:56,B,172.168.1.8
       51,14/01/2019,11:00,B,172.168.1.8
       45,14/01/2019,11:05,B,172.168.1.8
        9,14/01/2019,11:11,B,172.168.1.8
       36,14/01/2019,11:17,B,172.168.1.8
       19,14/01/2019,11:22,B,172.168.1.8
       27,14/01/2019,11:24,B,172.168.1.8
      215,14/01/2019,11:33,B,172.168.1.8
      214,14/01/2019,11:33,B,172.168.1.8
       22,14/01/2019,11:41,B,172.168.1.8
       52,14/01/2019,11:53,B,172.168.1.8
      212,14/01/2019,12:09,B,172.168.1.8
      207,14/01/2019,12:09,B,172.168.1.8
      216,14/01/2019,12:09,B,172.168.1.8
      208,14/01/2019,12:40,B,172.168.1.8
       67,14/01/2019,12:40,B,172.168.1.8
      309,14/01/2019,12:48,B,172.168.1.8
      204,14/01/2019,13:22,B,172.168.1.8
      209,14/01/2019,13:26,B,172.168.1.8
      213,14/01/2019,13:26,B,172.168.1.8
      211,14/01/2019,13:33,B,172.168.1.8
      210,14/01/2019,13:35,B,172.168.1.8
      206,14/01/2019,13:37,B,172.168.1.8
       67,14/01/2019,13:40,B,172.168.1.8
       51,14/01/2019,13:40,B,172.168.1.8
      203,14/01/2019,13:47,B,172.168.1.8
       64,14/01/2019,14:00,B,172.168.1.8
      301,14/01/2019,14:05,B,172.168.1.8
      202,14/01/2019,14:19,B,172.168.1.8
      201,14/01/2019,14:20,B,172.168.1.8
      128,14/01/2019,14:27,B,172.168.1.8
       65,14/01/2019,14:32,B,172.168.1.8
       23,14/01/2019,14:36,B,172.168.1.8
       18,14/01/2019,14:37,B,172.168.1.8
       16,14/01/2019,14:40,B,172.168.1.8
      303,14/01/2019,14:45,B,172.168.1.8
      121,14/01/2019,15:17,B,172.168.1.8
        5,14/01/2019,15:27,B,172.168.1.8
        5,14/01/2019,15:28,B,172.168.1.8
       20,14/01/2019,15:45,B,172.168.1.8
      126,14/01/2019,15:46,B,172.168.1.8
       20,14/01/2019,15:46,B,172.168.1.8
       64,14/01/2019,15:47,B,172.168.1.8
       24,14/01/2019,15:51,B,172.168.1.8
       14,14/01/2019,15:51,B,172.168.1.8
       32,14/01/2019,15:55,B,172.168.1.8
       35,14/01/2019,15:56,B,172.168.1.8
       10,14/01/2019,16:00,B,172.168.1.8
        8,14/01/2019,16:03,B,172.168.1.8
      122,14/01/2019,16:30,B,172.168.1.8
       11,14/01/2019,16:33,B,172.168.1.8
        9,14/01/2019,16:34,B,172.168.1.8
      291,14/01/2019,16:34,B,172.168.1.8
      119,14/01/2019,16:36,B,172.168.1.8
       19,14/01/2019,16:59,B,172.168.1.8
       36,14/01/2019,17:03,B,172.168.1.8
       27,14/01/2019,17:07,B,172.168.1.8
       12,14/01/2019,17:08,B,172.168.1.8
       22,14/01/2019,17:08,B,172.168.1.8
      125,14/01/2019,17:09,B,172.168.1.8
      312,14/01/2019,17:12,B,172.168.1.8
      109,14/01/2019,17:14,B,172.168.1.8
      289,14/01/2019,17:16,B,172.168.1.8
      261,14/01/2019,17:18,B,172.168.1.8
      120,14/01/2019,17:18,B,172.168.1.8
      254,14/01/2019,17:20,B,172.168.1.8
        1,14/01/2019,17:20,B,172.168.1.8
      118,14/01/2019,17:22,B,172.168.1.8
      118,14/01/2019,17:22,B,172.168.1.8
      271,14/01/2019,17:23,B,172.168.1.8
      280,14/01/2019,17:23,B,172.168.1.8
      253,14/01/2019,17:25,B,172.168.1.8
      255,14/01/2019,17:27,B,172.168.1.8
      254,14/01/2019,17:28,B,172.168.1.8
      123,14/01/2019,17:29,B,172.168.1.8
       30,14/01/2019,17:30,B,172.168.1.8
      115,14/01/2019,17:31,B,172.168.1.8
      254,14/01/2019,17:31,B,172.168.1.8
      251,14/01/2019,17:31,B,172.168.1.8
      131,14/01/2019,17:32,B,172.168.1.8
      106,14/01/2019,17:33,B,172.168.1.8
      268,14/01/2019,17:38,B,172.168.1.8
      114,14/01/2019,17:43,B,172.168.1.8
      106,14/01/2019,17:47,B,172.168.1.8
      258,14/01/2019,17:50,B,172.168.1.8
      129,14/01/2019,18:00,B,172.168.1.8
      112,14/01/2019,18:01,B,172.168.1.8
      112,14/01/2019,18:09,B,172.168.1.8
      293,14/01/2019,18:09,B,172.168.1.8
      290,14/01/2019,18:10,B,172.168.1.8
      296,14/01/2019,18:10,B,172.168.1.8
      101,14/01/2019,18:27,B,172.168.1.8
       17,14/01/2019,18:27,B,172.168.1.8
      310,14/01/2019,18:30,B,172.168.1.8
      121,15/01/2019,06:51,B,172.168.1.8
      112,15/01/2019,07:25,B,172.168.1.8
       54,15/01/2019,07:30,B,172.168.1.8
      119,15/01/2019,07:39,B,172.168.1.8
      126,15/01/2019,07:42,B,172.168.1.8
      283,15/01/2019,07:53,B,172.168.1.8
      296,15/01/2019,07:55,B,172.168.1.8
      291,15/01/2019,07:55,B,172.168.1.8
      214,15/01/2019,07:55,B,172.168.1.8
      273,15/01/2019,08:00,B,172.168.1.8
      208,15/01/2019,08:01,B,172.168.1.8
      205,15/01/2019,08:07,B,172.168.1.8
      215,15/01/2019,08:16,B,172.168.1.8
      210,15/01/2019,08:30,B,172.168.1.8
      203,15/01/2019,08:35,B,172.168.1.8
       52,15/01/2019,08:38,B,172.168.1.8
      211,15/01/2019,08:39,B,172.168.1.8
      204,15/01/2019,08:40,B,172.168.1.8
      122,15/01/2019,08:46,B,172.168.1.8
       11,15/01/2019,08:51,B,172.168.1.8
       16,15/01/2019,08:51,B,172.168.1.8
       18,15/01/2019,08:51,B,172.168.1.8
      115,15/01/2019,08:52,B,172.168.1.8
      207,15/01/2019,08:55,B,172.168.1.8
      120,15/01/2019,08:57,B,172.168.1.8
       17,15/01/2019,09:01,B,172.168.1.8
       62,15/01/2019,09:09,B,172.168.1.8
      262,15/01/2019,09:09,B,172.168.1.8
       20,15/01/2019,09:17,B,172.168.1.8
      118,15/01/2019,09:18,B,172.168.1.8
      216,15/01/2019,09:22,B,172.168.1.8
      212,15/01/2019,09:22,B,172.168.1.8
      312,15/01/2019,09:22,B,172.168.1.8
      255,15/01/2019,09:30,B,172.168.1.8
       12,15/01/2019,09:36,B,172.168.1.8
       36,15/01/2019,09:38,B,172.168.1.8
       45,15/01/2019,09:40,B,172.168.1.8
      280,15/01/2019,09:41,B,172.168.1.8
      268,15/01/2019,09:41,B,172.168.1.8
       23,15/01/2019,09:50,B,172.168.1.8
      106,15/01/2019,09:54,B,172.168.1.8
      303,15/01/2019,09:54,B,172.168.1.8
      206,15/01/2019,09:54,B,172.168.1.8
       54,15/01/2019,09:56,B,172.168.1.8
      131,15/01/2019,09:57,B,172.168.1.8
       24,15/01/2019,09:57,B,172.168.1.8
      128,15/01/2019,09:59,B,172.168.1.8
      109,15/01/2019,10:01,B,172.168.1.8
      295,15/01/2019,10:01,B,172.168.1.8
        1,15/01/2019,10:03,B,172.168.1.8
       30,15/01/2019,10:08,B,172.168.1.8
      125,15/01/2019,10:09,B,172.168.1.8
      290,15/01/2019,10:09,B,172.168.1.8
      258,15/01/2019,10:10,B,172.168.1.8
      114,15/01/2019,10:12,B,172.168.1.8
      310,15/01/2019,10:12,B,172.168.1.8
       14,15/01/2019,10:14,B,172.168.1.8
      271,15/01/2019,10:15,B,172.168.1.8
       35,15/01/2019,10:16,B,172.168.1.8
      289,15/01/2019,10:17,B,172.168.1.8
      129,15/01/2019,10:20,B,172.168.1.8
      127,15/01/2019,10:22,B,172.168.1.8
      201,15/01/2019,10:29,B,172.168.1.8
      213,15/01/2019,10:30,B,172.168.1.8
      309,15/01/2019,10:34,B,172.168.1.8
      253,15/01/2019,10:35,B,172.168.1.8
      293,15/01/2019,10:38,B,172.168.1.8
        9,15/01/2019,10:38,B,172.168.1.8
      254,15/01/2019,10:39,B,172.168.1.8
      261,15/01/2019,10:39,B,172.168.1.8
      101,15/01/2019,10:40,B,172.168.1.8
       57,15/01/2019,10:45,B,172.168.1.8
      251,15/01/2019,10:47,B,172.168.1.8
       21,15/01/2019,11:06,B,172.168.1.8
       19,15/01/2019,11:14,B,172.168.1.8
       10,15/01/2019,11:24,B,172.168.1.8
      305,15/01/2019,11:39,B,172.168.1.8
        6,15/01/2019,11:43,B,172.168.1.8
       22,15/01/2019,11:53,B,172.168.1.8
        2,15/01/2019,12:18,B,172.168.1.8
       52,15/01/2019,12:20,B,172.168.1.8
      309,15/01/2019,12:43,B,172.168.1.8
       45,15/01/2019,12:43,B,172.168.1.8
       45,15/01/2019,12:43,B,172.168.1.8
      204,15/01/2019,13:05,B,172.168.1.8
      215,15/01/2019,13:05,B,172.168.1.8
      208,15/01/2019,13:10,B,172.168.1.8
      205,15/01/2019,13:14,B,172.168.1.8
      214,15/01/2019,13:32,B,172.168.1.8
      202,15/01/2019,13:39,B,172.168.1.8
      203,15/01/2019,13:39,B,172.168.1.8
      201,15/01/2019,13:39,B,172.168.1.8
      211,15/01/2019,13:52,B,172.168.1.8
      213,15/01/2019,14:02,B,172.168.1.8
      212,15/01/2019,14:20,B,172.168.1.8
      210,15/01/2019,14:20,B,172.168.1.8
      207,15/01/2019,14:20,B,172.168.1.8
      216,15/01/2019,14:20,B,172.168.1.8
      123,15/01/2019,14:22,B,172.168.1.8
      206,15/01/2019,14:42,B,172.168.1.8
      303,15/01/2019,14:45,B,172.168.1.8
       16,15/01/2019,15:07,B,172.168.1.8
       16,15/01/2019,15:08,B,172.168.1.8
      121,15/01/2019,15:13,B,172.168.1.8
      305,15/01/2019,15:24,B,172.168.1.8
       23,15/01/2019,15:27,B,172.168.1.8
       23,15/01/2019,15:31,B,172.168.1.8
        9,15/01/2019,15:50,B,172.168.1.8
       20,15/01/2019,15:53,B,172.168.1.8
      126,15/01/2019,16:00,B,172.168.1.8
      291,15/01/2019,16:04,B,172.168.1.8
       24,15/01/2019,16:15,B,172.168.1.8
      273,15/01/2019,16:21,B,172.168.1.8
      283,15/01/2019,16:35,B,172.168.1.8
       11,15/01/2019,16:38,B,172.168.1.8
       18,15/01/2019,16:38,B,172.168.1.8
      119,15/01/2019,16:40,B,172.168.1.8
      283,15/01/2019,16:40,B,172.168.1.8
       36,15/01/2019,16:43,B,172.168.1.8
       14,15/01/2019,16:50,B,172.168.1.8
        6,15/01/2019,16:54,B,172.168.1.8
       10,15/01/2019,16:55,B,172.168.1.8
       62,15/01/2019,16:56,B,172.168.1.8
       21,15/01/2019,16:57,B,172.168.1.8
        2,15/01/2019,16:57,B,172.168.1.8
       22,15/01/2019,16:57,B,172.168.1.8
       19,15/01/2019,16:58,B,172.168.1.8
       32,15/01/2019,16:59,B,172.168.1.8
      312,15/01/2019,17:00,B,172.168.1.8
       12,15/01/2019,17:03,B,172.168.1.8
        1,15/01/2019,17:14,B,172.168.1.8
      128,15/01/2019,17:15,B,172.168.1.8
      109,15/01/2019,17:16,B,172.168.1.8
      122,15/01/2019,17:18,B,172.168.1.8
      131,15/01/2019,17:18,B,172.168.1.8
       17,15/01/2019,17:19,B,172.168.1.8
      253,15/01/2019,17:20,B,172.168.1.8
      261,15/01/2019,17:20,B,172.168.1.8
      289,15/01/2019,17:20,B,172.168.1.8
      120,15/01/2019,17:21,B,172.168.1.8
      125,15/01/2019,17:21,B,172.168.1.8
      127,15/01/2019,17:23,B,172.168.1.8
      254,15/01/2019,17:24,B,172.168.1.8
      280,15/01/2019,17:27,B,172.168.1.8
      271,15/01/2019,17:27,B,172.168.1.8
       37,15/01/2019,17:28,B,172.168.1.8
      271,15/01/2019,17:28,B,172.168.1.8
      118,15/01/2019,17:29,B,172.168.1.8
      262,15/01/2019,17:30,B,172.168.1.8
      268,15/01/2019,17:30,B,172.168.1.8
       30,15/01/2019,17:31,B,172.168.1.8
      255,15/01/2019,17:31,B,172.168.1.8
      295,15/01/2019,17:36,B,172.168.1.8
      268,15/01/2019,17:37,B,172.168.1.8
      296,15/01/2019,17:39,B,172.168.1.8
      268,15/01/2019,17:42,B,172.168.1.8
      290,15/01/2019,17:45,B,172.168.1.8
      106,15/01/2019,17:47,B,172.168.1.8
      258,15/01/2019,17:47,B,172.168.1.8
      296,15/01/2019,17:48,B,172.168.1.8
      114,15/01/2019,17:50,B,172.168.1.8
      293,15/01/2019,17:50,B,172.168.1.8
      129,15/01/2019,17:55,B,172.168.1.8
      112,15/01/2019,18:35,B,172.168.1.8
      112,15/01/2019,18:36,B,172.168.1.8
      112,15/01/2019,18:37,B,172.168.1.8
      310,15/01/2019,18:37,B,172.168.1.8
      251,15/01/2019,19:26,B,172.168.1.8
      115,15/01/2019,19:26,B,172.168.1.8
      115,15/01/2019,19:27,B,172.168.1.8
      121,16/01/2019,06:50,B,172.168.1.8
      273,16/01/2019,07:23,B,172.168.1.8
      126,16/01/2019,07:30,B,172.168.1.8
      291,16/01/2019,07:34,B,172.168.1.8
      296,16/01/2019,07:38,B,172.168.1.8
      215,16/01/2019,07:42,B,172.168.1.8
      119,16/01/2019,07:47,B,172.168.1.8
       54,16/01/2019,07:51,B,172.168.1.8
      208,16/01/2019,07:54,B,172.168.1.8
      214,16/01/2019,07:58,B,172.168.1.8
      112,16/01/2019,08:01,B,172.168.1.8
      205,16/01/2019,08:03,B,172.168.1.8
      255,16/01/2019,08:08,B,172.168.1.8
      301,16/01/2019,08:11,B,172.168.1.8
      207,16/01/2019,08:12,B,172.168.1.8
       52,16/01/2019,08:17,B,172.168.1.8
      283,16/01/2019,08:25,B,172.168.1.8
      212,16/01/2019,08:28,B,172.168.1.8
      202,16/01/2019,08:39,B,172.168.1.8
       36,16/01/2019,08:48,B,172.168.1.8
       16,16/01/2019,08:48,B,172.168.1.8
      210,16/01/2019,08:49,B,172.168.1.8
      211,16/01/2019,08:50,B,172.168.1.8
      120,16/01/2019,08:52,B,172.168.1.8
      122,16/01/2019,08:53,B,172.168.1.8
      303,16/01/2019,08:57,B,172.168.1.8
      204,16/01/2019,08:57,B,172.168.1.8
      216,16/01/2019,08:57,B,172.168.1.8
      268,16/01/2019,09:00,B,172.168.1.8
      115,16/01/2019,09:03,B,172.168.1.8
       45,16/01/2019,09:07,B,172.168.1.8
       20,16/01/2019,09:14,B,172.168.1.8
       12,16/01/2019,09:27,B,172.168.1.8
       51,16/01/2019,09:32,B,172.168.1.8
      262,16/01/2019,09:36,B,172.168.1.8
      280,16/01/2019,09:39,B,172.168.1.8
      123,16/01/2019,09:40,B,172.168.1.8
       24,16/01/2019,09:40,B,172.168.1.8
       30,16/01/2019,09:43,B,172.168.1.8
      203,16/01/2019,09:43,B,172.168.1.8
      118,16/01/2019,09:43,B,172.168.1.8
      131,16/01/2019,09:46,B,172.168.1.8
      258,16/01/2019,09:50,B,172.168.1.8
      206,16/01/2019,09:51,B,172.168.1.8
       14,16/01/2019,09:54,B,172.168.1.8
      109,16/01/2019,09:55,B,172.168.1.8
      128,16/01/2019,09:56,B,172.168.1.8
      271,16/01/2019,10:00,B,172.168.1.8
      290,16/01/2019,10:01,B,172.168.1.8
      293,16/01/2019,10:05,B,172.168.1.8
      289,16/01/2019,10:06,B,172.168.1.8
      310,16/01/2019,10:06,B,172.168.1.8
      127,16/01/2019,10:08,B,172.168.1.8
      129,16/01/2019,10:08,B,172.168.1.8
       35,16/01/2019,10:13,B,172.168.1.8
      101,16/01/2019,10:15,B,172.168.1.8
      114,16/01/2019,10:15,B,172.168.1.8
        5,16/01/2019,10:15,B,172.168.1.8
      213,16/01/2019,10:16,B,172.168.1.8
       17,16/01/2019,10:17,B,172.168.1.8
      114,16/01/2019,10:17,B,172.168.1.8
      251,16/01/2019,10:19,B,172.168.1.8
      261,16/01/2019,10:20,B,172.168.1.8
       28,16/01/2019,10:20,B,172.168.1.8
      253,16/01/2019,10:21,B,172.168.1.8
       54,16/01/2019,10:22,B,172.168.1.8
      201,16/01/2019,10:22,B,172.168.1.8
      295,16/01/2019,10:22,B,172.168.1.8
        1,16/01/2019,10:26,B,172.168.1.8
        9,16/01/2019,10:26,B,172.168.1.8
       10,16/01/2019,10:28,B,172.168.1.8
      205,16/01/2019,10:32,B,172.168.1.8
      205,16/01/2019,10:32,B,172.168.1.8
      254,16/01/2019,10:42,B,172.168.1.8
       57,16/01/2019,10:49,B,172.168.1.8
       21,16/01/2019,11:07,B,172.168.1.8
       19,16/01/2019,11:12,B,172.168.1.8
       11,16/01/2019,11:14,B,172.168.1.8
        2,16/01/2019,11:16,B,172.168.1.8
       22,16/01/2019,11:16,B,172.168.1.8
      309,16/01/2019,11:17,B,172.168.1.8
       51,16/01/2019,11:19,B,172.168.1.8
       27,16/01/2019,11:20,B,172.168.1.8
       26,16/01/2019,11:27,B,172.168.1.8
        6,16/01/2019,11:39,B,172.168.1.8
      312,16/01/2019,11:41,B,172.168.1.8
       65,16/01/2019,11:48,B,172.168.1.8
       70,16/01/2019,12:34,B,172.168.1.8
      208,16/01/2019,12:54,B,172.168.1.8
      215,16/01/2019,12:54,B,172.168.1.8
       52,16/01/2019,13:14,B,172.168.1.8
      210,16/01/2019,13:23,B,172.168.1.8
      210,16/01/2019,13:26,B,172.168.1.8
      309,16/01/2019,13:28,B,172.168.1.8
       64,16/01/2019,13:33,B,172.168.1.8
      211,16/01/2019,13:35,B,172.168.1.8
      202,16/01/2019,13:37,B,172.168.1.8
      214,16/01/2019,13:39,B,172.168.1.8
       35,16/01/2019,13:57,B,172.168.1.8
      213,16/01/2019,13:58,B,172.168.1.8
       28,16/01/2019,14:05,B,172.168.1.8
       36,16/01/2019,14:11,B,172.168.1.8
      204,16/01/2019,14:30,B,172.168.1.8
      204,16/01/2019,14:31,B,172.168.1.8
      203,16/01/2019,14:36,B,172.168.1.8
      201,16/01/2019,14:36,B,172.168.1.8
       16,16/01/2019,14:38,B,172.168.1.8
      206,16/01/2019,14:47,B,172.168.1.8
      303,16/01/2019,14:51,B,172.168.1.8
       12,16/01/2019,14:55,B,172.168.1.8
      121,16/01/2019,15:07,B,172.168.1.8
        5,16/01/2019,15:30,B,172.168.1.8
        5,16/01/2019,15:31,B,172.168.1.8
      126,16/01/2019,15:52,B,172.168.1.8
       64,16/01/2019,16:16,B,172.168.1.8
       10,16/01/2019,16:21,B,172.168.1.8
       24,16/01/2019,16:23,B,172.168.1.8
        9,16/01/2019,16:27,B,172.168.1.8
      312,16/01/2019,16:29,B,172.168.1.8
       20,16/01/2019,16:30,B,172.168.1.8
        2,16/01/2019,16:32,B,172.168.1.8
       21,16/01/2019,16:32,B,172.168.1.8
      118,16/01/2019,16:37,B,172.168.1.8
      120,16/01/2019,16:37,B,172.168.1.8
      118,16/01/2019,16:38,B,172.168.1.8
        2,16/01/2019,16:38,B,172.168.1.8
      122,16/01/2019,16:38,B,172.168.1.8
      119,16/01/2019,16:38,B,172.168.1.8
      283,16/01/2019,16:39,B,172.168.1.8
       62,16/01/2019,16:45,B,172.168.1.8
       65,16/01/2019,16:53,B,172.168.1.8
       32,16/01/2019,17:03,B,172.168.1.8
        6,16/01/2019,17:07,B,172.168.1.8
       19,16/01/2019,17:08,B,172.168.1.8
      128,16/01/2019,17:08,B,172.168.1.8
      301,16/01/2019,17:13,B,172.168.1.8
      109,16/01/2019,17:14,B,172.168.1.8
        1,16/01/2019,17:15,B,172.168.1.8
      253,16/01/2019,17:18,B,172.168.1.8
       26,16/01/2019,17:18,B,172.168.1.8
      289,16/01/2019,17:19,B,172.168.1.8
      131,16/01/2019,17:19,B,172.168.1.8
      261,16/01/2019,17:20,B,172.168.1.8
      268,16/01/2019,17:22,B,172.168.1.8
      271,16/01/2019,17:22,B,172.168.1.8
      280,16/01/2019,17:22,B,172.168.1.8
      254,16/01/2019,17:24,B,172.168.1.8
       27,16/01/2019,17:25,B,172.168.1.8
       11,16/01/2019,17:26,B,172.168.1.8
       30,16/01/2019,17:28,B,172.168.1.8
      291,16/01/2019,17:29,B,172.168.1.8
       17,16/01/2019,17:31,B,172.168.1.8
       14,16/01/2019,17:32,B,172.168.1.8
       22,16/01/2019,17:33,B,172.168.1.8
      295,16/01/2019,17:33,B,172.168.1.8
      123,16/01/2019,17:40,B,172.168.1.8
      115,16/01/2019,17:41,B,172.168.1.8
      251,16/01/2019,17:41,B,172.168.1.8
      101,16/01/2019,17:41,B,172.168.1.8
      114,16/01/2019,17:48,B,172.168.1.8
      258,16/01/2019,17:51,B,172.168.1.8
      114,16/01/2019,17:54,B,172.168.1.8
      273,16/01/2019,17:54,B,172.168.1.8
      129,16/01/2019,17:55,B,172.168.1.8
      258,16/01/2019,18:00,B,172.168.1.8
      262,16/01/2019,18:00,B,172.168.1.8
      255,16/01/2019,18:01,B,172.168.1.8
      290,16/01/2019,18:03,B,172.168.1.8
      296,16/01/2019,18:04,B,172.168.1.8
      290,16/01/2019,18:14,B,172.168.1.8
      293,16/01/2019,18:15,B,172.168.1.8
      296,16/01/2019,18:15,B,172.168.1.8
      112,16/01/2019,18:31,B,172.168.1.8
      310,16/01/2019,18:31,B,172.168.1.8
      112,16/01/2019,18:31,B,172.168.1.8
      121,17/01/2019,07:25,B,172.168.1.8
      119,17/01/2019,07:31,B,172.168.1.8
      273,17/01/2019,07:32,B,172.168.1.8
      126,17/01/2019,07:41,B,172.168.1.8
      215,17/01/2019,07:51,B,172.168.1.8
      112,17/01/2019,07:55,B,172.168.1.8
      214,17/01/2019,07:55,B,172.168.1.8
      280,17/01/2019,07:56,B,172.168.1.8
      291,17/01/2019,07:58,B,172.168.1.8
      255,17/01/2019,08:02,B,172.168.1.8
       54,17/01/2019,08:04,B,172.168.1.8
      210,17/01/2019,08:21,B,172.168.1.8
      283,17/01/2019,08:25,B,172.168.1.8
      209,17/01/2019,08:25,B,172.168.1.8
      209,17/01/2019,08:25,B,172.168.1.8
       52,17/01/2019,08:27,B,172.168.1.8
      268,17/01/2019,08:30,B,172.168.1.8
      203,17/01/2019,08:37,B,172.168.1.8
      296,17/01/2019,08:39,B,172.168.1.8
      202,17/01/2019,08:40,B,172.168.1.8
      205,17/01/2019,08:44,B,172.168.1.8
      211,17/01/2019,08:47,B,172.168.1.8
      122,17/01/2019,08:50,B,172.168.1.8
      122,17/01/2019,08:50,B,172.168.1.8
      115,17/01/2019,08:50,B,172.168.1.8
      120,17/01/2019,08:53,B,172.168.1.8
      303,17/01/2019,08:54,B,172.168.1.8
       36,17/01/2019,08:54,B,172.168.1.8
      204,17/01/2019,08:57,B,172.168.1.8
       70,17/01/2019,08:59,B,172.168.1.8
       64,17/01/2019,09:01,B,172.168.1.8
       22,17/01/2019,09:13,B,172.168.1.8
       18,17/01/2019,09:15,B,172.168.1.8
      208,17/01/2019,09:16,B,172.168.1.8
       25,17/01/2019,09:26,B,172.168.1.8
      118,17/01/2019,09:26,B,172.168.1.8
       32,17/01/2019,09:38,B,172.168.1.8
      116,17/01/2019,09:42,B,172.168.1.8
       20,17/01/2019,09:42,B,172.168.1.8
      127,17/01/2019,09:47,B,172.168.1.8
      258,17/01/2019,09:48,B,172.168.1.8
      131,17/01/2019,09:48,B,172.168.1.8
       30,17/01/2019,09:53,B,172.168.1.8
      213,17/01/2019,09:53,B,172.168.1.8
      290,17/01/2019,09:54,B,172.168.1.8
        9,17/01/2019,09:55,B,172.168.1.8
      295,17/01/2019,09:55,B,172.168.1.8
      289,17/01/2019,09:59,B,172.168.1.8
      114,17/01/2019,10:00,B,172.168.1.8
      114,17/01/2019,10:00,B,172.168.1.8
      271,17/01/2019,10:00,B,172.168.1.8
      253,17/01/2019,10:02,B,172.168.1.8
      310,17/01/2019,10:05,B,172.168.1.8
      206,17/01/2019,10:06,B,172.168.1.8
      110,17/01/2019,10:07,B,172.168.1.8
      293,17/01/2019,10:15,B,172.168.1.8
      261,17/01/2019,10:20,B,172.168.1.8
       28,17/01/2019,10:21,B,172.168.1.8
       54,17/01/2019,10:25,B,172.168.1.8
      129,17/01/2019,10:27,B,172.168.1.8
      251,17/01/2019,10:32,B,172.168.1.8
      254,17/01/2019,10:40,B,172.168.1.8
       24,17/01/2019,10:42,B,172.168.1.8
       14,17/01/2019,10:43,B,172.168.1.8
       16,17/01/2019,10:59,B,172.168.1.8
      309,17/01/2019,11:20,B,172.168.1.8
        8,17/01/2019,11:20,B,172.168.1.8
        5,17/01/2019,11:20,B,172.168.1.8
       21,17/01/2019,11:21,B,172.168.1.8
      312,17/01/2019,11:22,B,172.168.1.8
       27,17/01/2019,11:25,B,172.168.1.8
      216,17/01/2019,11:47,B,172.168.1.8
      207,17/01/2019,11:47,B,172.168.1.8
      212,17/01/2019,11:48,B,172.168.1.8
       65,17/01/2019,12:15,B,172.168.1.8
       64,17/01/2019,12:19,B,172.168.1.8
       70,17/01/2019,12:35,B,172.168.1.8
       12,17/01/2019,12:36,B,172.168.1.8
      215,17/01/2019,12:52,B,172.168.1.8
      204,17/01/2019,12:54,B,172.168.1.8
      209,17/01/2019,12:55,B,172.168.1.8
      213,17/01/2019,12:55,B,172.168.1.8
       52,17/01/2019,12:59,B,172.168.1.8
      311,17/01/2019,13:07,B,172.168.1.8
      210,17/01/2019,13:23,B,172.168.1.8
      106,17/01/2019,13:24,B,172.168.1.8
      214,17/01/2019,13:25,B,172.168.1.8
      211,17/01/2019,13:28,B,172.168.1.8
      303,17/01/2019,13:41,B,172.168.1.8
      205,17/01/2019,13:44,B,172.168.1.8
      205,17/01/2019,13:44,B,172.168.1.8
       69,17/01/2019,13:46,B,172.168.1.8
      202,17/01/2019,13:47,B,172.168.1.8
      203,17/01/2019,13:47,B,172.168.1.8
      208,17/01/2019,13:56,B,172.168.1.8
       36,17/01/2019,13:56,B,172.168.1.8
      212,17/01/2019,14:05,B,172.168.1.8
      207,17/01/2019,14:08,B,172.168.1.8
      216,17/01/2019,14:08,B,172.168.1.8
      212,17/01/2019,14:09,B,172.168.1.8
      122,17/01/2019,14:29,B,172.168.1.8
      206,17/01/2019,15:03,B,172.168.1.8
      121,17/01/2019,15:16,B,172.168.1.8
       69,17/01/2019,15:31,B,172.168.1.8
        6,17/01/2019,15:42,B,172.168.1.8
      126,17/01/2019,15:49,B,172.168.1.8
      283,17/01/2019,15:54,B,172.168.1.8
        9,17/01/2019,15:59,B,172.168.1.8
       28,17/01/2019,16:25,B,172.168.1.8
      309,17/01/2019,16:30,B,172.168.1.8
       14,17/01/2019,16:33,B,172.168.1.8
       22,17/01/2019,16:33,B,172.168.1.8
      291,17/01/2019,16:35,B,172.168.1.8
       20,17/01/2019,16:35,B,172.168.1.8
       65,17/01/2019,16:38,B,172.168.1.8
      291,17/01/2019,16:39,B,172.168.1.8
      119,17/01/2019,16:40,B,172.168.1.8
      119,17/01/2019,16:47,B,172.168.1.8
       25,17/01/2019,16:52,B,172.168.1.8
       24,17/01/2019,16:55,B,172.168.1.8
      253,17/01/2019,17:03,B,172.168.1.8
       12,17/01/2019,17:05,B,172.168.1.8
       27,17/01/2019,17:10,B,172.168.1.8
        5,17/01/2019,17:15,B,172.168.1.8
      110,17/01/2019,17:20,B,172.168.1.8
      295,17/01/2019,17:20,B,172.168.1.8
      289,17/01/2019,17:20,B,172.168.1.8
      120,17/01/2019,17:21,B,172.168.1.8
      261,17/01/2019,17:21,B,172.168.1.8
      127,17/01/2019,17:21,B,172.168.1.8
      271,17/01/2019,17:22,B,172.168.1.8
      118,17/01/2019,17:25,B,172.168.1.8
      115,17/01/2019,17:30,B,172.168.1.8
      258,17/01/2019,17:30,B,172.168.1.8
      254,17/01/2019,17:30,B,172.168.1.8
      251,17/01/2019,17:31,B,172.168.1.8
      268,17/01/2019,17:39,B,172.168.1.8
      258,17/01/2019,17:41,B,172.168.1.8
      106,17/01/2019,17:42,B,172.168.1.8
       30,17/01/2019,17:42,B,172.168.1.8
      296,17/01/2019,17:43,B,172.168.1.8
      268,17/01/2019,17:44,B,172.168.1.8
      290,17/01/2019,17:49,B,172.168.1.8
      116,17/01/2019,17:55,B,172.168.1.8
      131,17/01/2019,17:55,B,172.168.1.8
      273,17/01/2019,18:02,B,172.168.1.8
      114,17/01/2019,18:02,B,172.168.1.8
      311,17/01/2019,18:02,B,172.168.1.8
        8,17/01/2019,18:05,B,172.168.1.8
      293,17/01/2019,18:05,B,172.168.1.8
      112,17/01/2019,18:09,B,172.168.1.8
      312,17/01/2019,18:21,B,172.168.1.8
      255,17/01/2019,18:29,B,172.168.1.8
      310,17/01/2019,18:50,B,172.168.1.8
      129,17/01/2019,18:52,B,172.168.1.8
      310,17/01/2019,18:52,B,172.168.1.8
      121,18/01/2019,06:54,B,172.168.1.8
      126,18/01/2019,07:10,B,172.168.1.8
      287,18/01/2019,07:28,B,172.168.1.8
      273,18/01/2019,07:30,B,172.168.1.8
      119,18/01/2019,07:43,B,172.168.1.8
      280,18/01/2019,07:47,B,172.168.1.8
      216,18/01/2019,08:03,B,172.168.1.8
      205,18/01/2019,08:04,B,172.168.1.8
      215,18/01/2019,08:08,B,172.168.1.8
      211,18/01/2019,08:13,B,172.168.1.8
      291,18/01/2019,08:18,B,172.168.1.8
      301,18/01/2019,08:21,B,172.168.1.8
      210,18/01/2019,08:29,B,172.168.1.8
      268,18/01/2019,08:32,B,172.168.1.8
      212,18/01/2019,08:32,B,172.168.1.8
      122,18/01/2019,08:35,B,172.168.1.8
      112,18/01/2019,08:37,B,172.168.1.8
       14,18/01/2019,08:48,B,172.168.1.8
      115,18/01/2019,08:50,B,172.168.1.8
      206,18/01/2019,08:50,B,172.168.1.8
      209,18/01/2019,08:50,B,172.168.1.8
       11,18/01/2019,08:51,B,172.168.1.8
       23,18/01/2019,08:51,B,172.168.1.8
      312,18/01/2019,08:51,B,172.168.1.8
      296,18/01/2019,08:54,B,172.168.1.8
       35,18/01/2019,08:54,B,172.168.1.8
      207,18/01/2019,08:54,B,172.168.1.8
      204,18/01/2019,08:54,B,172.168.1.8
      120,18/01/2019,08:55,B,172.168.1.8
      303,18/01/2019,08:55,B,172.168.1.8
       36,18/01/2019,08:56,B,172.168.1.8
      208,18/01/2019,09:00,B,172.168.1.8
       64,18/01/2019,09:03,B,172.168.1.8
       16,18/01/2019,09:09,B,172.168.1.8
       16,18/01/2019,09:09,B,172.168.1.8
       22,18/01/2019,09:15,B,172.168.1.8
      214,18/01/2019,09:17,B,172.168.1.8
      283,18/01/2019,09:19,B,172.168.1.8
       52,18/01/2019,09:21,B,172.168.1.8
       25,18/01/2019,09:27,B,172.168.1.8
      202,18/01/2019,09:29,B,172.168.1.8
        8,18/01/2019,09:33,B,172.168.1.8
       32,18/01/2019,09:33,B,172.168.1.8
       28,18/01/2019,09:33,B,172.168.1.8
      116,18/01/2019,09:38,B,172.168.1.8
       20,18/01/2019,09:42,B,172.168.1.8
       12,18/01/2019,09:45,B,172.168.1.8
       26,18/01/2019,09:46,B,172.168.1.8
      110,18/01/2019,09:47,B,172.168.1.8
      258,18/01/2019,09:52,B,172.168.1.8
      131,18/01/2019,09:53,B,172.168.1.8
      109,18/01/2019,09:53,B,172.168.1.8
      253,18/01/2019,09:54,B,172.168.1.8
      128,18/01/2019,09:59,B,172.168.1.8
      289,18/01/2019,10:00,B,172.168.1.8
      310,18/01/2019,10:02,B,172.168.1.8
      290,18/01/2019,10:05,B,172.168.1.8
      271,18/01/2019,10:06,B,172.168.1.8
      293,18/01/2019,10:08,B,172.168.1.8
       24,18/01/2019,10:09,B,172.168.1.8
      129,18/01/2019,10:12,B,172.168.1.8
      114,18/01/2019,10:12,B,172.168.1.8
       29,18/01/2019,10:12,B,172.168.1.8
        1,18/01/2019,10:12,B,172.168.1.8
        9,18/01/2019,10:13,B,172.168.1.8
      261,18/01/2019,10:19,B,172.168.1.8
      251,18/01/2019,10:22,B,172.168.1.8
      101,18/01/2019,10:23,B,172.168.1.8
      295,18/01/2019,10:26,B,172.168.1.8
      215,18/01/2019,10:29,B,172.168.1.8
      216,18/01/2019,10:29,B,172.168.1.8
       10,18/01/2019,10:32,B,172.168.1.8
        2,18/01/2019,10:33,B,172.168.1.8
      106,18/01/2019,10:36,B,172.168.1.8
      254,18/01/2019,10:40,B,172.168.1.8
      213,18/01/2019,10:42,B,172.168.1.8
       27,18/01/2019,10:42,B,172.168.1.8
       30,18/01/2019,10:50,B,172.168.1.8
       67,18/01/2019,11:11,B,172.168.1.8
        5,18/01/2019,11:13,B,172.168.1.8
      309,18/01/2019,11:21,B,172.168.1.8
      128,18/01/2019,11:27,B,172.168.1.8
       57,18/01/2019,11:31,B,172.168.1.8
       51,18/01/2019,11:36,B,172.168.1.8
      117,18/01/2019,12:03,B,172.168.1.8
       17,18/01/2019,12:04,B,172.168.1.8
      127,18/01/2019,12:16,B,172.168.1.8
       64,18/01/2019,12:20,B,172.168.1.8
      301,18/01/2019,12:26,B,172.168.1.8
       52,18/01/2019,12:39,B,172.168.1.8
      205,18/01/2019,13:06,B,172.168.1.8
      205,18/01/2019,13:06,B,172.168.1.8
      204,18/01/2019,13:06,B,172.168.1.8
      209,18/01/2019,13:09,B,172.168.1.8
      211,18/01/2019,13:26,B,172.168.1.8
      211,18/01/2019,13:32,B,172.168.1.8
      212,18/01/2019,13:38,B,172.168.1.8
      207,18/01/2019,13:38,B,172.168.1.8
      206,18/01/2019,13:45,B,172.168.1.8
      202,18/01/2019,13:57,B,172.168.1.8
      208,18/01/2019,14:00,B,172.168.1.8
       12,18/01/2019,14:01,B,172.168.1.8
      213,18/01/2019,14:03,B,172.168.1.8
       67,18/01/2019,14:05,B,172.168.1.8
       51,18/01/2019,14:05,B,172.168.1.8
      214,18/01/2019,14:23,B,172.168.1.8
      210,18/01/2019,14:28,B,172.168.1.8
      303,18/01/2019,14:37,B,172.168.1.8
      303,18/01/2019,14:39,B,172.168.1.8
       23,18/01/2019,14:46,B,172.168.1.8
       36,18/01/2019,15:11,B,172.168.1.8
       20,18/01/2019,15:12,B,172.168.1.8
      121,18/01/2019,15:12,B,172.168.1.8
       29,18/01/2019,15:38,B,172.168.1.8
        5,18/01/2019,16:01,B,172.168.1.8
       24,18/01/2019,16:02,B,172.168.1.8
       30,18/01/2019,16:03,B,172.168.1.8
        5,18/01/2019,16:05,B,172.168.1.8
        9,18/01/2019,16:08,B,172.168.1.8
      309,18/01/2019,16:27,B,172.168.1.8
        6,18/01/2019,16:28,B,172.168.1.8
      119,18/01/2019,16:33,B,172.168.1.8
       28,18/01/2019,16:34,B,172.168.1.8
      258,18/01/2019,16:36,B,172.168.1.8
        8,18/01/2019,16:39,B,172.168.1.8
       22,18/01/2019,16:41,B,172.168.1.8
       35,18/01/2019,16:43,B,172.168.1.8
       11,18/01/2019,16:43,B,172.168.1.8
       32,18/01/2019,16:45,B,172.168.1.8
        2,18/01/2019,16:46,B,172.168.1.8
       10,18/01/2019,17:00,B,172.168.1.8
       25,18/01/2019,17:00,B,172.168.1.8
       17,18/01/2019,17:06,B,172.168.1.8
      110,18/01/2019,17:12,B,172.168.1.8
      122,18/01/2019,17:12,B,172.168.1.8
      109,18/01/2019,17:17,B,172.168.1.8
      291,18/01/2019,17:18,B,172.168.1.8
      131,18/01/2019,17:18,B,172.168.1.8
      289,18/01/2019,17:20,B,172.168.1.8
      261,18/01/2019,17:21,B,172.168.1.8
      120,18/01/2019,17:21,B,172.168.1.8
       26,18/01/2019,17:23,B,172.168.1.8
      127,18/01/2019,17:25,B,172.168.1.8
      280,18/01/2019,17:27,B,172.168.1.8
      271,18/01/2019,17:28,B,172.168.1.8
      283,18/01/2019,17:28,B,172.168.1.8
      254,18/01/2019,17:30,B,172.168.1.8
      296,18/01/2019,17:31,B,172.168.1.8
      253,18/01/2019,17:32,B,172.168.1.8
      126,18/01/2019,17:34,B,172.168.1.8
      114,18/01/2019,17:38,B,172.168.1.8
      287,18/01/2019,17:38,B,172.168.1.8
      273,18/01/2019,17:39,B,172.168.1.8
       27,18/01/2019,17:43,B,172.168.1.8
      287,18/01/2019,17:47,B,172.168.1.8
      268,18/01/2019,17:47,B,172.168.1.8
        1,18/01/2019,17:52,B,172.168.1.8
      312,18/01/2019,17:58,B,172.168.1.8
      290,18/01/2019,18:06,B,172.168.1.8
      310,18/01/2019,18:17,B,172.168.1.8
      290,18/01/2019,18:19,B,172.168.1.8
      116,18/01/2019,18:19,B,172.168.1.8
      268,18/01/2019,18:19,B,172.168.1.8
      268,18/01/2019,18:19,B,172.168.1.8
      310,18/01/2019,18:20,B,172.168.1.8
      287,18/01/2019,18:20,B,172.168.1.8
      117,18/01/2019,18:21,B,172.168.1.8
      293,18/01/2019,18:22,B,172.168.1.8
      116,18/01/2019,18:22,B,172.168.1.8
      106,18/01/2019,18:23,B,172.168.1.8
      112,18/01/2019,18:30,B,172.168.1.8
      129,18/01/2019,19:00,B,172.168.1.8
      295,18/01/2019,19:00,B,172.168.1.8
      101,18/01/2019,19:01,B,172.168.1.8
      251,18/01/2019,19:02,B,172.168.1.8
      115,18/01/2019,19:02,B,172.168.1.8
      273,19/01/2019,07:29,B,172.168.1.8
      126,19/01/2019,07:36,B,172.168.1.8
      287,19/01/2019,07:50,B,172.168.1.8
      206,19/01/2019,07:56,B,172.168.1.8
       18,19/01/2019,07:57,B,172.168.1.8
      202,19/01/2019,07:57,B,172.168.1.8
      209,19/01/2019,07:58,B,172.168.1.8
      204,19/01/2019,07:58,B,172.168.1.8
      216,19/01/2019,08:01,B,172.168.1.8
       14,19/01/2019,08:21,B,172.168.1.8
      211,19/01/2019,08:29,B,172.168.1.8
      255,19/01/2019,08:35,B,172.168.1.8
       16,19/01/2019,08:36,B,172.168.1.8
       35,19/01/2019,08:36,B,172.168.1.8
      213,19/01/2019,08:39,B,172.168.1.8
       11,19/01/2019,08:41,B,172.168.1.8
      296,19/01/2019,08:42,B,172.168.1.8
      115,19/01/2019,08:46,B,172.168.1.8
      208,19/01/2019,08:48,B,172.168.1.8
      312,19/01/2019,08:52,B,172.168.1.8
      268,19/01/2019,08:53,B,172.168.1.8
      215,19/01/2019,08:55,B,172.168.1.8
      120,19/01/2019,08:56,B,172.168.1.8
       65,19/01/2019,09:00,B,172.168.1.8
       32,19/01/2019,09:01,B,172.168.1.8
      212,19/01/2019,09:06,B,172.168.1.8
       36,19/01/2019,09:07,B,172.168.1.8
       25,19/01/2019,09:07,B,172.168.1.8
       20,19/01/2019,09:15,B,172.168.1.8
      207,19/01/2019,09:24,B,172.168.1.8
       26,19/01/2019,09:28,B,172.168.1.8
      283,19/01/2019,09:31,B,172.168.1.8
      258,19/01/2019,09:32,B,172.168.1.8
      116,19/01/2019,09:40,B,172.168.1.8
      127,19/01/2019,09:40,B,172.168.1.8
      214,19/01/2019,09:42,B,172.168.1.8
      122,19/01/2019,09:45,B,172.168.1.8
      110,19/01/2019,09:45,B,172.168.1.8
      128,19/01/2019,09:48,B,172.168.1.8
        5,19/01/2019,09:49,B,172.168.1.8
        5,19/01/2019,09:50,B,172.168.1.8
      131,19/01/2019,09:50,B,172.168.1.8
      123,19/01/2019,09:53,B,172.168.1.8
      271,19/01/2019,09:53,B,172.168.1.8
      310,19/01/2019,09:56,B,172.168.1.8
      295,19/01/2019,09:57,B,172.168.1.8
      204,19/01/2019,09:58,B,172.168.1.8
      206,19/01/2019,10:00,B,172.168.1.8
       17,19/01/2019,10:00,B,172.168.1.8
      303,19/01/2019,10:01,B,172.168.1.8
      209,19/01/2019,10:02,B,172.168.1.8
      213,19/01/2019,10:02,B,172.168.1.8
       24,19/01/2019,10:04,B,172.168.1.8
      129,19/01/2019,10:06,B,172.168.1.8
      114,19/01/2019,10:07,B,172.168.1.8
        9,19/01/2019,10:13,B,172.168.1.8
      205,19/01/2019,10:14,B,172.168.1.8
       23,19/01/2019,10:14,B,172.168.1.8
      106,19/01/2019,10:18,B,172.168.1.8
      109,19/01/2019,10:24,B,172.168.1.8
        8,19/01/2019,10:26,B,172.168.1.8
      254,19/01/2019,10:26,B,172.168.1.8
      202,19/01/2019,10:29,B,172.168.1.8
      261,19/01/2019,10:29,B,172.168.1.8
      293,19/01/2019,10:32,B,172.168.1.8
      251,19/01/2019,10:32,B,172.168.1.8
      101,19/01/2019,10:38,B,172.168.1.8
       18,19/01/2019,10:44,B,172.168.1.8
      211,19/01/2019,11:04,B,172.168.1.8
       10,19/01/2019,11:05,B,172.168.1.8
       16,19/01/2019,11:12,B,172.168.1.8
       27,19/01/2019,11:17,B,172.168.1.8
      208,19/01/2019,11:18,B,172.168.1.8
      216,19/01/2019,11:27,B,172.168.1.8
      212,19/01/2019,11:27,B,172.168.1.8
      215,19/01/2019,11:39,B,172.168.1.8
       28,19/01/2019,11:39,B,172.168.1.8
       20,19/01/2019,11:48,B,172.168.1.8
      207,19/01/2019,12:00,B,172.168.1.8
      122,19/01/2019,12:01,B,172.168.1.8
      214,19/01/2019,12:30,B,172.168.1.8
      205,19/01/2019,12:41,B,172.168.1.8
      205,19/01/2019,12:41,B,172.168.1.8
        9,19/01/2019,12:42,B,172.168.1.8
        5,19/01/2019,13:06,B,172.168.1.8
       35,19/01/2019,13:14,B,172.168.1.8
       23,19/01/2019,13:20,B,172.168.1.8
       17,19/01/2019,13:20,B,172.168.1.8
      303,19/01/2019,13:20,B,172.168.1.8
       11,19/01/2019,13:48,B,172.168.1.8
      126,19/01/2019,14:56,B,172.168.1.8
      126,19/01/2019,15:00,B,172.168.1.8
       26,19/01/2019,15:06,B,172.168.1.8
      121,19/01/2019,15:07,B,172.168.1.8
       28,19/01/2019,15:07,B,172.168.1.8
      296,19/01/2019,15:07,B,172.168.1.8
       24,19/01/2019,15:10,B,172.168.1.8
      312,19/01/2019,15:13,B,172.168.1.8
       27,19/01/2019,15:14,B,172.168.1.8
       10,19/01/2019,15:18,B,172.168.1.8
       65,19/01/2019,15:54,B,172.168.1.8
       32,19/01/2019,16:12,B,172.168.1.8
       37,19/01/2019,16:45,B,172.168.1.8
      258,19/01/2019,16:49,B,172.168.1.8
       25,19/01/2019,16:58,B,172.168.1.8
      261,19/01/2019,17:06,B,172.168.1.8
      120,19/01/2019,17:07,B,172.168.1.8
      283,19/01/2019,17:10,B,172.168.1.8
      128,19/01/2019,17:14,B,172.168.1.8
      131,19/01/2019,17:15,B,172.168.1.8
      110,19/01/2019,17:20,B,172.168.1.8
      271,19/01/2019,17:20,B,172.168.1.8
      295,19/01/2019,17:20,B,172.168.1.8
      251,19/01/2019,17:21,B,172.168.1.8
        8,19/01/2019,17:22,B,172.168.1.8
      254,19/01/2019,17:22,B,172.168.1.8
      114,19/01/2019,17:23,B,172.168.1.8
      101,19/01/2019,17:24,B,172.168.1.8
      115,19/01/2019,17:24,B,172.168.1.8
      109,19/01/2019,17:24,B,172.168.1.8
      273,19/01/2019,17:27,B,172.168.1.8
      123,19/01/2019,17:30,B,172.168.1.8
      129,19/01/2019,17:33,B,172.168.1.8
      293,19/01/2019,17:38,B,172.168.1.8
      287,19/01/2019,17:46,B,172.168.1.8
      268,19/01/2019,17:47,B,172.168.1.8
      116,19/01/2019,17:47,B,172.168.1.8
      310,19/01/2019,17:47,B,172.168.1.8
      310,19/01/2019,17:50,B,172.168.1.8
      106,19/01/2019,17:50,B,172.168.1.8
      116,19/01/2019,17:51,B,172.168.1.8
      255,19/01/2019,17:52,B,172.168.1.8
      121,21/01/2019,06:46,B,172.168.1.8
      126,21/01/2019,07:31,B,172.168.1.8
      210,21/01/2019,07:40,B,172.168.1.8
      215,21/01/2019,07:43,B,172.168.1.8
      112,21/01/2019,07:52,B,172.168.1.8
      119,21/01/2019,07:52,B,172.168.1.8
       63,21/01/2019,07:53,B,172.168.1.8
      273,21/01/2019,07:55,B,172.168.1.8
      207,21/01/2019,07:56,B,172.168.1.8
      260,21/01/2019,07:58,B,172.168.1.8
      301,21/01/2019,08:10,B,172.168.1.8
      214,21/01/2019,08:12,B,172.168.1.8
      122,21/01/2019,08:12,B,172.168.1.8
      216,21/01/2019,08:15,B,172.168.1.8
      212,21/01/2019,08:15,B,172.168.1.8
      208,21/01/2019,08:23,B,172.168.1.8
      287,21/01/2019,08:25,B,172.168.1.8
      205,21/01/2019,08:25,B,172.168.1.8
      291,21/01/2019,08:25,B,172.168.1.8
       65,21/01/2019,08:27,B,172.168.1.8
      255,21/01/2019,08:30,B,172.168.1.8
       52,21/01/2019,08:31,B,172.168.1.8
       18,21/01/2019,08:42,B,172.168.1.8
      262,21/01/2019,08:42,B,172.168.1.8
      202,21/01/2019,08:45,B,172.168.1.8
      211,21/01/2019,08:46,B,172.168.1.8
      118,21/01/2019,08:49,B,172.168.1.8
       23,21/01/2019,08:53,B,172.168.1.8
       14,21/01/2019,08:55,B,172.168.1.8
      115,21/01/2019,08:56,B,172.168.1.8
      209,21/01/2019,08:57,B,172.168.1.8
      204,21/01/2019,08:58,B,172.168.1.8
       36,21/01/2019,08:59,B,172.168.1.8
       11,21/01/2019,09:04,B,172.168.1.8
       70,21/01/2019,09:05,B,172.168.1.8
      312,21/01/2019,09:12,B,172.168.1.8
      303,21/01/2019,09:15,B,172.168.1.8
      303,21/01/2019,09:15,B,172.168.1.8
      268,21/01/2019,09:16,B,172.168.1.8
      309,21/01/2019,09:18,B,172.168.1.8
       20,21/01/2019,09:18,B,172.168.1.8
      125,21/01/2019,09:24,B,172.168.1.8
       25,21/01/2019,09:27,B,172.168.1.8
      206,21/01/2019,09:34,B,172.168.1.8
      283,21/01/2019,09:35,B,172.168.1.8
        5,21/01/2019,09:41,B,172.168.1.8
       28,21/01/2019,09:43,B,172.168.1.8
      114,21/01/2019,09:44,B,172.168.1.8
      290,21/01/2019,09:47,B,172.168.1.8
      258,21/01/2019,09:47,B,172.168.1.8
      271,21/01/2019,09:49,B,172.168.1.8
      127,21/01/2019,09:49,B,172.168.1.8
      110,21/01/2019,09:49,B,172.168.1.8
      131,21/01/2019,09:50,B,172.168.1.8
      123,21/01/2019,09:52,B,172.168.1.8
      128,21/01/2019,09:52,B,172.168.1.8
        8,21/01/2019,09:53,B,172.168.1.8
       17,21/01/2019,09:54,B,172.168.1.8
      116,21/01/2019,09:56,B,172.168.1.8
      109,21/01/2019,09:56,B,172.168.1.8
      295,21/01/2019,09:59,B,172.168.1.8
      289,21/01/2019,10:00,B,172.168.1.8
       35,21/01/2019,10:00,B,172.168.1.8
      310,21/01/2019,10:01,B,172.168.1.8
      129,21/01/2019,10:01,B,172.168.1.8
       12,21/01/2019,10:03,B,172.168.1.8
       12,21/01/2019,10:04,B,172.168.1.8
      293,21/01/2019,10:08,B,172.168.1.8
       62,21/01/2019,10:11,B,172.168.1.8
      261,21/01/2019,10:16,B,172.168.1.8
      101,21/01/2019,10:18,B,172.168.1.8
      106,21/01/2019,10:19,B,172.168.1.8
      251,21/01/2019,10:19,B,172.168.1.8
       24,21/01/2019,10:21,B,172.168.1.8
      201,21/01/2019,10:27,B,172.168.1.8
       10,21/01/2019,10:37,B,172.168.1.8
      254,21/01/2019,10:40,B,172.168.1.8
      213,21/01/2019,10:42,B,172.168.1.8
       63,21/01/2019,10:47,B,172.168.1.8
        9,21/01/2019,10:53,B,172.168.1.8
       26,21/01/2019,11:00,B,172.168.1.8
       51,21/01/2019,11:04,B,172.168.1.8
       70,21/01/2019,11:05,B,172.168.1.8
       19,21/01/2019,11:09,B,172.168.1.8
       21,21/01/2019,11:12,B,172.168.1.8
       22,21/01/2019,11:29,B,172.168.1.8
       29,21/01/2019,11:31,B,172.168.1.8
        2,21/01/2019,11:32,B,172.168.1.8
        2,21/01/2019,11:32,B,172.168.1.8
       27,21/01/2019,11:33,B,172.168.1.8
        1,21/01/2019,12:20,B,172.168.1.8
       67,21/01/2019,12:25,B,172.168.1.8
      309,21/01/2019,12:28,B,172.168.1.8
       52,21/01/2019,12:36,B,172.168.1.8
      215,21/01/2019,12:51,B,172.168.1.8
      204,21/01/2019,12:52,B,172.168.1.8
      215,21/01/2019,12:52,B,172.168.1.8
      204,21/01/2019,13:05,B,172.168.1.8
      207,21/01/2019,13:05,B,172.168.1.8
      207,21/01/2019,13:05,B,172.168.1.8
      216,21/01/2019,13:07,B,172.168.1.8
      207,21/01/2019,13:07,B,172.168.1.8
      212,21/01/2019,13:07,B,172.168.1.8
      214,21/01/2019,13:14,B,172.168.1.8
      210,21/01/2019,13:22,B,172.168.1.8
      208,21/01/2019,13:24,B,172.168.1.8
      205,21/01/2019,13:24,B,172.168.1.8
      205,21/01/2019,13:24,B,172.168.1.8
      211,21/01/2019,13:26,B,172.168.1.8
      291,21/01/2019,13:32,B,172.168.1.8
      202,21/01/2019,13:53,B,172.168.1.8
      213,21/01/2019,13:55,B,172.168.1.8
      254,21/01/2019,13:56,B,172.168.1.8
      209,21/01/2019,13:57,B,172.168.1.8
      213,21/01/2019,13:57,B,172.168.1.8
      301,21/01/2019,13:58,B,172.168.1.8
       64,21/01/2019,13:58,B,172.168.1.8
       67,21/01/2019,14:06,B,172.168.1.8
       36,21/01/2019,14:25,B,172.168.1.8
      206,21/01/2019,14:32,B,172.168.1.8
       18,21/01/2019,14:38,B,172.168.1.8
      271,21/01/2019,14:53,B,172.168.1.8
      201,21/01/2019,15:05,B,172.168.1.8
      303,21/01/2019,15:18,B,172.168.1.8
       23,21/01/2019,15:23,B,172.168.1.8
       65,21/01/2019,15:24,B,172.168.1.8
      121,21/01/2019,15:26,B,172.168.1.8
      121,21/01/2019,15:27,B,172.168.1.8
       35,21/01/2019,15:28,B,172.168.1.8
      126,21/01/2019,15:34,B,172.168.1.8
       20,21/01/2019,15:35,B,172.168.1.8
       51,21/01/2019,15:39,B,172.168.1.8
       62,21/01/2019,15:41,B,172.168.1.8
        5,21/01/2019,15:45,B,172.168.1.8
       14,21/01/2019,15:48,B,172.168.1.8
       17,21/01/2019,15:50,B,172.168.1.8
      119,21/01/2019,15:56,B,172.168.1.8
       24,21/01/2019,16:02,B,172.168.1.8
       64,21/01/2019,16:19,B,172.168.1.8
        9,21/01/2019,16:27,B,172.168.1.8
        9,21/01/2019,16:29,B,172.168.1.8
      122,21/01/2019,16:35,B,172.168.1.8
       32,21/01/2019,16:39,B,172.168.1.8
       28,21/01/2019,16:50,B,172.168.1.8
       11,21/01/2019,16:52,B,172.168.1.8
        2,21/01/2019,16:54,B,172.168.1.8
       21,21/01/2019,16:57,B,172.168.1.8
       19,21/01/2019,17:00,B,172.168.1.8
       22,21/01/2019,17:00,B,172.168.1.8
       25,21/01/2019,17:02,B,172.168.1.8
       12,21/01/2019,17:02,B,172.168.1.8
       10,21/01/2019,17:03,B,172.168.1.8
        8,21/01/2019,17:05,B,172.168.1.8
      125,21/01/2019,17:11,B,172.168.1.8
      131,21/01/2019,17:17,B,172.168.1.8
      289,21/01/2019,17:18,B,172.168.1.8
      261,21/01/2019,17:19,B,172.168.1.8
      110,21/01/2019,17:20,B,172.168.1.8
      109,21/01/2019,17:20,B,172.168.1.8
      118,21/01/2019,17:20,B,172.168.1.8
      127,21/01/2019,17:22,B,172.168.1.8
       27,21/01/2019,17:24,B,172.168.1.8
       26,21/01/2019,17:25,B,172.168.1.8
      287,21/01/2019,17:28,B,172.168.1.8
      268,21/01/2019,17:28,B,172.168.1.8
      114,21/01/2019,17:30,B,172.168.1.8
      273,21/01/2019,17:30,B,172.168.1.8
      260,21/01/2019,17:30,B,172.168.1.8
      123,21/01/2019,17:31,B,172.168.1.8
      295,21/01/2019,17:32,B,172.168.1.8
      283,21/01/2019,17:33,B,172.168.1.8
        1,21/01/2019,17:39,B,172.168.1.8
      254,21/01/2019,17:40,B,172.168.1.8
      251,21/01/2019,17:41,B,172.168.1.8
      115,21/01/2019,17:41,B,172.168.1.8
      101,21/01/2019,17:45,B,172.168.1.8
      106,21/01/2019,17:54,B,172.168.1.8
      258,21/01/2019,17:54,B,172.168.1.8
      293,21/01/2019,17:57,B,172.168.1.8
      310,21/01/2019,18:08,B,172.168.1.8
      116,21/01/2019,18:09,B,172.168.1.8
      310,21/01/2019,18:10,B,172.168.1.8
      116,21/01/2019,18:10,B,172.168.1.8
      112,21/01/2019,18:16,B,172.168.1.8
      129,21/01/2019,19:16,B,172.168.1.8
      312,21/01/2019,19:16,B,172.168.1.8
      128,21/01/2019,19:18,B,172.168.1.8
      255,21/01/2019,19:30,B,172.168.1.8
      262,21/01/2019,19:30,B,172.168.1.8
      121,22/01/2019,06:43,B,172.168.1.8
      273,22/01/2019,07:24,B,172.168.1.8
       54,22/01/2019,07:34,B,172.168.1.8
      119,22/01/2019,07:35,B,172.168.1.8
      126,22/01/2019,07:41,B,172.168.1.8
      215,22/01/2019,07:43,B,172.168.1.8
       42,22/01/2019,07:49,B,172.168.1.8
      280,22/01/2019,07:53,B,172.168.1.8
      255,22/01/2019,07:57,B,172.168.1.8
      214,22/01/2019,08:01,B,172.168.1.8
      287,22/01/2019,08:05,B,172.168.1.8
      112,22/01/2019,08:07,B,172.168.1.8
       52,22/01/2019,08:16,B,172.168.1.8
      291,22/01/2019,08:18,B,172.168.1.8
      260,22/01/2019,08:18,B,172.168.1.8
      262,22/01/2019,08:20,B,172.168.1.8
      216,22/01/2019,08:21,B,172.168.1.8
      212,22/01/2019,08:21,B,172.168.1.8
      205,22/01/2019,08:30,B,172.168.1.8
      268,22/01/2019,08:39,B,172.168.1.8
       18,22/01/2019,08:39,B,172.168.1.8
      122,22/01/2019,08:43,B,172.168.1.8
       36,22/01/2019,08:47,B,172.168.1.8
       11,22/01/2019,08:48,B,172.168.1.8
      312,22/01/2019,08:54,B,172.168.1.8
       23,22/01/2019,08:54,B,172.168.1.8
       32,22/01/2019,08:54,B,172.168.1.8
      115,22/01/2019,08:55,B,172.168.1.8
       70,22/01/2019,09:01,B,172.168.1.8
      209,22/01/2019,09:01,B,172.168.1.8
       17,22/01/2019,09:02,B,172.168.1.8
      208,22/01/2019,09:05,B,172.168.1.8
       20,22/01/2019,09:11,B,172.168.1.8
      116,22/01/2019,09:24,B,172.168.1.8
       25,22/01/2019,09:24,B,172.168.1.8
       12,22/01/2019,09:26,B,172.168.1.8
      202,22/01/2019,09:26,B,172.168.1.8
        6,22/01/2019,09:33,B,172.168.1.8
      118,22/01/2019,09:34,B,172.168.1.8
      123,22/01/2019,09:40,B,172.168.1.8
      127,22/01/2019,09:41,B,172.168.1.8
       62,22/01/2019,09:41,B,172.168.1.8
      117,22/01/2019,09:41,B,172.168.1.8
      213,22/01/2019,09:44,B,172.168.1.8
      110,22/01/2019,09:48,B,172.168.1.8
       24,22/01/2019,09:50,B,172.168.1.8
      128,22/01/2019,09:52,B,172.168.1.8
      109,22/01/2019,09:52,B,172.168.1.8
       35,22/01/2019,09:55,B,172.168.1.8
       35,22/01/2019,09:55,B,172.168.1.8
      114,22/01/2019,09:56,B,172.168.1.8
      310,22/01/2019,09:57,B,172.168.1.8
      125,22/01/2019,09:57,B,172.168.1.8
      290,22/01/2019,09:57,B,172.168.1.8
      131,22/01/2019,09:58,B,172.168.1.8
      129,22/01/2019,09:59,B,172.168.1.8
      203,22/01/2019,10:01,B,172.168.1.8
      295,22/01/2019,10:01,B,172.168.1.8
      289,22/01/2019,10:02,B,172.168.1.8
        5,22/01/2019,10:02,B,172.168.1.8
       28,22/01/2019,10:04,B,172.168.1.8
      206,22/01/2019,10:04,B,172.168.1.8
      303,22/01/2019,10:06,B,172.168.1.8
      201,22/01/2019,10:09,B,172.168.1.8
       54,22/01/2019,10:09,B,172.168.1.8
      261,22/01/2019,10:13,B,172.168.1.8
      106,22/01/2019,10:14,B,172.168.1.8
      293,22/01/2019,10:14,B,172.168.1.8
      101,22/01/2019,10:16,B,172.168.1.8
      207,22/01/2019,10:22,B,172.168.1.8
       14,22/01/2019,10:27,B,172.168.1.8
        9,22/01/2019,10:34,B,172.168.1.8
        1,22/01/2019,10:40,B,172.168.1.8
       21,22/01/2019,10:44,B,172.168.1.8
       22,22/01/2019,10:50,B,172.168.1.8
      122,22/01/2019,10:56,B,172.168.1.8
      210,22/01/2019,11:00,B,172.168.1.8
        8,22/01/2019,11:14,B,172.168.1.8
       19,22/01/2019,11:16,B,172.168.1.8
       30,22/01/2019,11:20,B,172.168.1.8
       29,22/01/2019,11:21,B,172.168.1.8
       27,22/01/2019,11:25,B,172.168.1.8
        2,22/01/2019,11:32,B,172.168.1.8
       10,22/01/2019,11:37,B,172.168.1.8
       26,22/01/2019,11:50,B,172.168.1.8
      311,22/01/2019,11:53,B,172.168.1.8
      305,22/01/2019,11:54,B,172.168.1.8
      258,22/01/2019,12:11,B,172.168.1.8
      215,22/01/2019,13:33,B,172.168.1.8
      215,22/01/2019,13:33,B,172.168.1.8
       70,22/01/2019,13:35,B,172.168.1.8
       52,22/01/2019,13:35,B,172.168.1.8
       69,22/01/2019,14:02,B,172.168.1.8
      214,22/01/2019,14:17,B,172.168.1.8
      209,22/01/2019,14:17,B,172.168.1.8
      213,22/01/2019,14:17,B,172.168.1.8
      207,22/01/2019,14:17,B,172.168.1.8
      216,22/01/2019,14:18,B,172.168.1.8
      212,22/01/2019,14:18,B,172.168.1.8
      211,22/01/2019,14:18,B,172.168.1.8
      207,22/01/2019,14:20,B,172.168.1.8
      216,22/01/2019,14:20,B,172.168.1.8
      212,22/01/2019,14:20,B,172.168.1.8
      205,22/01/2019,14:24,B,172.168.1.8
        1,22/01/2019,14:36,B,172.168.1.8
       20,22/01/2019,14:43,B,172.168.1.8
      202,22/01/2019,14:45,B,172.168.1.8
      303,22/01/2019,14:56,B,172.168.1.8
      254,22/01/2019,14:57,B,172.168.1.8
      206,22/01/2019,15:00,B,172.168.1.8
       62,22/01/2019,15:07,B,172.168.1.8
      203,22/01/2019,15:08,B,172.168.1.8
      201,22/01/2019,15:09,B,172.168.1.8
      208,22/01/2019,15:10,B,172.168.1.8
       36,22/01/2019,15:13,B,172.168.1.8
       35,22/01/2019,15:13,B,172.168.1.8
      210,22/01/2019,15:17,B,172.168.1.8
      210,22/01/2019,15:22,B,172.168.1.8
       69,22/01/2019,15:26,B,172.168.1.8
      305,22/01/2019,15:43,B,172.168.1.8
      305,22/01/2019,15:43,B,172.168.1.8
        5,22/01/2019,15:44,B,172.168.1.8
       23,22/01/2019,15:46,B,172.168.1.8
       18,22/01/2019,15:57,B,172.168.1.8
       11,22/01/2019,15:57,B,172.168.1.8
      255,22/01/2019,15:58,B,172.168.1.8
       28,22/01/2019,16:07,B,172.168.1.8
        9,22/01/2019,16:20,B,172.168.1.8
       21,22/01/2019,16:23,B,172.168.1.8
       22,22/01/2019,16:23,B,172.168.1.8
      291,22/01/2019,16:25,B,172.168.1.8
       32,22/01/2019,16:25,B,172.168.1.8
        6,22/01/2019,16:29,B,172.168.1.8
      119,22/01/2019,16:30,B,172.168.1.8
       14,22/01/2019,16:33,B,172.168.1.8
       29,22/01/2019,16:54,B,172.168.1.8
       19,22/01/2019,16:55,B,172.168.1.8
       25,22/01/2019,16:57,B,172.168.1.8
       27,22/01/2019,16:57,B,172.168.1.8
       17,22/01/2019,16:59,B,172.168.1.8
        2,22/01/2019,17:05,B,172.168.1.8
       12,22/01/2019,17:06,B,172.168.1.8
        8,22/01/2019,17:06,B,172.168.1.8
       10,22/01/2019,17:07,B,172.168.1.8
      128,22/01/2019,17:08,B,172.168.1.8
      128,22/01/2019,17:09,B,172.168.1.8
      128,22/01/2019,17:10,B,172.168.1.8
      131,22/01/2019,17:15,B,172.168.1.8
      289,22/01/2019,17:18,B,172.168.1.8
      280,22/01/2019,17:18,B,172.168.1.8
      261,22/01/2019,17:19,B,172.168.1.8
      127,22/01/2019,17:19,B,172.168.1.8
      110,22/01/2019,17:20,B,172.168.1.8
      109,22/01/2019,17:20,B,172.168.1.8
      127,22/01/2019,17:22,B,172.168.1.8
      118,22/01/2019,17:27,B,172.168.1.8
      311,22/01/2019,17:29,B,172.168.1.8
      273,22/01/2019,17:34,B,172.168.1.8
      114,22/01/2019,17:36,B,172.168.1.8
      115,22/01/2019,17:41,B,172.168.1.8
      254,22/01/2019,17:41,B,172.168.1.8
      251,22/01/2019,17:41,B,172.168.1.8
      129,22/01/2019,17:44,B,172.168.1.8
      101,22/01/2019,17:45,B,172.168.1.8
      258,22/01/2019,17:45,B,172.168.1.8
      295,22/01/2019,17:45,B,172.168.1.8
      125,22/01/2019,17:45,B,172.168.1.8
      126,22/01/2019,17:46,B,172.168.1.8
       26,22/01/2019,17:46,B,172.168.1.8
      287,22/01/2019,17:50,B,172.168.1.8
      268,22/01/2019,17:50,B,172.168.1.8
       37,22/01/2019,17:50,B,172.168.1.8
       30,22/01/2019,17:52,B,172.168.1.8
      260,22/01/2019,17:55,B,172.168.1.8
      290,22/01/2019,17:55,B,172.168.1.8
      106,22/01/2019,17:56,B,172.168.1.8
      293,22/01/2019,17:56,B,172.168.1.8
      117,22/01/2019,17:57,B,172.168.1.8
      116,22/01/2019,17:58,B,172.168.1.8
      312,22/01/2019,18:51,B,172.168.1.8
       24,22/01/2019,18:52,B,172.168.1.8
       24,22/01/2019,18:55,B,172.168.1.8
      310,22/01/2019,19:29,B,172.168.1.8
      112,22/01/2019,19:30,B,172.168.1.8
      262,22/01/2019,19:31,B,172.168.1.8
      121,23/01/2019,06:51,B,172.168.1.8
      119,23/01/2019,07:31,B,172.168.1.8
      273,23/01/2019,07:43,B,172.168.1.8
       42,23/01/2019,07:46,B,172.168.1.8
      126,23/01/2019,07:52,B,172.168.1.8
      287,23/01/2019,07:52,B,172.168.1.8
      301,23/01/2019,07:58,B,172.168.1.8
      208,23/01/2019,07:58,B,172.168.1.8
      203,23/01/2019,08:00,B,172.168.1.8
      214,23/01/2019,08:00,B,172.168.1.8
      280,23/01/2019,08:02,B,172.168.1.8
      215,23/01/2019,08:04,B,172.168.1.8
      260,23/01/2019,08:21,B,172.168.1.8
       52,23/01/2019,08:27,B,172.168.1.8
      209,23/01/2019,08:27,B,172.168.1.8
      255,23/01/2019,08:31,B,172.168.1.8
      216,23/01/2019,08:33,B,172.168.1.8
      212,23/01/2019,08:34,B,172.168.1.8
      122,23/01/2019,08:38,B,172.168.1.8
       36,23/01/2019,08:39,B,172.168.1.8
      291,23/01/2019,08:41,B,172.168.1.8
      204,23/01/2019,08:43,B,172.168.1.8
      112,23/01/2019,08:44,B,172.168.1.8
       18,23/01/2019,08:48,B,172.168.1.8
       23,23/01/2019,08:50,B,172.168.1.8
      268,23/01/2019,08:50,B,172.168.1.8
      115,23/01/2019,08:51,B,172.168.1.8
      207,23/01/2019,08:53,B,172.168.1.8
      202,23/01/2019,08:54,B,172.168.1.8
      312,23/01/2019,08:58,B,172.168.1.8
      262,23/01/2019,08:59,B,172.168.1.8
       12,23/01/2019,09:08,B,172.168.1.8
       25,23/01/2019,09:09,B,172.168.1.8
       32,23/01/2019,09:10,B,172.168.1.8
      125,23/01/2019,09:10,B,172.168.1.8
       28,23/01/2019,09:14,B,172.168.1.8
      116,23/01/2019,09:28,B,172.168.1.8
      127,23/01/2019,09:32,B,172.168.1.8
        5,23/01/2019,09:32,B,172.168.1.8
      211,23/01/2019,09:32,B,172.168.1.8
       51,23/01/2019,09:34,B,172.168.1.8
       62,23/01/2019,09:36,B,172.168.1.8
       14,23/01/2019,09:36,B,172.168.1.8
        8,23/01/2019,09:36,B,172.168.1.8
      201,23/01/2019,09:38,B,172.168.1.8
      283,23/01/2019,09:39,B,172.168.1.8
      123,23/01/2019,09:43,B,172.168.1.8
      206,23/01/2019,09:44,B,172.168.1.8
        9,23/01/2019,09:45,B,172.168.1.8
      213,23/01/2019,09:47,B,172.168.1.8
       11,23/01/2019,09:47,B,172.168.1.8
      271,23/01/2019,09:47,B,172.168.1.8
      258,23/01/2019,09:48,B,172.168.1.8
      109,23/01/2019,09:49,B,172.168.1.8
      110,23/01/2019,09:52,B,172.168.1.8
      131,23/01/2019,09:52,B,172.168.1.8
       30,23/01/2019,09:54,B,172.168.1.8
       26,23/01/2019,09:57,B,172.168.1.8
      128,23/01/2019,09:58,B,172.168.1.8
      290,23/01/2019,10:00,B,172.168.1.8
      106,23/01/2019,10:00,B,172.168.1.8
      293,23/01/2019,10:04,B,172.168.1.8
       35,23/01/2019,10:04,B,172.168.1.8
      129,23/01/2019,10:11,B,172.168.1.8
       24,23/01/2019,10:16,B,172.168.1.8
      118,23/01/2019,10:17,B,172.168.1.8
      303,23/01/2019,10:18,B,172.168.1.8
       17,23/01/2019,10:20,B,172.168.1.8
      261,23/01/2019,10:21,B,172.168.1.8
      110,23/01/2019,10:22,B,172.168.1.8
       27,23/01/2019,10:23,B,172.168.1.8
      114,23/01/2019,10:35,B,172.168.1.8
       10,23/01/2019,10:35,B,172.168.1.8
      254,23/01/2019,10:44,B,172.168.1.8
       51,23/01/2019,10:50,B,172.168.1.8
       21,23/01/2019,10:57,B,172.168.1.8
       57,23/01/2019,11:01,B,172.168.1.8
        2,23/01/2019,11:06,B,172.168.1.8
       19,23/01/2019,11:16,B,172.168.1.8
       22,23/01/2019,11:21,B,172.168.1.8
       29,23/01/2019,11:22,B,172.168.1.8
      309,23/01/2019,11:54,B,172.168.1.8
      208,23/01/2019,11:56,B,172.168.1.8
       42,23/01/2019,11:59,B,172.168.1.8
       65,23/01/2019,12:14,B,172.168.1.8
      211,23/01/2019,12:19,B,172.168.1.8
      206,23/01/2019,12:21,B,172.168.1.8
       70,23/01/2019,12:50,B,172.168.1.8
      215,23/01/2019,12:58,B,172.168.1.8
      203,23/01/2019,13:03,B,172.168.1.8
       28,23/01/2019,13:10,B,172.168.1.8
      214,23/01/2019,13:12,B,172.168.1.8
       52,23/01/2019,13:13,B,172.168.1.8
      204,23/01/2019,13:35,B,172.168.1.8
      212,23/01/2019,13:39,B,172.168.1.8
      207,23/01/2019,13:40,B,172.168.1.8
      216,23/01/2019,13:40,B,172.168.1.8
      304,23/01/2019,13:41,B,172.168.1.8
      311,23/01/2019,13:42,B,172.168.1.8
      202,23/01/2019,13:43,B,172.168.1.8
       64,23/01/2019,13:59,B,172.168.1.8
      309,23/01/2019,13:59,B,172.168.1.8
      209,23/01/2019,14:02,B,172.168.1.8
      209,23/01/2019,14:03,B,172.168.1.8
       36,23/01/2019,14:09,B,172.168.1.8
      303,23/01/2019,14:19,B,172.168.1.8
       30,23/01/2019,14:31,B,172.168.1.8
       30,23/01/2019,14:31,B,172.168.1.8
      201,23/01/2019,14:40,B,172.168.1.8
       12,23/01/2019,14:55,B,172.168.1.8
        9,23/01/2019,14:56,B,172.168.1.8
      121,23/01/2019,14:56,B,172.168.1.8
       62,23/01/2019,15:10,B,172.168.1.8
       23,23/01/2019,15:19,B,172.168.1.8
       35,23/01/2019,15:29,B,172.168.1.8
        5,23/01/2019,15:38,B,172.168.1.8
       18,23/01/2019,15:45,B,172.168.1.8
       64,23/01/2019,15:50,B,172.168.1.8
      126,23/01/2019,15:53,B,172.168.1.8
       24,23/01/2019,15:53,B,172.168.1.8
       11,23/01/2019,16:03,B,172.168.1.8
       27,23/01/2019,16:03,B,172.168.1.8
       26,23/01/2019,16:18,B,172.168.1.8
       10,23/01/2019,16:19,B,172.168.1.8
        6,23/01/2019,16:20,B,172.168.1.8
      119,23/01/2019,16:35,B,172.168.1.8
      122,23/01/2019,16:35,B,172.168.1.8
      312,23/01/2019,16:38,B,172.168.1.8
       21,23/01/2019,16:45,B,172.168.1.8
       21,23/01/2019,16:47,B,172.168.1.8
       19,23/01/2019,16:51,B,172.168.1.8
       65,23/01/2019,16:52,B,172.168.1.8
       29,23/01/2019,17:00,B,172.168.1.8
       25,23/01/2019,17:02,B,172.168.1.8
      125,23/01/2019,17:04,B,172.168.1.8
       32,23/01/2019,17:04,B,172.168.1.8
      128,23/01/2019,17:05,B,172.168.1.8
      125,23/01/2019,17:05,B,172.168.1.8
      301,23/01/2019,17:08,B,172.168.1.8
        2,23/01/2019,17:09,B,172.168.1.8
      115,23/01/2019,17:09,B,172.168.1.8
      131,23/01/2019,17:15,B,172.168.1.8
      109,23/01/2019,17:15,B,172.168.1.8
      311,23/01/2019,17:16,B,172.168.1.8
      118,23/01/2019,17:20,B,172.168.1.8
       17,23/01/2019,17:21,B,172.168.1.8
      261,23/01/2019,17:22,B,172.168.1.8
      106,23/01/2019,17:23,B,172.168.1.8
      254,23/01/2019,17:23,B,172.168.1.8
      293,23/01/2019,17:25,B,172.168.1.8
       22,23/01/2019,17:25,B,172.168.1.8
       14,23/01/2019,17:26,B,172.168.1.8
      129,23/01/2019,17:30,B,172.168.1.8
      271,23/01/2019,17:30,B,172.168.1.8
      283,23/01/2019,17:30,B,172.168.1.8
      127,23/01/2019,17:30,B,172.168.1.8
      260,23/01/2019,17:32,B,172.168.1.8
      273,23/01/2019,17:33,B,172.168.1.8
      114,23/01/2019,17:34,B,172.168.1.8
        8,23/01/2019,17:45,B,172.168.1.8
      291,23/01/2019,17:47,B,172.168.1.8
      116,23/01/2019,17:50,B,172.168.1.8
      258,23/01/2019,17:51,B,172.168.1.8
      287,23/01/2019,17:51,B,172.168.1.8
      268,23/01/2019,17:52,B,172.168.1.8
      268,23/01/2019,17:53,B,172.168.1.8
      123,23/01/2019,17:53,B,172.168.1.8
      290,23/01/2019,18:00,B,172.168.1.8
      255,23/01/2019,18:00,B,172.168.1.8
      112,23/01/2019,18:00,B,172.168.1.8
      262,23/01/2019,18:00,B,172.168.1.8
      262,24/01/2019,06:46,B,172.168.1.8
      121,24/01/2019,06:46,B,172.168.1.8
      215,24/01/2019,07:41,B,172.168.1.8
      119,24/01/2019,07:42,B,172.168.1.8
      280,24/01/2019,07:43,B,172.168.1.8
       42,24/01/2019,07:53,B,172.168.1.8
      255,24/01/2019,07:56,B,172.168.1.8
      273,24/01/2019,07:58,B,172.168.1.8
      204,24/01/2019,08:04,B,172.168.1.8
      211,24/01/2019,08:04,B,172.168.1.8
       54,24/01/2019,08:17,B,172.168.1.8
      260,24/01/2019,08:17,B,172.168.1.8
      287,24/01/2019,08:19,B,172.168.1.8
      213,24/01/2019,08:32,B,172.168.1.8
       35,24/01/2019,08:33,B,172.168.1.8
      216,24/01/2019,08:35,B,172.168.1.8
      212,24/01/2019,08:35,B,172.168.1.8
      207,24/01/2019,08:35,B,172.168.1.8
       18,24/01/2019,08:36,B,172.168.1.8
       36,24/01/2019,08:48,B,172.168.1.8
       52,24/01/2019,08:48,B,172.168.1.8
      112,24/01/2019,08:50,B,172.168.1.8
      208,24/01/2019,08:52,B,172.168.1.8
      303,24/01/2019,08:52,B,172.168.1.8
      120,24/01/2019,08:55,B,172.168.1.8
      115,24/01/2019,08:56,B,172.168.1.8
      312,24/01/2019,08:57,B,172.168.1.8
      201,24/01/2019,09:01,B,172.168.1.8
       64,24/01/2019,09:02,B,172.168.1.8
       12,24/01/2019,09:02,B,172.168.1.8
      209,24/01/2019,09:03,B,172.168.1.8
      209,24/01/2019,09:03,B,172.168.1.8
       70,24/01/2019,09:05,B,172.168.1.8
      268,24/01/2019,09:05,B,172.168.1.8
       23,24/01/2019,09:10,B,172.168.1.8
      118,24/01/2019,09:18,B,172.168.1.8
      214,24/01/2019,09:18,B,172.168.1.8
       32,24/01/2019,09:22,B,172.168.1.8
      125,24/01/2019,09:23,B,172.168.1.8
       25,24/01/2019,09:25,B,172.168.1.8
      202,24/01/2019,09:25,B,172.168.1.8
      127,24/01/2019,09:31,B,172.168.1.8
       26,24/01/2019,09:36,B,172.168.1.8
      206,24/01/2019,09:37,B,172.168.1.8
      283,24/01/2019,09:38,B,172.168.1.8
      290,24/01/2019,09:39,B,172.168.1.8
      123,24/01/2019,09:39,B,172.168.1.8
      116,24/01/2019,09:40,B,172.168.1.8
      122,24/01/2019,09:43,B,172.168.1.8
      110,24/01/2019,09:44,B,172.168.1.8
      109,24/01/2019,09:48,B,172.168.1.8
       20,24/01/2019,09:51,B,172.168.1.8
       14,24/01/2019,09:52,B,172.168.1.8
        9,24/01/2019,09:53,B,172.168.1.8
      128,24/01/2019,09:55,B,172.168.1.8
      129,24/01/2019,09:55,B,172.168.1.8
       30,24/01/2019,09:56,B,172.168.1.8
       24,24/01/2019,09:56,B,172.168.1.8
       21,24/01/2019,09:58,B,172.168.1.8
      271,24/01/2019,10:02,B,172.168.1.8
      258,24/01/2019,10:07,B,172.168.1.8
      114,24/01/2019,10:08,B,172.168.1.8
      106,24/01/2019,10:08,B,172.168.1.8
      295,24/01/2019,10:12,B,172.168.1.8
        6,24/01/2019,10:12,B,172.168.1.8
      131,24/01/2019,10:12,B,172.168.1.8
      293,24/01/2019,10:13,B,172.168.1.8
      261,24/01/2019,10:15,B,172.168.1.8
      101,24/01/2019,10:17,B,172.168.1.8
      289,24/01/2019,10:19,B,172.168.1.8
      310,24/01/2019,10:20,B,172.168.1.8
       28,24/01/2019,10:21,B,172.168.1.8
      310,24/01/2019,10:22,B,172.168.1.8
        1,24/01/2019,10:22,B,172.168.1.8
      251,24/01/2019,10:28,B,172.168.1.8
       17,24/01/2019,10:28,B,172.168.1.8
       62,24/01/2019,10:28,B,172.168.1.8
        5,24/01/2019,10:53,B,172.168.1.8
       10,24/01/2019,10:56,B,172.168.1.8
        8,24/01/2019,10:58,B,172.168.1.8
       22,24/01/2019,11:13,B,172.168.1.8
       19,24/01/2019,11:16,B,172.168.1.8
       11,24/01/2019,11:19,B,172.168.1.8
       29,24/01/2019,11:20,B,172.168.1.8
      215,24/01/2019,11:22,B,172.168.1.8
      309,24/01/2019,11:22,B,172.168.1.8
       27,24/01/2019,11:25,B,172.168.1.8
        2,24/01/2019,11:30,B,172.168.1.8
      205,24/01/2019,11:57,B,172.168.1.8
      305,24/01/2019,12:00,B,172.168.1.8
       65,24/01/2019,12:21,B,172.168.1.8
       64,24/01/2019,12:22,B,172.168.1.8
       70,24/01/2019,12:35,B,172.168.1.8
      254,24/01/2019,12:45,B,172.168.1.8
       52,24/01/2019,13:01,B,172.168.1.8
      204,24/01/2019,13:09,B,172.168.1.8
      213,24/01/2019,13:10,B,172.168.1.8
       42,24/01/2019,13:12,B,172.168.1.8
      211,24/01/2019,13:18,B,172.168.1.8
      211,24/01/2019,13:19,B,172.168.1.8
      304,24/01/2019,13:21,B,172.168.1.8
      205,24/01/2019,13:26,B,172.168.1.8
      212,24/01/2019,13:36,B,172.168.1.8
      207,24/01/2019,13:36,B,172.168.1.8
      216,24/01/2019,13:36,B,172.168.1.8
      208,24/01/2019,13:54,B,172.168.1.8
      311,24/01/2019,14:01,B,172.168.1.8
      201,24/01/2019,14:02,B,172.168.1.8
       35,24/01/2019,14:05,B,172.168.1.8
      202,24/01/2019,14:06,B,172.168.1.8
       36,24/01/2019,14:09,B,172.168.1.8
       69,24/01/2019,14:15,B,172.168.1.8
      209,24/01/2019,14:20,B,172.168.1.8
      209,24/01/2019,14:21,B,172.168.1.8
      214,24/01/2019,14:34,B,172.168.1.8
      206,24/01/2019,14:37,B,172.168.1.8
      121,24/01/2019,15:22,B,172.168.1.8
       69,24/01/2019,15:27,B,172.168.1.8
      305,24/01/2019,15:48,B,172.168.1.8
      303,24/01/2019,15:51,B,172.168.1.8
      303,24/01/2019,15:52,B,172.168.1.8
       18,24/01/2019,15:58,B,172.168.1.8
       62,24/01/2019,16:04,B,172.168.1.8
      309,24/01/2019,16:26,B,172.168.1.8
      262,24/01/2019,16:30,B,172.168.1.8
       23,24/01/2019,16:33,B,172.168.1.8
       21,24/01/2019,16:44,B,172.168.1.8
       14,24/01/2019,16:46,B,172.168.1.8
      119,24/01/2019,16:47,B,172.168.1.8
       28,24/01/2019,16:47,B,172.168.1.8
       22,24/01/2019,16:48,B,172.168.1.8
       20,24/01/2019,16:50,B,172.168.1.8
       32,24/01/2019,16:50,B,172.168.1.8
        6,24/01/2019,16:54,B,172.168.1.8
       10,24/01/2019,16:54,B,172.168.1.8
        9,24/01/2019,16:55,B,172.168.1.8
       19,24/01/2019,16:57,B,172.168.1.8
       25,24/01/2019,16:59,B,172.168.1.8
       65,24/01/2019,17:02,B,172.168.1.8
      110,24/01/2019,17:15,B,172.168.1.8
      128,24/01/2019,17:15,B,172.168.1.8
      109,24/01/2019,17:15,B,172.168.1.8
       27,24/01/2019,17:16,B,172.168.1.8
       11,24/01/2019,17:16,B,172.168.1.8
      131,24/01/2019,17:17,B,172.168.1.8
      289,24/01/2019,17:17,B,172.168.1.8
       27,24/01/2019,17:17,B,172.168.1.8
      122,24/01/2019,17:18,B,172.168.1.8
      127,24/01/2019,17:18,B,172.168.1.8
      261,24/01/2019,17:18,B,172.168.1.8
      271,24/01/2019,17:20,B,172.168.1.8
      120,24/01/2019,17:20,B,172.168.1.8
      280,24/01/2019,17:20,B,172.168.1.8
      118,24/01/2019,17:20,B,172.168.1.8
        5,24/01/2019,17:27,B,172.168.1.8
       29,24/01/2019,17:29,B,172.168.1.8
      254,24/01/2019,17:29,B,172.168.1.8
      312,24/01/2019,17:29,B,172.168.1.8
      260,24/01/2019,17:30,B,172.168.1.8
      283,24/01/2019,17:30,B,172.168.1.8
      273,24/01/2019,17:30,B,172.168.1.8
       17,24/01/2019,17:31,B,172.168.1.8
       26,24/01/2019,17:33,B,172.168.1.8
        2,24/01/2019,17:33,B,172.168.1.8
      125,24/01/2019,17:35,B,172.168.1.8
      295,24/01/2019,17:38,B,172.168.1.8
       12,24/01/2019,17:38,B,172.168.1.8
      287,24/01/2019,17:42,B,172.168.1.8
      268,24/01/2019,17:43,B,172.168.1.8
        8,24/01/2019,17:43,B,172.168.1.8
      311,24/01/2019,17:43,B,172.168.1.8
       24,24/01/2019,17:48,B,172.168.1.8
        1,24/01/2019,17:48,B,172.168.1.8
       30,24/01/2019,17:51,B,172.168.1.8
      290,24/01/2019,17:57,B,172.168.1.8
      123,24/01/2019,18:01,B,172.168.1.8
      258,24/01/2019,18:02,B,172.168.1.8
      116,24/01/2019,18:02,B,172.168.1.8
      290,24/01/2019,18:07,B,172.168.1.8
      106,24/01/2019,18:09,B,172.168.1.8
      112,24/01/2019,18:09,B,172.168.1.8
      293,24/01/2019,18:10,B,172.168.1.8
      115,24/01/2019,18:51,B,172.168.1.8
      129,24/01/2019,18:52,B,172.168.1.8
      310,24/01/2019,18:52,B,172.168.1.8
      251,24/01/2019,18:52,B,172.168.1.8
      101,24/01/2019,18:52,B,172.168.1.8
      255,24/01/2019,18:53,B,172.168.1.8
      121,25/01/2019,06:47,B,172.168.1.8
      273,25/01/2019,07:31,B,172.168.1.8
      119,25/01/2019,07:40,B,172.168.1.8
      215,25/01/2019,07:49,B,172.168.1.8
      287,25/01/2019,07:55,B,172.168.1.8
      214,25/01/2019,07:56,B,172.168.1.8
      255,25/01/2019,08:01,B,172.168.1.8
      122,25/01/2019,08:12,B,172.168.1.8
      280,25/01/2019,08:12,B,172.168.1.8
       26,25/01/2019,08:20,B,172.168.1.8
       26,25/01/2019,08:22,B,172.168.1.8
      291,25/01/2019,08:23,B,172.168.1.8
      210,25/01/2019,08:26,B,172.168.1.8
      301,25/01/2019,08:28,B,172.168.1.8
      260,25/01/2019,08:29,B,172.168.1.8
      260,25/01/2019,08:29,B,172.168.1.8
      202,25/01/2019,08:30,B,172.168.1.8
      216,25/01/2019,08:32,B,172.168.1.8
      212,25/01/2019,08:32,B,172.168.1.8
      112,25/01/2019,08:33,B,172.168.1.8
       42,25/01/2019,08:38,B,172.168.1.8
      268,25/01/2019,08:48,B,172.168.1.8
      303,25/01/2019,08:48,B,172.168.1.8
      115,25/01/2019,08:50,B,172.168.1.8
      211,25/01/2019,08:51,B,172.168.1.8
      207,25/01/2019,08:52,B,172.168.1.8
       14,25/01/2019,08:53,B,172.168.1.8
      120,25/01/2019,08:54,B,172.168.1.8
       23,25/01/2019,08:56,B,172.168.1.8
      209,25/01/2019,08:56,B,172.168.1.8
      209,25/01/2019,08:56,B,172.168.1.8
      118,25/01/2019,08:56,B,172.168.1.8
       17,25/01/2019,08:59,B,172.168.1.8
       64,25/01/2019,09:00,B,172.168.1.8
      208,25/01/2019,09:01,B,172.168.1.8
      262,25/01/2019,09:02,B,172.168.1.8
       62,25/01/2019,09:03,B,172.168.1.8
       10,25/01/2019,09:07,B,172.168.1.8
       25,25/01/2019,09:07,B,172.168.1.8
       24,25/01/2019,09:09,B,172.168.1.8
       24,25/01/2019,09:10,B,172.168.1.8
      204,25/01/2019,09:10,B,172.168.1.8
       52,25/01/2019,09:12,B,172.168.1.8
       11,25/01/2019,09:15,B,172.168.1.8
       20,25/01/2019,09:29,B,172.168.1.8
       12,25/01/2019,09:33,B,172.168.1.8
       32,25/01/2019,09:36,B,172.168.1.8
      127,25/01/2019,09:38,B,172.168.1.8
      123,25/01/2019,09:41,B,172.168.1.8
      201,25/01/2019,09:43,B,172.168.1.8
      116,25/01/2019,09:44,B,172.168.1.8
      125,25/01/2019,09:44,B,172.168.1.8
      109,25/01/2019,09:46,B,172.168.1.8
      213,25/01/2019,09:48,B,172.168.1.8
      310,25/01/2019,09:49,B,172.168.1.8
      206,25/01/2019,09:51,B,172.168.1.8
      128,25/01/2019,09:54,B,172.168.1.8
      289,25/01/2019,09:55,B,172.168.1.8
      290,25/01/2019,09:55,B,172.168.1.8
      131,25/01/2019,09:56,B,172.168.1.8
      293,25/01/2019,10:01,B,172.168.1.8
      106,25/01/2019,10:03,B,172.168.1.8
      271,25/01/2019,10:07,B,172.168.1.8
      258,25/01/2019,10:07,B,172.168.1.8
      129,25/01/2019,10:07,B,172.168.1.8
      114,25/01/2019,10:09,B,172.168.1.8
      295,25/01/2019,10:10,B,172.168.1.8
      261,25/01/2019,10:13,B,172.168.1.8
        5,25/01/2019,10:16,B,172.168.1.8
       18,25/01/2019,10:17,B,172.168.1.8
      101,25/01/2019,10:23,B,172.168.1.8
       28,25/01/2019,10:24,B,172.168.1.8
        1,25/01/2019,10:26,B,172.168.1.8
       30,25/01/2019,10:27,B,172.168.1.8
      254,25/01/2019,10:32,B,172.168.1.8
      251,25/01/2019,10:33,B,172.168.1.8
       29,25/01/2019,10:36,B,172.168.1.8
       21,25/01/2019,10:38,B,172.168.1.8
        8,25/01/2019,10:42,B,172.168.1.8
       67,25/01/2019,10:42,B,172.168.1.8
       36,25/01/2019,10:45,B,172.168.1.8
       57,25/01/2019,10:57,B,172.168.1.8
       22,25/01/2019,10:57,B,172.168.1.8
       51,25/01/2019,11:04,B,172.168.1.8
        2,25/01/2019,11:05,B,172.168.1.8
        9,25/01/2019,11:07,B,172.168.1.8
       19,25/01/2019,11:16,B,172.168.1.8
       27,25/01/2019,11:16,B,172.168.1.8
      312,25/01/2019,11:30,B,172.168.1.8
      305,25/01/2019,11:57,B,172.168.1.8
       42,25/01/2019,12:03,B,172.168.1.8
       64,25/01/2019,12:16,B,172.168.1.8
      301,25/01/2019,12:19,B,172.168.1.8
      122,25/01/2019,12:22,B,172.168.1.8
       52,25/01/2019,12:31,B,172.168.1.8
      209,25/01/2019,12:35,B,172.168.1.8
      128,25/01/2019,12:59,B,172.168.1.8
      215,25/01/2019,13:03,B,172.168.1.8
      214,25/01/2019,13:17,B,172.168.1.8
       10,25/01/2019,13:31,B,172.168.1.8
      212,25/01/2019,13:37,B,172.168.1.8
      202,25/01/2019,13:37,B,172.168.1.8
      212,25/01/2019,13:43,B,172.168.1.8
      216,25/01/2019,13:44,B,172.168.1.8
      207,25/01/2019,13:44,B,172.168.1.8
      213,25/01/2019,13:46,B,172.168.1.8
      204,25/01/2019,13:47,B,172.168.1.8
      211,25/01/2019,13:53,B,172.168.1.8
      210,25/01/2019,13:56,B,172.168.1.8
      208,25/01/2019,14:06,B,172.168.1.8
      201,25/01/2019,14:44,B,172.168.1.8
      206,25/01/2019,14:45,B,172.168.1.8
      303,25/01/2019,14:46,B,172.168.1.8
       11,25/01/2019,14:48,B,172.168.1.8
       67,25/01/2019,14:49,B,172.168.1.8
       51,25/01/2019,14:49,B,172.168.1.8
       27,25/01/2019,14:50,B,172.168.1.8
      121,25/01/2019,15:08,B,172.168.1.8
       23,25/01/2019,15:16,B,172.168.1.8
        6,25/01/2019,15:29,B,172.168.1.8
      305,25/01/2019,15:31,B,172.168.1.8
       36,25/01/2019,15:55,B,172.168.1.8
       21,25/01/2019,15:59,B,172.168.1.8
       30,25/01/2019,16:00,B,172.168.1.8
       29,25/01/2019,16:01,B,172.168.1.8
       30,25/01/2019,16:02,B,172.168.1.8
      129,25/01/2019,16:05,B,172.168.1.8
       24,25/01/2019,16:11,B,172.168.1.8
       24,25/01/2019,16:11,B,172.168.1.8
      119,25/01/2019,16:41,B,172.168.1.8
       26,25/01/2019,16:41,B,172.168.1.8
       19,25/01/2019,16:46,B,172.168.1.8
       19,25/01/2019,16:47,B,172.168.1.8
      291,25/01/2019,16:52,B,172.168.1.8
       62,25/01/2019,16:59,B,172.168.1.8
        9,25/01/2019,17:00,B,172.168.1.8
       14,25/01/2019,17:00,B,172.168.1.8
       28,25/01/2019,17:01,B,172.168.1.8
        8,25/01/2019,17:02,B,172.168.1.8
      254,25/01/2019,17:03,B,172.168.1.8
       25,25/01/2019,17:05,B,172.168.1.8
       20,25/01/2019,17:06,B,172.168.1.8
       22,25/01/2019,17:07,B,172.168.1.8
       32,25/01/2019,17:09,B,172.168.1.8
      295,25/01/2019,17:10,B,172.168.1.8
       18,25/01/2019,17:10,B,172.168.1.8
      109,25/01/2019,17:15,B,172.168.1.8
      131,25/01/2019,17:15,B,172.168.1.8
      251,25/01/2019,17:16,B,172.168.1.8
      251,25/01/2019,17:16,B,172.168.1.8
       32,25/01/2019,17:16,B,172.168.1.8
        2,25/01/2019,17:16,B,172.168.1.8
       12,25/01/2019,17:17,B,172.168.1.8
      115,25/01/2019,17:17,B,172.168.1.8
      251,25/01/2019,17:17,B,172.168.1.8
      289,25/01/2019,17:19,B,172.168.1.8
      261,25/01/2019,17:19,B,172.168.1.8
      120,25/01/2019,17:20,B,172.168.1.8
      118,25/01/2019,17:20,B,172.168.1.8
       17,25/01/2019,17:21,B,172.168.1.8
      271,25/01/2019,17:23,B,172.168.1.8
      271,25/01/2019,17:24,B,172.168.1.8
      271,25/01/2019,17:25,B,172.168.1.8
      280,25/01/2019,17:25,B,172.168.1.8
      101,25/01/2019,17:26,B,172.168.1.8
      125,25/01/2019,17:26,B,172.168.1.8
      101,25/01/2019,17:27,B,172.168.1.8
      273,25/01/2019,17:30,B,172.168.1.8
      268,25/01/2019,17:30,B,172.168.1.8
      287,25/01/2019,17:30,B,172.168.1.8
        1,25/01/2019,17:32,B,172.168.1.8
      312,25/01/2019,17:34,B,172.168.1.8
      114,25/01/2019,17:38,B,172.168.1.8
      258,25/01/2019,17:40,B,172.168.1.8
      287,25/01/2019,17:40,B,172.168.1.8
      262,25/01/2019,17:40,B,172.168.1.8
      268,25/01/2019,17:42,B,172.168.1.8
      287,25/01/2019,17:43,B,172.168.1.8
      262,25/01/2019,17:45,B,172.168.1.8
      106,25/01/2019,17:45,B,172.168.1.8
      258,25/01/2019,17:45,B,172.168.1.8
      255,25/01/2019,17:46,B,172.168.1.8
      112,25/01/2019,17:46,B,172.168.1.8
      293,25/01/2019,17:47,B,172.168.1.8
      112,25/01/2019,17:47,B,172.168.1.8
      290,25/01/2019,17:49,B,172.168.1.8
      116,25/01/2019,18:06,B,172.168.1.8
      260,25/01/2019,18:06,B,172.168.1.8
      310,25/01/2019,18:06,B,172.168.1.8
      121,26/01/2019,08:51,B,172.168.1.8
      287,26/01/2019,08:52,B,172.168.1.8
      268,26/01/2019,10:04,B,172.168.1.8
      112,26/01/2019,11:29,B,172.168.1.8
      121,26/01/2019,15:23,B,172.168.1.8
      121,26/01/2019,15:28,B,172.168.1.8
      287,26/01/2019,17:31,B,172.168.1.8
      268,26/01/2019,17:31,B,172.168.1.8
      112,26/01/2019,17:33,B,172.168.1.8
      112,26/01/2019,17:33,B,172.168.1.8
      121,28/01/2019,06:52,B,172.168.1.8
      273,28/01/2019,07:32,B,172.168.1.8
      119,28/01/2019,07:33,B,172.168.1.8
      210,28/01/2019,07:48,B,172.168.1.8
      215,28/01/2019,07:55,B,172.168.1.8
      301,28/01/2019,08:00,B,172.168.1.8
      255,28/01/2019,08:00,B,172.168.1.8
      214,28/01/2019,08:00,B,172.168.1.8
       63,28/01/2019,08:04,B,172.168.1.8
      126,28/01/2019,08:05,B,172.168.1.8
      287,28/01/2019,08:08,B,172.168.1.8
      260,28/01/2019,08:11,B,172.168.1.8
      280,28/01/2019,08:12,B,172.168.1.8
      112,28/01/2019,08:15,B,172.168.1.8
      206,28/01/2019,08:21,B,172.168.1.8
       52,28/01/2019,08:21,B,172.168.1.8
      202,28/01/2019,08:25,B,172.168.1.8
       65,28/01/2019,08:30,B,172.168.1.8
      296,28/01/2019,08:34,B,172.168.1.8
      216,28/01/2019,08:38,B,172.168.1.8
       18,28/01/2019,08:40,B,172.168.1.8
      211,28/01/2019,08:40,B,172.168.1.8
      211,28/01/2019,08:41,B,172.168.1.8
       14,28/01/2019,08:42,B,172.168.1.8
      212,28/01/2019,08:42,B,172.168.1.8
      122,28/01/2019,08:45,B,172.168.1.8
       26,28/01/2019,08:46,B,172.168.1.8
       32,28/01/2019,08:48,B,172.168.1.8
      120,28/01/2019,08:52,B,172.168.1.8
      303,28/01/2019,08:54,B,172.168.1.8
      268,28/01/2019,08:56,B,172.168.1.8
      204,28/01/2019,08:58,B,172.168.1.8
      115,28/01/2019,08:59,B,172.168.1.8
       23,28/01/2019,08:59,B,172.168.1.8
      203,28/01/2019,09:02,B,172.168.1.8
      312,28/01/2019,09:03,B,172.168.1.8
       20,28/01/2019,09:14,B,172.168.1.8
      207,28/01/2019,09:15,B,172.168.1.8
      291,28/01/2019,09:17,B,172.168.1.8
      118,28/01/2019,09:23,B,172.168.1.8
      127,28/01/2019,09:23,B,172.168.1.8
       28,28/01/2019,09:25,B,172.168.1.8
      209,28/01/2019,09:25,B,172.168.1.8
       25,28/01/2019,09:25,B,172.168.1.8
      209,28/01/2019,09:26,B,172.168.1.8
      117,28/01/2019,09:31,B,172.168.1.8
      283,28/01/2019,09:37,B,172.168.1.8
        5,28/01/2019,09:37,B,172.168.1.8
      123,28/01/2019,09:38,B,172.168.1.8
       36,28/01/2019,09:40,B,172.168.1.8
      110,28/01/2019,09:43,B,172.168.1.8
      213,28/01/2019,09:43,B,172.168.1.8
      128,28/01/2019,09:48,B,172.168.1.8
      289,28/01/2019,09:49,B,172.168.1.8
      131,28/01/2019,09:49,B,172.168.1.8
      290,28/01/2019,09:51,B,172.168.1.8
      310,28/01/2019,09:51,B,172.168.1.8
      262,28/01/2019,09:52,B,172.168.1.8
       35,28/01/2019,09:53,B,172.168.1.8
      109,28/01/2019,09:55,B,172.168.1.8
      116,28/01/2019,09:55,B,172.168.1.8
      295,28/01/2019,10:01,B,172.168.1.8
      258,28/01/2019,10:02,B,172.168.1.8
        8,28/01/2019,10:02,B,172.168.1.8
       24,28/01/2019,10:04,B,172.168.1.8
      271,28/01/2019,10:06,B,172.168.1.8
       12,28/01/2019,10:10,B,172.168.1.8
      261,28/01/2019,10:19,B,172.168.1.8
      114,28/01/2019,10:22,B,172.168.1.8
       62,28/01/2019,10:23,B,172.168.1.8
        6,28/01/2019,10:24,B,172.168.1.8
      101,28/01/2019,10:24,B,172.168.1.8
      309,28/01/2019,10:32,B,172.168.1.8
      106,28/01/2019,10:33,B,172.168.1.8
       51,28/01/2019,10:35,B,172.168.1.8
       21,28/01/2019,10:38,B,172.168.1.8
       63,28/01/2019,10:41,B,172.168.1.8
       21,28/01/2019,10:42,B,172.168.1.8
       22,28/01/2019,10:59,B,172.168.1.8
      251,28/01/2019,11:03,B,172.168.1.8
       19,28/01/2019,11:12,B,172.168.1.8
        2,28/01/2019,11:19,B,172.168.1.8
       11,28/01/2019,11:20,B,172.168.1.8
        9,28/01/2019,11:27,B,172.168.1.8
       29,28/01/2019,11:47,B,172.168.1.8
       52,28/01/2019,11:48,B,172.168.1.8
       67,28/01/2019,12:53,B,172.168.1.8
      293,28/01/2019,12:54,B,172.168.1.8
      283,28/01/2019,13:15,B,172.168.1.8
      206,28/01/2019,13:20,B,172.168.1.8
      215,28/01/2019,13:27,B,172.168.1.8
      214,28/01/2019,13:27,B,172.168.1.8
      202,28/01/2019,13:29,B,172.168.1.8
      211,28/01/2019,13:44,B,172.168.1.8
        1,28/01/2019,13:45,B,172.168.1.8
       65,28/01/2019,13:47,B,172.168.1.8
      204,28/01/2019,13:47,B,172.168.1.8
      209,28/01/2019,13:50,B,172.168.1.8
      213,28/01/2019,13:51,B,172.168.1.8
      204,28/01/2019,13:51,B,172.168.1.8
      301,28/01/2019,13:51,B,172.168.1.8
       64,28/01/2019,13:58,B,172.168.1.8
      203,28/01/2019,13:59,B,172.168.1.8
      122,28/01/2019,14:03,B,172.168.1.8
       28,28/01/2019,14:25,B,172.168.1.8
       67,28/01/2019,14:26,B,172.168.1.8
      210,28/01/2019,14:27,B,172.168.1.8
      210,28/01/2019,14:27,B,172.168.1.8
      309,28/01/2019,14:54,B,172.168.1.8
       23,28/01/2019,15:04,B,172.168.1.8
       35,28/01/2019,15:05,B,172.168.1.8
      121,28/01/2019,15:17,B,172.168.1.8
       51,28/01/2019,15:17,B,172.168.1.8
       36,28/01/2019,15:28,B,172.168.1.8
      126,28/01/2019,15:31,B,172.168.1.8
      119,28/01/2019,15:39,B,172.168.1.8
       20,28/01/2019,15:46,B,172.168.1.8
       64,28/01/2019,15:50,B,172.168.1.8
       26,28/01/2019,16:00,B,172.168.1.8
        5,28/01/2019,16:13,B,172.168.1.8
       22,28/01/2019,16:14,B,172.168.1.8
       21,28/01/2019,16:14,B,172.168.1.8
       24,28/01/2019,16:20,B,172.168.1.8
      291,28/01/2019,16:21,B,172.168.1.8
       24,28/01/2019,16:21,B,172.168.1.8
       14,28/01/2019,16:35,B,172.168.1.8
        6,28/01/2019,16:37,B,172.168.1.8
      303,28/01/2019,16:45,B,172.168.1.8
       62,28/01/2019,16:45,B,172.168.1.8
       19,28/01/2019,16:49,B,172.168.1.8
       12,28/01/2019,16:53,B,172.168.1.8
        2,28/01/2019,16:53,B,172.168.1.8
        9,28/01/2019,16:57,B,172.168.1.8
      312,28/01/2019,16:59,B,172.168.1.8
       25,28/01/2019,17:02,B,172.168.1.8
       11,28/01/2019,17:05,B,172.168.1.8
      128,28/01/2019,17:06,B,172.168.1.8
      101,28/01/2019,17:12,B,172.168.1.8
      110,28/01/2019,17:15,B,172.168.1.8
      109,28/01/2019,17:15,B,172.168.1.8
      131,28/01/2019,17:15,B,172.168.1.8
      295,28/01/2019,17:15,B,172.168.1.8
      127,28/01/2019,17:15,B,172.168.1.8
      280,28/01/2019,17:16,B,172.168.1.8
      280,28/01/2019,17:17,B,172.168.1.8
      271,28/01/2019,17:17,B,172.168.1.8
      271,28/01/2019,17:18,B,172.168.1.8
      271,28/01/2019,17:18,B,172.168.1.8
      289,28/01/2019,17:20,B,172.168.1.8
      261,28/01/2019,17:21,B,172.168.1.8
      120,28/01/2019,17:21,B,172.168.1.8
      118,28/01/2019,17:21,B,172.168.1.8
      260,28/01/2019,17:31,B,172.168.1.8
      123,28/01/2019,17:33,B,172.168.1.8
      287,28/01/2019,17:33,B,172.168.1.8
      296,28/01/2019,17:33,B,172.168.1.8
      273,28/01/2019,17:34,B,172.168.1.8
      114,28/01/2019,17:34,B,172.168.1.8
      268,28/01/2019,17:35,B,172.168.1.8
      251,28/01/2019,17:36,B,172.168.1.8
      115,28/01/2019,17:36,B,172.168.1.8
       32,28/01/2019,17:38,B,172.168.1.8
        1,28/01/2019,17:47,B,172.168.1.8
        8,28/01/2019,17:59,B,172.168.1.8
      258,28/01/2019,18:01,B,172.168.1.8
      258,28/01/2019,18:04,B,172.168.1.8
      310,28/01/2019,18:04,B,172.168.1.8
      293,28/01/2019,18:05,B,172.168.1.8
      290,28/01/2019,18:08,B,172.168.1.8
      112,28/01/2019,18:08,B,172.168.1.8
      106,28/01/2019,18:08,B,172.168.1.8
      112,28/01/2019,18:09,B,172.168.1.8
      290,28/01/2019,18:09,B,172.168.1.8
      112,28/01/2019,18:09,B,172.168.1.8
      293,28/01/2019,18:10,B,172.168.1.8
      262,28/01/2019,18:41,B,172.168.1.8
      116,28/01/2019,18:43,B,172.168.1.8
      255,28/01/2019,18:45,B,172.168.1.8
      262,28/01/2019,18:45,B,172.168.1.8
      121,29/01/2019,06:40,B,172.168.1.8
      119,29/01/2019,07:37,B,172.168.1.8
      273,29/01/2019,07:50,B,172.168.1.8
       54,29/01/2019,07:54,B,172.168.1.8
      291,29/01/2019,08:07,B,172.168.1.8
      287,29/01/2019,08:07,B,172.168.1.8
      280,29/01/2019,08:10,B,172.168.1.8
      260,29/01/2019,08:10,B,172.168.1.8
      112,29/01/2019,08:26,B,172.168.1.8
       52,29/01/2019,08:27,B,172.168.1.8
      215,29/01/2019,08:31,B,172.168.1.8
      212,29/01/2019,08:38,B,172.168.1.8
      296,29/01/2019,08:39,B,172.168.1.8
       18,29/01/2019,08:40,B,172.168.1.8
      211,29/01/2019,08:44,B,172.168.1.8
       37,29/01/2019,08:48,B,172.168.1.8
      312,29/01/2019,08:49,B,172.168.1.8
      115,29/01/2019,08:50,B,172.168.1.8
       11,29/01/2019,08:50,B,172.168.1.8
      214,29/01/2019,08:53,B,172.168.1.8
       35,29/01/2019,08:53,B,172.168.1.8
       17,29/01/2019,08:56,B,172.168.1.8
      120,29/01/2019,08:56,B,172.168.1.8
       32,29/01/2019,08:57,B,172.168.1.8
      255,29/01/2019,08:59,B,172.168.1.8
       36,29/01/2019,09:04,B,172.168.1.8
      207,29/01/2019,09:06,B,172.168.1.8
      216,29/01/2019,09:06,B,172.168.1.8
      268,29/01/2019,09:08,B,172.168.1.8
       25,29/01/2019,09:10,B,172.168.1.8
       20,29/01/2019,09:17,B,172.168.1.8
      116,29/01/2019,09:23,B,172.168.1.8
       12,29/01/2019,09:24,B,172.168.1.8
      122,29/01/2019,09:26,B,172.168.1.8
      262,29/01/2019,09:26,B,172.168.1.8
      118,29/01/2019,09:32,B,172.168.1.8
      127,29/01/2019,09:33,B,172.168.1.8
       62,29/01/2019,09:35,B,172.168.1.8
      283,29/01/2019,09:36,B,172.168.1.8
      123,29/01/2019,09:42,B,172.168.1.8
      110,29/01/2019,09:45,B,172.168.1.8
       23,29/01/2019,09:54,B,172.168.1.8
       23,29/01/2019,09:55,B,172.168.1.8
      101,29/01/2019,09:56,B,172.168.1.8
      271,29/01/2019,09:58,B,172.168.1.8
      129,29/01/2019,09:58,B,172.168.1.8
      131,29/01/2019,09:59,B,172.168.1.8
      128,29/01/2019,09:59,B,172.168.1.8
      258,29/01/2019,09:59,B,172.168.1.8
      303,29/01/2019,10:00,B,172.168.1.8
      293,29/01/2019,10:00,B,172.168.1.8
      126,29/01/2019,10:00,B,172.168.1.8
      109,29/01/2019,10:01,B,172.168.1.8
      114,29/01/2019,10:01,B,172.168.1.8
      310,29/01/2019,10:08,B,172.168.1.8
       24,29/01/2019,10:10,B,172.168.1.8
        8,29/01/2019,10:14,B,172.168.1.8
       14,29/01/2019,10:15,B,172.168.1.8
      295,29/01/2019,10:15,B,172.168.1.8
      206,29/01/2019,10:20,B,172.168.1.8
       28,29/01/2019,10:25,B,172.168.1.8
      261,29/01/2019,10:25,B,172.168.1.8
      251,29/01/2019,10:27,B,172.168.1.8
      201,29/01/2019,10:28,B,172.168.1.8
       54,29/01/2019,10:30,B,172.168.1.8
       27,29/01/2019,10:39,B,172.168.1.8
      254,29/01/2019,10:40,B,172.168.1.8
        1,29/01/2019,10:45,B,172.168.1.8
      202,29/01/2019,10:48,B,172.168.1.8
       57,29/01/2019,10:52,B,172.168.1.8
      210,29/01/2019,10:53,B,172.168.1.8
       21,29/01/2019,10:56,B,172.168.1.8
      203,29/01/2019,10:59,B,172.168.1.8
        2,29/01/2019,11:02,B,172.168.1.8
       22,29/01/2019,11:05,B,172.168.1.8
        9,29/01/2019,11:07,B,172.168.1.8
      209,29/01/2019,11:10,B,172.168.1.8
      209,29/01/2019,11:11,B,172.168.1.8
      204,29/01/2019,11:11,B,172.168.1.8
       26,29/01/2019,11:15,B,172.168.1.8
      213,29/01/2019,11:16,B,172.168.1.8
      311,29/01/2019,11:36,B,172.168.1.8
      305,29/01/2019,11:51,B,172.168.1.8
       10,29/01/2019,12:18,B,172.168.1.8
      291,29/01/2019,12:26,B,172.168.1.8
       52,29/01/2019,12:51,B,172.168.1.8
      215,29/01/2019,13:09,B,172.168.1.8
      304,29/01/2019,13:23,B,172.168.1.8
        9,29/01/2019,13:39,B,172.168.1.8
      211,29/01/2019,13:45,B,172.168.1.8
      101,29/01/2019,13:55,B,172.168.1.8
       69,29/01/2019,14:03,B,172.168.1.8
      212,29/01/2019,14:06,B,172.168.1.8
      207,29/01/2019,14:08,B,172.168.1.8
      216,29/01/2019,14:08,B,172.168.1.8
      214,29/01/2019,14:14,B,172.168.1.8
       35,29/01/2019,14:16,B,172.168.1.8
      121,29/01/2019,15:17,B,172.168.1.8
      210,29/01/2019,15:23,B,172.168.1.8
      210,29/01/2019,15:24,B,172.168.1.8
       69,29/01/2019,15:26,B,172.168.1.8
      202,29/01/2019,15:39,B,172.168.1.8
      203,29/01/2019,15:42,B,172.168.1.8
      201,29/01/2019,15:43,B,172.168.1.8
       36,29/01/2019,15:44,B,172.168.1.8
      206,29/01/2019,15:44,B,172.168.1.8
      303,29/01/2019,15:44,B,172.168.1.8
       62,29/01/2019,15:46,B,172.168.1.8
       20,29/01/2019,15:46,B,172.168.1.8
      204,29/01/2019,15:47,B,172.168.1.8
      213,29/01/2019,15:50,B,172.168.1.8
      209,29/01/2019,15:50,B,172.168.1.8
       23,29/01/2019,15:52,B,172.168.1.8
      305,29/01/2019,15:54,B,172.168.1.8
       24,29/01/2019,15:59,B,172.168.1.8
        8,29/01/2019,16:33,B,172.168.1.8
       21,29/01/2019,16:34,B,172.168.1.8
       22,29/01/2019,16:34,B,172.168.1.8
      119,29/01/2019,16:39,B,172.168.1.8
       11,29/01/2019,16:41,B,172.168.1.8
       26,29/01/2019,16:44,B,172.168.1.8
       32,29/01/2019,16:45,B,172.168.1.8
      126,29/01/2019,16:46,B,172.168.1.8
       27,29/01/2019,16:47,B,172.168.1.8
       14,29/01/2019,16:53,B,172.168.1.8
       12,29/01/2019,16:57,B,172.168.1.8
        2,29/01/2019,16:57,B,172.168.1.8
       25,29/01/2019,17:00,B,172.168.1.8
       29,29/01/2019,17:02,B,172.168.1.8
       29,29/01/2019,17:02,B,172.168.1.8
       28,29/01/2019,17:04,B,172.168.1.8
       18,29/01/2019,17:07,B,172.168.1.8
       17,29/01/2019,17:07,B,172.168.1.8
      128,29/01/2019,17:15,B,172.168.1.8
      110,29/01/2019,17:16,B,172.168.1.8
      295,29/01/2019,17:16,B,172.168.1.8
      109,29/01/2019,17:17,B,172.168.1.8
      127,29/01/2019,17:17,B,172.168.1.8
      312,29/01/2019,17:18,B,172.168.1.8
        1,29/01/2019,17:19,B,172.168.1.8
      261,29/01/2019,17:20,B,172.168.1.8
      120,29/01/2019,17:20,B,172.168.1.8
      311,29/01/2019,17:20,B,172.168.1.8
      131,29/01/2019,17:21,B,172.168.1.8
      122,29/01/2019,17:22,B,172.168.1.8
      251,29/01/2019,17:22,B,172.168.1.8
      254,29/01/2019,17:23,B,172.168.1.8
      115,29/01/2019,17:23,B,172.168.1.8
      271,29/01/2019,17:23,B,172.168.1.8
      271,29/01/2019,17:24,B,172.168.1.8
      280,29/01/2019,17:24,B,172.168.1.8
      273,29/01/2019,17:25,B,172.168.1.8
       10,29/01/2019,17:28,B,172.168.1.8
      129,29/01/2019,17:30,B,172.168.1.8
      106,29/01/2019,17:30,B,172.168.1.8
      296,29/01/2019,17:30,B,172.168.1.8
      118,29/01/2019,17:32,B,172.168.1.8
        6,29/01/2019,17:34,B,172.168.1.8
      268,29/01/2019,17:38,B,172.168.1.8
      283,29/01/2019,17:39,B,172.168.1.8
      287,29/01/2019,17:39,B,172.168.1.8
      258,29/01/2019,17:39,B,172.168.1.8
       37,29/01/2019,17:40,B,172.168.1.8
      260,29/01/2019,17:40,B,172.168.1.8
      123,29/01/2019,17:41,B,172.168.1.8
      114,29/01/2019,17:47,B,172.168.1.8
      310,29/01/2019,18:00,B,172.168.1.8
      293,29/01/2019,18:00,B,172.168.1.8
      112,29/01/2019,18:00,B,172.168.1.8
      112,29/01/2019,18:00,B,172.168.1.8
      262,29/01/2019,18:55,B,172.168.1.8
      116,29/01/2019,18:55,B,172.168.1.8
      255,29/01/2019,18:57,B,172.168.1.8
      121,30/01/2019,06:42,B,172.168.1.8
      262,30/01/2019,07:06,B,172.168.1.8
      126,30/01/2019,07:31,B,172.168.1.8
      119,30/01/2019,07:33,B,172.168.1.8
      273,30/01/2019,07:33,B,172.168.1.8
       42,30/01/2019,07:41,B,172.168.1.8
      260,30/01/2019,07:55,B,172.168.1.8
      214,30/01/2019,07:58,B,172.168.1.8
      215,30/01/2019,08:00,B,172.168.1.8
      280,30/01/2019,08:12,B,172.168.1.8
      287,30/01/2019,08:13,B,172.168.1.8
      211,30/01/2019,08:14,B,172.168.1.8
      209,30/01/2019,08:15,B,172.168.1.8
      206,30/01/2019,08:24,B,172.168.1.8
       52,30/01/2019,08:26,B,172.168.1.8
      203,30/01/2019,08:30,B,172.168.1.8
      212,30/01/2019,08:30,B,172.168.1.8
      296,30/01/2019,08:38,B,172.168.1.8
       18,30/01/2019,08:40,B,172.168.1.8
      115,30/01/2019,08:48,B,172.168.1.8
       36,30/01/2019,08:49,B,172.168.1.8
      207,30/01/2019,08:50,B,172.168.1.8
       11,30/01/2019,08:51,B,172.168.1.8
      301,30/01/2019,08:53,B,172.168.1.8
       23,30/01/2019,08:53,B,172.168.1.8
      125,30/01/2019,08:54,B,172.168.1.8
      204,30/01/2019,08:55,B,172.168.1.8
      291,30/01/2019,08:55,B,172.168.1.8
      268,30/01/2019,08:56,B,172.168.1.8
      120,30/01/2019,08:56,B,172.168.1.8
      312,30/01/2019,09:01,B,172.168.1.8
       32,30/01/2019,09:08,B,172.168.1.8
      303,30/01/2019,09:12,B,172.168.1.8
      112,30/01/2019,09:17,B,172.168.1.8
       12,30/01/2019,09:19,B,172.168.1.8
      116,30/01/2019,09:29,B,172.168.1.8
      283,30/01/2019,09:36,B,172.168.1.8
      202,30/01/2019,09:37,B,172.168.1.8
       20,30/01/2019,09:38,B,172.168.1.8
      213,30/01/2019,09:45,B,172.168.1.8
        5,30/01/2019,09:46,B,172.168.1.8
       24,30/01/2019,09:50,B,172.168.1.8
      123,30/01/2019,09:51,B,172.168.1.8
      310,30/01/2019,09:54,B,172.168.1.8
      271,30/01/2019,09:57,B,172.168.1.8
        9,30/01/2019,09:59,B,172.168.1.8
      293,30/01/2019,09:59,B,172.168.1.8
      290,30/01/2019,10:00,B,172.168.1.8
      109,30/01/2019,10:01,B,172.168.1.8
       14,30/01/2019,10:02,B,172.168.1.8
       17,30/01/2019,10:04,B,172.168.1.8
       62,30/01/2019,10:05,B,172.168.1.8
      201,30/01/2019,10:06,B,172.168.1.8
      129,30/01/2019,10:09,B,172.168.1.8
      261,30/01/2019,10:11,B,172.168.1.8
      114,30/01/2019,10:22,B,172.168.1.8
        1,30/01/2019,10:26,B,172.168.1.8
      251,30/01/2019,10:34,B,172.168.1.8
      206,30/01/2019,10:35,B,172.168.1.8
       35,30/01/2019,10:35,B,172.168.1.8
      254,30/01/2019,10:40,B,172.168.1.8
       10,30/01/2019,10:47,B,172.168.1.8
       28,30/01/2019,10:48,B,172.168.1.8
      203,30/01/2019,10:51,B,172.168.1.8
      214,30/01/2019,10:51,B,172.168.1.8
       21,30/01/2019,10:54,B,172.168.1.8
      210,30/01/2019,10:58,B,172.168.1.8
       27,30/01/2019,11:11,B,172.168.1.8
       26,30/01/2019,11:14,B,172.168.1.8
       22,30/01/2019,11:15,B,172.168.1.8
       19,30/01/2019,11:21,B,172.168.1.8
        2,30/01/2019,11:25,B,172.168.1.8
       57,30/01/2019,11:27,B,172.168.1.8
       29,30/01/2019,11:29,B,172.168.1.8
        6,30/01/2019,11:30,B,172.168.1.8
        8,30/01/2019,11:40,B,172.168.1.8
       65,30/01/2019,11:44,B,172.168.1.8
       42,30/01/2019,11:49,B,172.168.1.8
      309,30/01/2019,12:14,B,172.168.1.8
      122,30/01/2019,12:39,B,172.168.1.8
      215,30/01/2019,12:54,B,172.168.1.8
      211,30/01/2019,13:23,B,172.168.1.8
      209,30/01/2019,13:26,B,172.168.1.8
      211,30/01/2019,13:28,B,172.168.1.8
      311,30/01/2019,13:58,B,172.168.1.8
       64,30/01/2019,13:59,B,172.168.1.8
      212,30/01/2019,14:00,B,172.168.1.8
      207,30/01/2019,14:00,B,172.168.1.8
       36,30/01/2019,14:04,B,172.168.1.8
      309,30/01/2019,14:05,B,172.168.1.8
      213,30/01/2019,14:29,B,172.168.1.8
      202,30/01/2019,14:42,B,172.168.1.8
      210,30/01/2019,14:52,B,172.168.1.8
      121,30/01/2019,15:05,B,172.168.1.8
      210,30/01/2019,15:07,B,172.168.1.8
       20,30/01/2019,15:12,B,172.168.1.8
      291,30/01/2019,15:20,B,172.168.1.8
      204,30/01/2019,15:22,B,172.168.1.8
      201,30/01/2019,15:29,B,172.168.1.8
       23,30/01/2019,15:36,B,172.168.1.8
       64,30/01/2019,15:44,B,172.168.1.8
      126,30/01/2019,15:45,B,172.168.1.8
      126,30/01/2019,16:03,B,172.168.1.8
      126,30/01/2019,16:04,B,172.168.1.8
       35,30/01/2019,16:12,B,172.168.1.8
        9,30/01/2019,16:20,B,172.168.1.8
        5,30/01/2019,16:24,B,172.168.1.8
      119,30/01/2019,16:33,B,172.168.1.8
      311,30/01/2019,16:34,B,172.168.1.8
       26,30/01/2019,16:38,B,172.168.1.8
       21,30/01/2019,16:41,B,172.168.1.8
       65,30/01/2019,16:50,B,172.168.1.8
       11,30/01/2019,16:53,B,172.168.1.8
       18,30/01/2019,16:53,B,172.168.1.8
       19,30/01/2019,16:54,B,172.168.1.8
       62,30/01/2019,16:57,B,172.168.1.8
      303,30/01/2019,16:57,B,172.168.1.8
       28,30/01/2019,16:58,B,172.168.1.8
       29,30/01/2019,17:00,B,172.168.1.8
       27,30/01/2019,17:05,B,172.168.1.8
      301,30/01/2019,17:10,B,172.168.1.8
       12,30/01/2019,17:19,B,172.168.1.8
       10,30/01/2019,17:19,B,172.168.1.8
       14,30/01/2019,17:20,B,172.168.1.8
       22,30/01/2019,17:20,B,172.168.1.8
      125,30/01/2019,17:20,B,172.168.1.8
      271,30/01/2019,17:20,B,172.168.1.8
      280,30/01/2019,17:20,B,172.168.1.8
        2,30/01/2019,17:22,B,172.168.1.8
       32,30/01/2019,17:23,B,172.168.1.8
      261,30/01/2019,17:23,B,172.168.1.8
      120,30/01/2019,17:23,B,172.168.1.8
      122,30/01/2019,17:24,B,172.168.1.8
        8,30/01/2019,17:29,B,172.168.1.8
      254,30/01/2019,17:30,B,172.168.1.8
      115,30/01/2019,17:30,B,172.168.1.8
      251,30/01/2019,17:30,B,172.168.1.8
      273,30/01/2019,17:30,B,172.168.1.8
      260,30/01/2019,17:30,B,172.168.1.8
       17,30/01/2019,17:32,B,172.168.1.8
      114,30/01/2019,17:38,B,172.168.1.8
      268,30/01/2019,17:43,B,172.168.1.8
      287,30/01/2019,17:43,B,172.168.1.8
      296,30/01/2019,17:45,B,172.168.1.8
        6,30/01/2019,17:46,B,172.168.1.8
      109,30/01/2019,17:57,B,172.168.1.8
      283,30/01/2019,17:58,B,172.168.1.8
      293,30/01/2019,17:59,B,172.168.1.8
      293,30/01/2019,18:00,B,172.168.1.8
      123,30/01/2019,18:06,B,172.168.1.8
      290,30/01/2019,18:08,B,172.168.1.8
      112,30/01/2019,18:15,B,172.168.1.8
        1,30/01/2019,18:18,B,172.168.1.8
      129,30/01/2019,18:20,B,172.168.1.8
      262,30/01/2019,19:03,B,172.168.1.8
      310,30/01/2019,19:03,B,172.168.1.8
      310,30/01/2019,19:06,B,172.168.1.8
      116,30/01/2019,19:07,B,172.168.1.8
      121,31/01/2019,06:42,B,172.168.1.8
      126,31/01/2019,07:36,B,172.168.1.8
      273,31/01/2019,07:43,B,172.168.1.8
      215,31/01/2019,07:49,B,172.168.1.8
      287,31/01/2019,07:53,B,172.168.1.8
      112,31/01/2019,07:53,B,172.168.1.8
       42,31/01/2019,08:03,B,172.168.1.8
       42,31/01/2019,08:03,B,172.168.1.8
      255,31/01/2019,08:03,B,172.168.1.8
      119,31/01/2019,08:12,B,172.168.1.8
      260,31/01/2019,08:15,B,172.168.1.8
      210,31/01/2019,08:15,B,172.168.1.8
      280,31/01/2019,08:20,B,172.168.1.8
       54,31/01/2019,08:25,B,172.168.1.8
      216,31/01/2019,08:26,B,172.168.1.8
      212,31/01/2019,08:27,B,172.168.1.8
       52,31/01/2019,08:34,B,172.168.1.8
      204,31/01/2019,08:35,B,172.168.1.8
       36,31/01/2019,08:47,B,172.168.1.8
      303,31/01/2019,08:49,B,172.168.1.8
      125,31/01/2019,08:51,B,172.168.1.8
      120,31/01/2019,08:53,B,172.168.1.8
       18,31/01/2019,08:54,B,172.168.1.8
      296,31/01/2019,08:55,B,172.168.1.8
      211,31/01/2019,08:56,B,172.168.1.8
      115,31/01/2019,08:56,B,172.168.1.8
      312,31/01/2019,08:58,B,172.168.1.8
       64,31/01/2019,09:01,B,172.168.1.8
      209,31/01/2019,09:03,B,172.168.1.8
       32,31/01/2019,09:03,B,172.168.1.8
      268,31/01/2019,09:03,B,172.168.1.8
       25,31/01/2019,09:12,B,172.168.1.8
      203,31/01/2019,09:15,B,172.168.1.8
      127,31/01/2019,09:20,B,172.168.1.8
      118,31/01/2019,09:22,B,172.168.1.8
      122,31/01/2019,09:22,B,172.168.1.8
      202,31/01/2019,09:22,B,172.168.1.8
       20,31/01/2019,09:33,B,172.168.1.8
      262,31/01/2019,09:33,B,172.168.1.8
      201,31/01/2019,09:35,B,172.168.1.8
       12,31/01/2019,09:36,B,172.168.1.8
      116,31/01/2019,09:42,B,172.168.1.8
      110,31/01/2019,09:45,B,172.168.1.8
       28,31/01/2019,09:48,B,172.168.1.8
      206,31/01/2019,09:50,B,172.168.1.8
      123,31/01/2019,09:51,B,172.168.1.8
      207,31/01/2019,09:51,B,172.168.1.8
       23,31/01/2019,09:51,B,172.168.1.8
      290,31/01/2019,09:51,B,172.168.1.8
      214,31/01/2019,10:00,B,172.168.1.8
       14,31/01/2019,10:00,B,172.168.1.8
      310,31/01/2019,10:02,B,172.168.1.8
      271,31/01/2019,10:05,B,172.168.1.8
       35,31/01/2019,10:06,B,172.168.1.8
       35,31/01/2019,10:06,B,172.168.1.8
      295,31/01/2019,10:08,B,172.168.1.8
       10,31/01/2019,10:08,B,172.168.1.8
       24,31/01/2019,10:11,B,172.168.1.8
       54,31/01/2019,10:19,B,172.168.1.8
      261,31/01/2019,10:21,B,172.168.1.8
      101,31/01/2019,10:26,B,172.168.1.8
        1,31/01/2019,10:31,B,172.168.1.8
      109,31/01/2019,10:33,B,172.168.1.8
      251,31/01/2019,10:36,B,172.168.1.8
        5,31/01/2019,10:38,B,172.168.1.8
        5,31/01/2019,10:39,B,172.168.1.8
        6,31/01/2019,10:39,B,172.168.1.8
      254,31/01/2019,10:40,B,172.168.1.8
      114,31/01/2019,10:43,B,172.168.1.8
      213,31/01/2019,10:55,B,172.168.1.8
       27,31/01/2019,10:56,B,172.168.1.8
       22,31/01/2019,11:02,B,172.168.1.8
       62,31/01/2019,11:02,B,172.168.1.8
        8,31/01/2019,11:04,B,172.168.1.8
        9,31/01/2019,11:06,B,172.168.1.8
        2,31/01/2019,11:10,B,172.168.1.8
       19,31/01/2019,11:17,B,172.168.1.8
       26,31/01/2019,11:18,B,172.168.1.8
       29,31/01/2019,11:19,B,172.168.1.8
      258,31/01/2019,11:20,B,172.168.1.8
      293,31/01/2019,11:34,B,172.168.1.8
      309,31/01/2019,11:34,B,172.168.1.8
      305,31/01/2019,12:07,B,172.168.1.8
      305,31/01/2019,12:07,B,172.168.1.8
       64,31/01/2019,12:39,B,172.168.1.8
       65,31/01/2019,12:44,B,172.168.1.8
      215,31/01/2019,12:44,B,172.168.1.8
       42,31/01/2019,12:51,B,172.168.1.8
       69,31/01/2019,13:10,B,172.168.1.8
      216,31/01/2019,13:25,B,172.168.1.8
       52,31/01/2019,13:31,B,172.168.1.8
       18,31/01/2019,13:48,B,172.168.1.8
      211,31/01/2019,13:57,B,172.168.1.8
      210,31/01/2019,14:03,B,172.168.1.8
       36,31/01/2019,14:11,B,172.168.1.8
       27,31/01/2019,14:13,B,172.168.1.8
      202,31/01/2019,14:17,B,172.168.1.8
      204,31/01/2019,14:17,B,172.168.1.8
      212,31/01/2019,14:18,B,172.168.1.8
      207,31/01/2019,14:21,B,172.168.1.8
      204,31/01/2019,14:29,B,172.168.1.8
      209,31/01/2019,14:30,B,172.168.1.8
      213,31/01/2019,14:30,B,172.168.1.8
      203,31/01/2019,14:44,B,172.168.1.8
      201,31/01/2019,14:47,B,172.168.1.8
      206,31/01/2019,14:49,B,172.168.1.8
      303,31/01/2019,14:56,B,172.168.1.8
      121,31/01/2019,15:04,B,172.168.1.8
      311,31/01/2019,15:04,B,172.168.1.8
       21,31/01/2019,15:12,B,172.168.1.8
       69,31/01/2019,15:13,B,172.168.1.8
       20,31/01/2019,15:14,B,172.168.1.8
      214,31/01/2019,15:31,B,172.168.1.8
      305,31/01/2019,15:44,B,172.168.1.8
      305,31/01/2019,15:44,B,172.168.1.8
        6,31/01/2019,15:51,B,172.168.1.8
      126,31/01/2019,15:54,B,172.168.1.8
       14,31/01/2019,16:04,B,172.168.1.8
       35,31/01/2019,16:07,B,172.168.1.8
       23,31/01/2019,16:08,B,172.168.1.8
       65,31/01/2019,16:18,B,172.168.1.8
      309,31/01/2019,16:24,B,172.168.1.8
       28,31/01/2019,16:34,B,172.168.1.8
       10,31/01/2019,16:34,B,172.168.1.8
        9,31/01/2019,16:34,B,172.168.1.8
      258,31/01/2019,16:36,B,172.168.1.8
      119,31/01/2019,16:36,B,172.168.1.8
       22,31/01/2019,16:36,B,172.168.1.8
        9,31/01/2019,16:37,B,172.168.1.8
       11,31/01/2019,16:39,B,172.168.1.8
        8,31/01/2019,16:43,B,172.168.1.8
       19,31/01/2019,16:50,B,172.168.1.8
       29,31/01/2019,16:58,B,172.168.1.8
        2,31/01/2019,16:58,B,172.168.1.8
      125,31/01/2019,17:00,B,172.168.1.8
       62,31/01/2019,17:00,B,172.168.1.8
      106,31/01/2019,17:03,B,172.168.1.8
       25,31/01/2019,17:04,B,172.168.1.8
      106,31/01/2019,17:04,B,172.168.1.8
      106,31/01/2019,17:05,B,172.168.1.8
       12,31/01/2019,17:05,B,172.168.1.8
      311,31/01/2019,17:07,B,172.168.1.8
       26,31/01/2019,17:13,B,172.168.1.8
       32,31/01/2019,17:14,B,172.168.1.8
       32,31/01/2019,17:14,B,172.168.1.8
      110,31/01/2019,17:16,B,172.168.1.8
      109,31/01/2019,17:17,B,172.168.1.8
        5,31/01/2019,17:17,B,172.168.1.8
      261,31/01/2019,17:22,B,172.168.1.8
      120,31/01/2019,17:22,B,172.168.1.8
      122,31/01/2019,17:23,B,172.168.1.8
      127,31/01/2019,17:26,B,172.168.1.8
      254,31/01/2019,17:30,B,172.168.1.8
      280,31/01/2019,17:31,B,172.168.1.8
      280,31/01/2019,17:31,B,172.168.1.8
      271,31/01/2019,17:31,B,172.168.1.8
      295,31/01/2019,17:32,B,172.168.1.8
      260,31/01/2019,17:33,B,172.168.1.8
      268,31/01/2019,17:36,B,172.168.1.8
      287,31/01/2019,17:38,B,172.168.1.8
      268,31/01/2019,17:38,B,172.168.1.8
      268,31/01/2019,17:40,B,172.168.1.8
      106,31/01/2019,17:41,B,172.168.1.8
      296,31/01/2019,17:41,B,172.168.1.8
      123,31/01/2019,17:41,B,172.168.1.8
      290,31/01/2019,17:43,B,172.168.1.8
      273,31/01/2019,17:46,B,172.168.1.8
      114,31/01/2019,18:00,B,172.168.1.8
      112,31/01/2019,18:00,B,172.168.1.8
      116,31/01/2019,18:03,B,172.168.1.8
      112,31/01/2019,18:06,B,172.168.1.8
      293,31/01/2019,18:06,B,172.168.1.8
      115,31/01/2019,18:30,B,172.168.1.8
      251,31/01/2019,18:30,B,172.168.1.8
      101,31/01/2019,18:32,B,172.168.1.8
        1,31/01/2019,18:52,B,172.168.1.8
      310,31/01/2019,19:00,B,172.168.1.8
      312,31/01/2019,19:18,B,172.168.1.8
       24,31/01/2019,19:18,B,172.168.1.8
       24,31/01/2019,19:19,B,172.168.1.8
      255,31/01/2019,19:20,B,172.168.1.8
      262,31/01/2019,19:20,B,172.168.1.8
      121,01/02/2019,06:43,B,172.168.1.8
      126,01/02/2019,07:24,B,172.168.1.8
      112,01/02/2019,07:37,B,172.168.1.8
      273,01/02/2019,07:43,B,172.168.1.8
      287,01/02/2019,07:57,B,172.168.1.8
      207,01/02/2019,07:58,B,172.168.1.8
      260,01/02/2019,08:05,B,172.168.1.8
      260,01/02/2019,08:05,B,172.168.1.8
      215,01/02/2019,08:05,B,172.168.1.8
      296,01/02/2019,08:11,B,172.168.1.8
      255,01/02/2019,08:15,B,172.168.1.8
      119,01/02/2019,08:16,B,172.168.1.8
      280,01/02/2019,08:26,B,172.168.1.8
      216,01/02/2019,08:35,B,172.168.1.8
      212,01/02/2019,08:35,B,172.168.1.8
       35,01/02/2019,08:39,B,172.168.1.8
      301,01/02/2019,08:43,B,172.168.1.8
      115,01/02/2019,08:47,B,172.168.1.8
      125,01/02/2019,08:49,B,172.168.1.8
       36,01/02/2019,08:51,B,172.168.1.8
       23,01/02/2019,08:51,B,172.168.1.8
      214,01/02/2019,08:51,B,172.168.1.8
      268,01/02/2019,08:54,B,172.168.1.8
      209,01/02/2019,08:54,B,172.168.1.8
      120,01/02/2019,08:57,B,172.168.1.8
       64,01/02/2019,08:57,B,172.168.1.8
       11,01/02/2019,09:05,B,172.168.1.8
      303,01/02/2019,09:06,B,172.168.1.8
      312,01/02/2019,09:13,B,172.168.1.8
      312,01/02/2019,09:13,B,172.168.1.8
      122,01/02/2019,09:15,B,172.168.1.8
      202,01/02/2019,09:21,B,172.168.1.8
       52,01/02/2019,09:28,B,172.168.1.8
      118,01/02/2019,09:31,B,172.168.1.8
       62,01/02/2019,09:31,B,172.168.1.8
      123,01/02/2019,09:34,B,172.168.1.8
       12,01/02/2019,09:35,B,172.168.1.8
      291,01/02/2019,09:35,B,172.168.1.8
       28,01/02/2019,09:36,B,172.168.1.8
       20,01/02/2019,09:38,B,172.168.1.8
       32,01/02/2019,09:40,B,172.168.1.8
      213,01/02/2019,09:40,B,172.168.1.8
      201,01/02/2019,09:41,B,172.168.1.8
      206,01/02/2019,09:43,B,172.168.1.8
      116,01/02/2019,09:47,B,172.168.1.8
      127,01/02/2019,09:47,B,172.168.1.8
      110,01/02/2019,09:48,B,172.168.1.8
      290,01/02/2019,09:48,B,172.168.1.8
      204,01/02/2019,09:49,B,172.168.1.8
      204,01/02/2019,09:51,B,172.168.1.8
      114,01/02/2019,09:51,B,172.168.1.8
      289,01/02/2019,09:54,B,172.168.1.8
       29,01/02/2019,09:55,B,172.168.1.8
      109,01/02/2019,09:55,B,172.168.1.8
      128,01/02/2019,09:56,B,172.168.1.8
      271,01/02/2019,09:56,B,172.168.1.8
      131,01/02/2019,10:02,B,172.168.1.8
      310,01/02/2019,10:02,B,172.168.1.8
      256,01/02/2019,10:02,B,172.168.1.8
      261,01/02/2019,10:03,B,172.168.1.8
      203,01/02/2019,10:06,B,172.168.1.8
      258,01/02/2019,10:12,B,172.168.1.8
       22,01/02/2019,10:12,B,172.168.1.8
       27,01/02/2019,10:13,B,172.168.1.8
      106,01/02/2019,10:17,B,172.168.1.8
       21,01/02/2019,10:21,B,172.168.1.8
      129,01/02/2019,10:21,B,172.168.1.8
      293,01/02/2019,10:22,B,172.168.1.8
       10,01/02/2019,10:27,B,172.168.1.8
        5,01/02/2019,10:27,B,172.168.1.8
      101,01/02/2019,10:28,B,172.168.1.8
      254,01/02/2019,10:33,B,172.168.1.8
      295,01/02/2019,10:33,B,172.168.1.8
      251,01/02/2019,10:40,B,172.168.1.8
        1,01/02/2019,10:43,B,172.168.1.8
       24,01/02/2019,10:51,B,172.168.1.8
        8,01/02/2019,10:53,B,172.168.1.8
      210,01/02/2019,10:55,B,172.168.1.8
       57,01/02/2019,10:57,B,172.168.1.8
        2,01/02/2019,11:01,B,172.168.1.8
        2,01/02/2019,11:01,B,172.168.1.8
       19,01/02/2019,11:20,B,172.168.1.8
        9,01/02/2019,11:23,B,172.168.1.8
       51,01/02/2019,11:24,B,172.168.1.8
       67,01/02/2019,11:31,B,172.168.1.8
      305,01/02/2019,11:36,B,172.168.1.8
       64,01/02/2019,12:21,B,172.168.1.8
      301,01/02/2019,12:25,B,172.168.1.8
      122,01/02/2019,12:30,B,172.168.1.8
      211,01/02/2019,12:53,B,172.168.1.8
      215,01/02/2019,12:57,B,172.168.1.8
      212,01/02/2019,13:36,B,172.168.1.8
      216,01/02/2019,13:37,B,172.168.1.8
       51,01/02/2019,13:58,B,172.168.1.8
       67,01/02/2019,13:58,B,172.168.1.8
       12,01/02/2019,14:03,B,172.168.1.8
      214,01/02/2019,14:07,B,172.168.1.8
      311,01/02/2019,14:07,B,172.168.1.8
      262,01/02/2019,14:22,B,172.168.1.8
       36,01/02/2019,14:26,B,172.168.1.8
       35,01/02/2019,14:26,B,172.168.1.8
      128,01/02/2019,14:34,B,172.168.1.8
      206,01/02/2019,14:41,B,172.168.1.8
      204,01/02/2019,14:42,B,172.168.1.8
      204,01/02/2019,14:43,B,172.168.1.8
      201,01/02/2019,14:45,B,172.168.1.8
      203,01/02/2019,14:45,B,172.168.1.8
      204,01/02/2019,14:46,B,172.168.1.8
      209,01/02/2019,14:46,B,172.168.1.8
      213,01/02/2019,14:47,B,172.168.1.8
       52,01/02/2019,14:47,B,172.168.1.8
      202,01/02/2019,14:58,B,172.168.1.8
      202,01/02/2019,14:58,B,172.168.1.8
      121,01/02/2019,15:18,B,172.168.1.8
       20,01/02/2019,15:35,B,172.168.1.8
      305,01/02/2019,15:36,B,172.168.1.8
      305,01/02/2019,15:36,B,172.168.1.8
       23,01/02/2019,15:37,B,172.168.1.8
       21,01/02/2019,15:43,B,172.168.1.8
      303,01/02/2019,15:44,B,172.168.1.8
       14,01/02/2019,15:53,B,172.168.1.8
        5,01/02/2019,15:56,B,172.168.1.8
       10,01/02/2019,15:57,B,172.168.1.8
       62,01/02/2019,16:04,B,172.168.1.8
       29,01/02/2019,16:04,B,172.168.1.8
       22,01/02/2019,16:18,B,172.168.1.8
       28,01/02/2019,16:18,B,172.168.1.8
        2,01/02/2019,16:18,B,172.168.1.8
       11,01/02/2019,16:27,B,172.168.1.8
       17,01/02/2019,16:28,B,172.168.1.8
       19,01/02/2019,16:36,B,172.168.1.8
      291,01/02/2019,16:44,B,172.168.1.8
      119,01/02/2019,16:50,B,172.168.1.8
        9,01/02/2019,16:50,B,172.168.1.8
      210,01/02/2019,16:55,B,172.168.1.8
      210,01/02/2019,16:56,B,172.168.1.8
      311,01/02/2019,16:57,B,172.168.1.8
        1,01/02/2019,17:00,B,172.168.1.8
      110,01/02/2019,17:01,B,172.168.1.8
      127,01/02/2019,17:12,B,172.168.1.8
      131,01/02/2019,17:15,B,172.168.1.8
      109,01/02/2019,17:15,B,172.168.1.8
      289,01/02/2019,17:15,B,172.168.1.8
       32,01/02/2019,17:16,B,172.168.1.8
        8,01/02/2019,17:16,B,172.168.1.8
      261,01/02/2019,17:16,B,172.168.1.8
      120,01/02/2019,17:17,B,172.168.1.8
      271,01/02/2019,17:21,B,172.168.1.8
      280,01/02/2019,17:21,B,172.168.1.8
      273,01/02/2019,17:22,B,172.168.1.8
      125,01/02/2019,17:27,B,172.168.1.8
       27,01/02/2019,17:28,B,172.168.1.8
      115,01/02/2019,17:30,B,172.168.1.8
      251,01/02/2019,17:30,B,172.168.1.8
      254,01/02/2019,17:30,B,172.168.1.8
      101,01/02/2019,17:30,B,172.168.1.8
      260,01/02/2019,17:31,B,172.168.1.8
      287,01/02/2019,17:32,B,172.168.1.8
      268,01/02/2019,17:32,B,172.168.1.8
      296,01/02/2019,17:33,B,172.168.1.8
      295,01/02/2019,17:35,B,172.168.1.8
      114,01/02/2019,17:36,B,172.168.1.8
      129,01/02/2019,17:38,B,172.168.1.8
      268,01/02/2019,17:39,B,172.168.1.8
      287,01/02/2019,17:39,B,172.168.1.8
      256,01/02/2019,17:46,B,172.168.1.8
      258,01/02/2019,17:47,B,172.168.1.8
      290,01/02/2019,17:48,B,172.168.1.8
      106,01/02/2019,17:48,B,172.168.1.8
      258,01/02/2019,17:48,B,172.168.1.8
      293,01/02/2019,17:51,B,172.168.1.8
      112,01/02/2019,18:00,B,172.168.1.8
      293,01/02/2019,18:00,B,172.168.1.8
      123,01/02/2019,18:02,B,172.168.1.8
      310,01/02/2019,18:03,B,172.168.1.8
      116,01/02/2019,18:04,B,172.168.1.8
      312,01/02/2019,19:47,B,172.168.1.8
       24,01/02/2019,19:47,B,172.168.1.8
      262,01/02/2019,19:51,B,172.168.1.8
      255,01/02/2019,19:52,B,172.168.1.8
      121,02/02/2019,06:40,B,172.168.1.8
      273,02/02/2019,07:33,B,172.168.1.8
      202,02/02/2019,07:59,B,172.168.1.8
      112,02/02/2019,08:00,B,172.168.1.8
      255,02/02/2019,08:02,B,172.168.1.8
      216,02/02/2019,08:03,B,172.168.1.8
      260,02/02/2019,08:11,B,172.168.1.8
      287,02/02/2019,08:20,B,172.168.1.8
      280,02/02/2019,08:20,B,172.168.1.8
      296,02/02/2019,08:20,B,172.168.1.8
       37,02/02/2019,08:25,B,172.168.1.8
       65,02/02/2019,08:27,B,172.168.1.8
       35,02/02/2019,08:27,B,172.168.1.8
       16,02/02/2019,08:32,B,172.168.1.8
      126,02/02/2019,08:33,B,172.168.1.8
       36,02/02/2019,08:42,B,172.168.1.8
       14,02/02/2019,08:46,B,172.168.1.8
      115,02/02/2019,08:49,B,172.168.1.8
      119,02/02/2019,08:51,B,172.168.1.8
      119,02/02/2019,08:51,B,172.168.1.8
      125,02/02/2019,08:52,B,172.168.1.8
       12,02/02/2019,08:52,B,172.168.1.8
      212,02/02/2019,08:54,B,172.168.1.8
      120,02/02/2019,08:57,B,172.168.1.8
       11,02/02/2019,08:58,B,172.168.1.8
      268,02/02/2019,08:59,B,172.168.1.8
      203,02/02/2019,09:03,B,172.168.1.8
      215,02/02/2019,09:04,B,172.168.1.8
      256,02/02/2019,09:05,B,172.168.1.8
      214,02/02/2019,09:08,B,172.168.1.8
       62,02/02/2019,09:17,B,172.168.1.8
       32,02/02/2019,09:22,B,172.168.1.8
       20,02/02/2019,09:32,B,172.168.1.8
      213,02/02/2019,09:34,B,172.168.1.8
      123,02/02/2019,09:41,B,172.168.1.8
      209,02/02/2019,09:41,B,172.168.1.8
      204,02/02/2019,09:42,B,172.168.1.8
      110,02/02/2019,09:42,B,172.168.1.8
      204,02/02/2019,09:42,B,172.168.1.8
       18,02/02/2019,09:42,B,172.168.1.8
      206,02/02/2019,09:43,B,172.168.1.8
      116,02/02/2019,09:45,B,172.168.1.8
      289,02/02/2019,09:45,B,172.168.1.8
        1,02/02/2019,09:47,B,172.168.1.8
      207,02/02/2019,09:48,B,172.168.1.8
      291,02/02/2019,09:49,B,172.168.1.8
      127,02/02/2019,09:51,B,172.168.1.8
      109,02/02/2019,09:55,B,172.168.1.8
      290,02/02/2019,09:59,B,172.168.1.8
      310,02/02/2019,09:59,B,172.168.1.8
      131,02/02/2019,10:00,B,172.168.1.8
      261,02/02/2019,10:00,B,172.168.1.8
      293,02/02/2019,10:01,B,172.168.1.8
      271,02/02/2019,10:06,B,172.168.1.8
      114,02/02/2019,10:06,B,172.168.1.8
      211,02/02/2019,10:10,B,172.168.1.8
        9,02/02/2019,10:10,B,172.168.1.8
      295,02/02/2019,10:11,B,172.168.1.8
      258,02/02/2019,10:12,B,172.168.1.8
      210,02/02/2019,10:12,B,172.168.1.8
      101,02/02/2019,10:18,B,172.168.1.8
       28,02/02/2019,10:18,B,172.168.1.8
       10,02/02/2019,10:18,B,172.168.1.8
      254,02/02/2019,10:26,B,172.168.1.8
      201,02/02/2019,10:29,B,172.168.1.8
       17,02/02/2019,10:32,B,172.168.1.8
       22,02/02/2019,10:33,B,172.168.1.8
       23,02/02/2019,10:34,B,172.168.1.8
      118,02/02/2019,10:39,B,172.168.1.8
       21,02/02/2019,10:45,B,172.168.1.8
       21,02/02/2019,10:45,B,172.168.1.8
       36,02/02/2019,10:49,B,172.168.1.8
       35,02/02/2019,10:50,B,172.168.1.8
      251,02/02/2019,10:50,B,172.168.1.8
        8,02/02/2019,10:53,B,172.168.1.8
      262,02/02/2019,11:01,B,172.168.1.8
       16,02/02/2019,11:06,B,172.168.1.8
      106,02/02/2019,11:06,B,172.168.1.8
      202,02/02/2019,11:10,B,172.168.1.8
       29,02/02/2019,11:11,B,172.168.1.8
       19,02/02/2019,11:22,B,172.168.1.8
      215,02/02/2019,11:29,B,172.168.1.8
      215,02/02/2019,11:30,B,172.168.1.8
      216,02/02/2019,11:30,B,172.168.1.8
      214,02/02/2019,11:38,B,172.168.1.8
      203,02/02/2019,11:39,B,172.168.1.8
        5,02/02/2019,11:39,B,172.168.1.8
      212,02/02/2019,11:48,B,172.168.1.8
      207,02/02/2019,11:48,B,172.168.1.8
      206,02/02/2019,11:54,B,172.168.1.8
      204,02/02/2019,11:54,B,172.168.1.8
      213,02/02/2019,11:55,B,172.168.1.8
      209,02/02/2019,11:56,B,172.168.1.8
       12,02/02/2019,11:59,B,172.168.1.8
       62,02/02/2019,12:02,B,172.168.1.8
       11,02/02/2019,12:03,B,172.168.1.8
      205,02/02/2019,12:15,B,172.168.1.8
       20,02/02/2019,12:25,B,172.168.1.8
      201,02/02/2019,12:30,B,172.168.1.8
       27,02/02/2019,12:41,B,172.168.1.8
        9,02/02/2019,12:42,B,172.168.1.8
      211,02/02/2019,12:45,B,172.168.1.8
      210,02/02/2019,12:47,B,172.168.1.8
      210,02/02/2019,12:49,B,172.168.1.8
      291,02/02/2019,13:03,B,172.168.1.8
       21,02/02/2019,13:09,B,172.168.1.8
       21,02/02/2019,13:09,B,172.168.1.8
       22,02/02/2019,13:10,B,172.168.1.8
       23,02/02/2019,13:25,B,172.168.1.8
       10,02/02/2019,13:35,B,172.168.1.8
       29,02/02/2019,13:41,B,172.168.1.8
       18,02/02/2019,13:49,B,172.168.1.8
       28,02/02/2019,13:52,B,172.168.1.8
       19,02/02/2019,14:04,B,172.168.1.8
       32,02/02/2019,14:17,B,172.168.1.8
        8,02/02/2019,14:19,B,172.168.1.8
        5,02/02/2019,14:47,B,172.168.1.8
      121,02/02/2019,14:50,B,172.168.1.8
       65,02/02/2019,14:55,B,172.168.1.8
       14,02/02/2019,15:13,B,172.168.1.8
      119,02/02/2019,16:45,B,172.168.1.8
      126,02/02/2019,16:46,B,172.168.1.8
      125,02/02/2019,16:46,B,172.168.1.8
       37,02/02/2019,17:00,B,172.168.1.8
      115,02/02/2019,17:02,B,172.168.1.8
      116,02/02/2019,17:02,B,172.168.1.8
      115,02/02/2019,17:02,B,172.168.1.8
      261,02/02/2019,17:11,B,172.168.1.8
      289,02/02/2019,17:12,B,172.168.1.8
      120,02/02/2019,17:13,B,172.168.1.8
      110,02/02/2019,17:13,B,172.168.1.8
      127,02/02/2019,17:14,B,172.168.1.8
      131,02/02/2019,17:14,B,172.168.1.8
      109,02/02/2019,17:15,B,172.168.1.8
      254,02/02/2019,17:18,B,172.168.1.8
      251,02/02/2019,17:19,B,172.168.1.8
      271,02/02/2019,17:20,B,172.168.1.8
      280,02/02/2019,17:20,B,172.168.1.8
      254,02/02/2019,17:20,B,172.168.1.8
      295,02/02/2019,17:21,B,172.168.1.8
      260,02/02/2019,17:22,B,172.168.1.8
      101,02/02/2019,17:26,B,172.168.1.8
      273,02/02/2019,17:30,B,172.168.1.8
      268,02/02/2019,17:30,B,172.168.1.8
        1,02/02/2019,17:39,B,172.168.1.8
      114,02/02/2019,17:42,B,172.168.1.8
      123,02/02/2019,17:50,B,172.168.1.8
      256,02/02/2019,17:53,B,172.168.1.8
      258,02/02/2019,18:06,B,172.168.1.8
      290,02/02/2019,18:07,B,172.168.1.8
      106,02/02/2019,18:08,B,172.168.1.8
      310,02/02/2019,18:08,B,172.168.1.8
      112,02/02/2019,18:09,B,172.168.1.8
      293,02/02/2019,18:10,B,172.168.1.8
      310,02/02/2019,18:10,B,172.168.1.8
      112,02/02/2019,18:10,B,172.168.1.8
      287,02/02/2019,18:45,B,172.168.1.8
      287,02/02/2019,18:45,B,172.168.1.8
      287,02/02/2019,19:00,B,172.168.1.8
      296,02/02/2019,19:10,B,172.168.1.8
      262,02/02/2019,19:59,B,172.168.1.8
      262,02/02/2019,20:00,B,172.168.1.8
      255,02/02/2019,20:01,B,172.168.1.8
      255,03/02/2019,10:15,B,172.168.1.8
      255,03/02/2019,17:00,B,172.168.1.8
      121,04/02/2019,06:47,B,172.168.1.8
      273,04/02/2019,07:33,B,172.168.1.8
      126,04/02/2019,07:42,B,172.168.1.8
       63,04/02/2019,07:44,B,172.168.1.8
      287,04/02/2019,07:45,B,172.168.1.8
       42,04/02/2019,07:55,B,172.168.1.8
      255,04/02/2019,08:00,B,172.168.1.8
      210,04/02/2019,08:01,B,172.168.1.8
      280,04/02/2019,08:15,B,172.168.1.8
      296,04/02/2019,08:15,B,172.168.1.8
      208,04/02/2019,08:15,B,172.168.1.8
      119,04/02/2019,08:19,B,172.168.1.8
      260,04/02/2019,08:26,B,172.168.1.8
      291,04/02/2019,08:35,B,172.168.1.8
       36,04/02/2019,08:41,B,172.168.1.8
      115,04/02/2019,08:51,B,172.168.1.8
      301,04/02/2019,08:52,B,172.168.1.8
       16,04/02/2019,08:52,B,172.168.1.8
       23,04/02/2019,08:52,B,172.168.1.8
      216,04/02/2019,08:53,B,172.168.1.8
      212,04/02/2019,08:53,B,172.168.1.8
      120,04/02/2019,08:56,B,172.168.1.8
      303,04/02/2019,09:02,B,172.168.1.8
      214,04/02/2019,09:07,B,172.168.1.8
      125,04/02/2019,09:09,B,172.168.1.8
      312,04/02/2019,09:10,B,172.168.1.8
       25,04/02/2019,09:12,B,172.168.1.8
       32,04/02/2019,09:20,B,172.168.1.8
       12,04/02/2019,09:22,B,172.168.1.8
      206,04/02/2019,09:24,B,172.168.1.8
      211,04/02/2019,09:26,B,172.168.1.8
        8,04/02/2019,09:26,B,172.168.1.8
      207,04/02/2019,09:30,B,172.168.1.8
      203,04/02/2019,09:30,B,172.168.1.8
      215,04/02/2019,09:30,B,172.168.1.8
      127,04/02/2019,09:31,B,172.168.1.8
      204,04/02/2019,09:32,B,172.168.1.8
      112,04/02/2019,09:35,B,172.168.1.8
      262,04/02/2019,09:35,B,172.168.1.8
       20,04/02/2019,09:37,B,172.168.1.8
       11,04/02/2019,09:40,B,172.168.1.8
      209,04/02/2019,09:43,B,172.168.1.8
      213,04/02/2019,09:43,B,172.168.1.8
       35,04/02/2019,09:43,B,172.168.1.8
       35,04/02/2019,09:44,B,172.168.1.8
      116,04/02/2019,09:48,B,172.168.1.8
       24,04/02/2019,09:49,B,172.168.1.8
      114,04/02/2019,09:50,B,172.168.1.8
       10,04/02/2019,09:51,B,172.168.1.8
       22,04/02/2019,09:54,B,172.168.1.8
      109,04/02/2019,09:56,B,172.168.1.8
       17,04/02/2019,09:56,B,172.168.1.8
      110,04/02/2019,09:58,B,172.168.1.8
      256,04/02/2019,09:59,B,172.168.1.8
      289,04/02/2019,09:59,B,172.168.1.8
      261,04/02/2019,09:59,B,172.168.1.8
      293,04/02/2019,10:00,B,172.168.1.8
      290,04/02/2019,10:06,B,172.168.1.8
      258,04/02/2019,10:07,B,172.168.1.8
        5,04/02/2019,10:08,B,172.168.1.8
      201,04/02/2019,10:09,B,172.168.1.8
       27,04/02/2019,10:11,B,172.168.1.8
        9,04/02/2019,10:13,B,172.168.1.8
      271,04/02/2019,10:13,B,172.168.1.8
      310,04/02/2019,10:13,B,172.168.1.8
      131,04/02/2019,10:17,B,172.168.1.8
      129,04/02/2019,10:18,B,172.168.1.8
       28,04/02/2019,10:20,B,172.168.1.8
      309,04/02/2019,10:23,B,172.168.1.8
      101,04/02/2019,10:25,B,172.168.1.8
       63,04/02/2019,10:25,B,172.168.1.8
      251,04/02/2019,10:34,B,172.168.1.8
        1,04/02/2019,10:37,B,172.168.1.8
      254,04/02/2019,10:42,B,172.168.1.8
       42,04/02/2019,10:45,B,172.168.1.8
       62,04/02/2019,10:46,B,172.168.1.8
      205,04/02/2019,10:47,B,172.168.1.8
      301,04/02/2019,10:56,B,172.168.1.8
       21,04/02/2019,11:12,B,172.168.1.8
       19,04/02/2019,11:14,B,172.168.1.8
       18,04/02/2019,11:24,B,172.168.1.8
       26,04/02/2019,11:26,B,172.168.1.8
        2,04/02/2019,11:42,B,172.168.1.8
       65,04/02/2019,11:43,B,172.168.1.8
       67,04/02/2019,12:46,B,172.168.1.8
      258,04/02/2019,13:02,B,172.168.1.8
       65,04/02/2019,13:11,B,172.168.1.8
      208,04/02/2019,13:15,B,172.168.1.8
       51,04/02/2019,13:17,B,172.168.1.8
      210,04/02/2019,13:27,B,172.168.1.8
      210,04/02/2019,13:31,B,172.168.1.8
      254,04/02/2019,13:39,B,172.168.1.8
      213,04/02/2019,13:48,B,172.168.1.8
       67,04/02/2019,14:07,B,172.168.1.8
       51,04/02/2019,14:07,B,172.168.1.8
       16,04/02/2019,14:24,B,172.168.1.8
      212,04/02/2019,14:29,B,172.168.1.8
      216,04/02/2019,14:29,B,172.168.1.8
       36,04/02/2019,14:29,B,172.168.1.8
      207,04/02/2019,14:30,B,172.168.1.8
      309,04/02/2019,14:43,B,172.168.1.8
      214,04/02/2019,14:44,B,172.168.1.8
      121,04/02/2019,15:07,B,172.168.1.8
      201,04/02/2019,15:12,B,172.168.1.8
       11,04/02/2019,15:22,B,172.168.1.8
       20,04/02/2019,15:30,B,172.168.1.8
       23,04/02/2019,15:37,B,172.168.1.8
      303,04/02/2019,15:37,B,172.168.1.8
      211,04/02/2019,15:40,B,172.168.1.8
      203,04/02/2019,15:40,B,172.168.1.8
       24,04/02/2019,15:42,B,172.168.1.8
      206,04/02/2019,15:42,B,172.168.1.8
        9,04/02/2019,15:43,B,172.168.1.8
        5,04/02/2019,15:43,B,172.168.1.8
       29,04/02/2019,15:46,B,172.168.1.8
      126,04/02/2019,15:51,B,172.168.1.8
       35,04/02/2019,16:08,B,172.168.1.8
       35,04/02/2019,16:08,B,172.168.1.8
       27,04/02/2019,16:16,B,172.168.1.8
       32,04/02/2019,16:17,B,172.168.1.8
      215,04/02/2019,16:21,B,172.168.1.8
      209,04/02/2019,16:21,B,172.168.1.8
       10,04/02/2019,16:23,B,172.168.1.8
       22,04/02/2019,16:29,B,172.168.1.8
       21,04/02/2019,16:29,B,172.168.1.8
       62,04/02/2019,16:30,B,172.168.1.8
       28,04/02/2019,16:31,B,172.168.1.8
       17,04/02/2019,16:31,B,172.168.1.8
      312,04/02/2019,16:40,B,172.168.1.8
      204,04/02/2019,16:41,B,172.168.1.8
      119,04/02/2019,16:44,B,172.168.1.8
      291,04/02/2019,16:44,B,172.168.1.8
       12,04/02/2019,16:47,B,172.168.1.8
        2,04/02/2019,16:47,B,172.168.1.8
       19,04/02/2019,16:56,B,172.168.1.8
       25,04/02/2019,17:01,B,172.168.1.8
       18,04/02/2019,17:03,B,172.168.1.8
       26,04/02/2019,17:11,B,172.168.1.8
      125,04/02/2019,17:13,B,172.168.1.8
      110,04/02/2019,17:14,B,172.168.1.8
      131,04/02/2019,17:15,B,172.168.1.8
      109,04/02/2019,17:15,B,172.168.1.8
        8,04/02/2019,17:17,B,172.168.1.8
      280,04/02/2019,17:20,B,172.168.1.8
      271,04/02/2019,17:20,B,172.168.1.8
      127,04/02/2019,17:20,B,172.168.1.8
      127,04/02/2019,17:21,B,172.168.1.8
      289,04/02/2019,17:22,B,172.168.1.8
      261,04/02/2019,17:23,B,172.168.1.8
      120,04/02/2019,17:23,B,172.168.1.8
      273,04/02/2019,17:27,B,172.168.1.8
        1,04/02/2019,17:33,B,172.168.1.8
      129,04/02/2019,17:40,B,172.168.1.8
      287,04/02/2019,17:40,B,172.168.1.8
      296,04/02/2019,17:40,B,172.168.1.8
      114,04/02/2019,17:42,B,172.168.1.8
      287,04/02/2019,17:45,B,172.168.1.8
      260,04/02/2019,17:47,B,172.168.1.8
      112,04/02/2019,17:51,B,172.168.1.8
      112,04/02/2019,17:56,B,172.168.1.8
      112,04/02/2019,17:56,B,172.168.1.8
      293,04/02/2019,17:57,B,172.168.1.8
      112,04/02/2019,17:57,B,172.168.1.8
      290,04/02/2019,18:00,B,172.168.1.8
      256,04/02/2019,18:01,B,172.168.1.8
      310,04/02/2019,18:01,B,172.168.1.8
      116,04/02/2019,18:02,B,172.168.1.8
      115,04/02/2019,18:21,B,172.168.1.8
      251,04/02/2019,18:21,B,172.168.1.8
      101,04/02/2019,18:21,B,172.168.1.8
      262,04/02/2019,20:01,B,172.168.1.8
      255,04/02/2019,20:01,B,172.168.1.8
      121,05/02/2019,06:40,B,172.168.1.8
      126,05/02/2019,07:04,B,172.168.1.8
      273,05/02/2019,07:40,B,172.168.1.8
       42,05/02/2019,07:44,B,172.168.1.8
      255,05/02/2019,08:00,B,172.168.1.8
      260,05/02/2019,08:12,B,172.168.1.8
      280,05/02/2019,08:20,B,172.168.1.8
      208,05/02/2019,08:28,B,172.168.1.8
      119,05/02/2019,08:34,B,172.168.1.8
      296,05/02/2019,08:42,B,172.168.1.8
      287,05/02/2019,08:42,B,172.168.1.8
      291,05/02/2019,08:44,B,172.168.1.8
      216,05/02/2019,08:44,B,172.168.1.8
      212,05/02/2019,08:45,B,172.168.1.8
      202,05/02/2019,08:46,B,172.168.1.8
      202,05/02/2019,08:47,B,172.168.1.8
       36,05/02/2019,08:50,B,172.168.1.8
      115,05/02/2019,08:52,B,172.168.1.8
      268,05/02/2019,08:52,B,172.168.1.8
      120,05/02/2019,08:57,B,172.168.1.8
       23,05/02/2019,08:57,B,172.168.1.8
      125,05/02/2019,08:58,B,172.168.1.8
       20,05/02/2019,09:12,B,172.168.1.8
      203,05/02/2019,09:13,B,172.168.1.8
      262,05/02/2019,09:18,B,172.168.1.8
       16,05/02/2019,09:20,B,172.168.1.8
      303,05/02/2019,09:22,B,172.168.1.8
       37,05/02/2019,09:26,B,172.168.1.8
       32,05/02/2019,09:27,B,172.168.1.8
      201,05/02/2019,09:28,B,172.168.1.8
      290,05/02/2019,09:29,B,172.168.1.8
      211,05/02/2019,09:30,B,172.168.1.8
      112,05/02/2019,09:35,B,172.168.1.8
      204,05/02/2019,09:35,B,172.168.1.8
       22,05/02/2019,09:36,B,172.168.1.8
       22,05/02/2019,09:37,B,172.168.1.8
      206,05/02/2019,09:37,B,172.168.1.8
       12,05/02/2019,09:39,B,172.168.1.8
      207,05/02/2019,09:39,B,172.168.1.8
       62,05/02/2019,09:40,B,172.168.1.8
      312,05/02/2019,09:42,B,172.168.1.8
      213,05/02/2019,09:44,B,172.168.1.8
      110,05/02/2019,09:45,B,172.168.1.8
       35,05/02/2019,09:48,B,172.168.1.8
       17,05/02/2019,09:48,B,172.168.1.8
       11,05/02/2019,09:49,B,172.168.1.8
      209,05/02/2019,09:50,B,172.168.1.8
      116,05/02/2019,09:50,B,172.168.1.8
      209,05/02/2019,09:50,B,172.168.1.8
      214,05/02/2019,09:53,B,172.168.1.8
      261,05/02/2019,09:54,B,172.168.1.8
      109,05/02/2019,09:55,B,172.168.1.8
      271,05/02/2019,09:56,B,172.168.1.8
       24,05/02/2019,09:56,B,172.168.1.8
      289,05/02/2019,09:57,B,172.168.1.8
      258,05/02/2019,09:59,B,172.168.1.8
      127,05/02/2019,09:59,B,172.168.1.8
      310,05/02/2019,09:59,B,172.168.1.8
       28,05/02/2019,10:03,B,172.168.1.8
      256,05/02/2019,10:03,B,172.168.1.8
       18,05/02/2019,10:05,B,172.168.1.8
      131,05/02/2019,10:07,B,172.168.1.8
      114,05/02/2019,10:10,B,172.168.1.8
        8,05/02/2019,10:12,B,172.168.1.8
        9,05/02/2019,10:12,B,172.168.1.8
       27,05/02/2019,10:15,B,172.168.1.8
       42,05/02/2019,10:17,B,172.168.1.8
        5,05/02/2019,10:18,B,172.168.1.8
       10,05/02/2019,10:19,B,172.168.1.8
      293,05/02/2019,10:22,B,172.168.1.8
      215,05/02/2019,10:22,B,172.168.1.8
      129,05/02/2019,10:23,B,172.168.1.8
      101,05/02/2019,10:25,B,172.168.1.8
       21,05/02/2019,10:37,B,172.168.1.8
      254,05/02/2019,10:41,B,172.168.1.8
      251,05/02/2019,10:43,B,172.168.1.8
        1,05/02/2019,10:45,B,172.168.1.8
       26,05/02/2019,11:15,B,172.168.1.8
        2,05/02/2019,11:23,B,172.168.1.8
       19,05/02/2019,11:25,B,172.168.1.8
       30,05/02/2019,11:32,B,172.168.1.8
      305,05/02/2019,11:54,B,172.168.1.8
      208,05/02/2019,13:28,B,172.168.1.8
      301,05/02/2019,13:39,B,172.168.1.8
      202,05/02/2019,14:07,B,172.168.1.8
      216,05/02/2019,14:19,B,172.168.1.8
      207,05/02/2019,14:20,B,172.168.1.8
      212,05/02/2019,14:20,B,172.168.1.8
      213,05/02/2019,14:20,B,172.168.1.8
      201,05/02/2019,14:34,B,172.168.1.8
      303,05/02/2019,14:44,B,172.168.1.8
      303,05/02/2019,14:47,B,172.168.1.8
       36,05/02/2019,14:56,B,172.168.1.8
       35,05/02/2019,14:56,B,172.168.1.8
       16,05/02/2019,15:02,B,172.168.1.8
       10,05/02/2019,15:13,B,172.168.1.8
      121,05/02/2019,15:19,B,172.168.1.8
      215,05/02/2019,15:20,B,172.168.1.8
       22,05/02/2019,15:27,B,172.168.1.8
       23,05/02/2019,15:31,B,172.168.1.8
       20,05/02/2019,15:35,B,172.168.1.8
       24,05/02/2019,15:36,B,172.168.1.8
        5,05/02/2019,15:39,B,172.168.1.8
      312,05/02/2019,15:46,B,172.168.1.8
       27,05/02/2019,15:47,B,172.168.1.8
      305,05/02/2019,15:52,B,172.168.1.8
      126,05/02/2019,15:55,B,172.168.1.8
      203,05/02/2019,15:55,B,172.168.1.8
      211,05/02/2019,15:55,B,172.168.1.8
       21,05/02/2019,15:56,B,172.168.1.8
      206,05/02/2019,15:56,B,172.168.1.8
       11,05/02/2019,16:02,B,172.168.1.8
      131,05/02/2019,16:04,B,172.168.1.8
      258,05/02/2019,16:06,B,172.168.1.8
        9,05/02/2019,16:07,B,172.168.1.8
      214,05/02/2019,16:22,B,172.168.1.8
      209,05/02/2019,16:25,B,172.168.1.8
       62,05/02/2019,16:32,B,172.168.1.8
       18,05/02/2019,16:36,B,172.168.1.8
       28,05/02/2019,16:38,B,172.168.1.8
       18,05/02/2019,16:40,B,172.168.1.8
       32,05/02/2019,16:47,B,172.168.1.8
      119,05/02/2019,16:47,B,172.168.1.8
       12,05/02/2019,16:49,B,172.168.1.8
        2,05/02/2019,16:49,B,172.168.1.8
      125,05/02/2019,16:50,B,172.168.1.8
      204,05/02/2019,16:57,B,172.168.1.8
       19,05/02/2019,16:58,B,172.168.1.8
      291,05/02/2019,16:59,B,172.168.1.8
        8,05/02/2019,17:01,B,172.168.1.8
      301,05/02/2019,17:09,B,172.168.1.8
      273,05/02/2019,17:12,B,172.168.1.8
       26,05/02/2019,17:13,B,172.168.1.8
      289,05/02/2019,17:16,B,172.168.1.8
      127,05/02/2019,17:18,B,172.168.1.8
      261,05/02/2019,17:18,B,172.168.1.8
      127,05/02/2019,17:18,B,172.168.1.8
      120,05/02/2019,17:20,B,172.168.1.8
      110,05/02/2019,17:21,B,172.168.1.8
      114,05/02/2019,17:21,B,172.168.1.8
      271,05/02/2019,17:26,B,172.168.1.8
      271,05/02/2019,17:26,B,172.168.1.8
      280,05/02/2019,17:26,B,172.168.1.8
      271,05/02/2019,17:27,B,172.168.1.8
      260,05/02/2019,17:30,B,172.168.1.8
      293,05/02/2019,17:32,B,172.168.1.8
      254,05/02/2019,17:35,B,172.168.1.8
       17,05/02/2019,17:35,B,172.168.1.8
      116,05/02/2019,17:36,B,172.168.1.8
        1,05/02/2019,17:38,B,172.168.1.8
      256,05/02/2019,17:42,B,172.168.1.8
       30,05/02/2019,17:43,B,172.168.1.8
       30,05/02/2019,17:44,B,172.168.1.8
      109,05/02/2019,17:46,B,172.168.1.8
       37,05/02/2019,17:52,B,172.168.1.8
      290,05/02/2019,18:26,B,172.168.1.8
      262,05/02/2019,18:26,B,172.168.1.8
      287,05/02/2019,18:27,B,172.168.1.8
      262,05/02/2019,18:30,B,172.168.1.8
      290,05/02/2019,18:30,B,172.168.1.8
      268,05/02/2019,18:30,B,172.168.1.8
      112,05/02/2019,18:30,B,172.168.1.8
      255,05/02/2019,18:31,B,172.168.1.8
      296,05/02/2019,18:31,B,172.168.1.8
      310,05/02/2019,18:31,B,172.168.1.8
      112,05/02/2019,18:31,B,172.168.1.8
      310,05/02/2019,18:32,B,172.168.1.8
      129,05/02/2019,18:40,B,172.168.1.8
      101,05/02/2019,18:43,B,172.168.1.8
      251,05/02/2019,18:43,B,172.168.1.8
      115,05/02/2019,18:43,B,172.168.1.8
      121,06/02/2019,06:44,B,172.168.1.8
      126,06/02/2019,07:12,B,172.168.1.8
      273,06/02/2019,07:31,B,172.168.1.8
       42,06/02/2019,07:47,B,172.168.1.8
      255,06/02/2019,07:55,B,172.168.1.8
      119,06/02/2019,08:07,B,172.168.1.8
      280,06/02/2019,08:15,B,172.168.1.8
      287,06/02/2019,08:15,B,172.168.1.8
      287,06/02/2019,08:15,B,172.168.1.8
      260,06/02/2019,08:25,B,172.168.1.8
      301,06/02/2019,08:36,B,172.168.1.8
       36,06/02/2019,08:42,B,172.168.1.8
      208,06/02/2019,08:47,B,172.168.1.8
      115,06/02/2019,08:49,B,172.168.1.8
       23,06/02/2019,08:55,B,172.168.1.8
      120,06/02/2019,08:57,B,172.168.1.8
      212,06/02/2019,08:58,B,172.168.1.8
      207,06/02/2019,08:58,B,172.168.1.8
       11,06/02/2019,09:00,B,172.168.1.8
      291,06/02/2019,09:00,B,172.168.1.8
      296,06/02/2019,09:02,B,172.168.1.8
      268,06/02/2019,09:02,B,172.168.1.8
      112,06/02/2019,09:09,B,172.168.1.8
       18,06/02/2019,09:10,B,172.168.1.8
      216,06/02/2019,09:14,B,172.168.1.8
      262,06/02/2019,09:14,B,172.168.1.8
      206,06/02/2019,09:14,B,172.168.1.8
       20,06/02/2019,09:17,B,172.168.1.8
      116,06/02/2019,09:23,B,172.168.1.8
       12,06/02/2019,09:26,B,172.168.1.8
      122,06/02/2019,09:27,B,172.168.1.8
       25,06/02/2019,09:27,B,172.168.1.8
      203,06/02/2019,09:30,B,172.168.1.8
      203,06/02/2019,09:30,B,172.168.1.8
      204,06/02/2019,09:31,B,172.168.1.8
      127,06/02/2019,09:32,B,172.168.1.8
      303,06/02/2019,09:33,B,172.168.1.8
      214,06/02/2019,09:34,B,172.168.1.8
       62,06/02/2019,09:35,B,172.168.1.8
      118,06/02/2019,09:35,B,172.168.1.8
      213,06/02/2019,09:37,B,172.168.1.8
      290,06/02/2019,09:37,B,172.168.1.8
       16,06/02/2019,09:42,B,172.168.1.8
      209,06/02/2019,09:44,B,172.168.1.8
      209,06/02/2019,09:44,B,172.168.1.8
      312,06/02/2019,09:46,B,172.168.1.8
       35,06/02/2019,09:47,B,172.168.1.8
      114,06/02/2019,09:48,B,172.168.1.8
      201,06/02/2019,09:49,B,172.168.1.8
      211,06/02/2019,09:52,B,172.168.1.8
      310,06/02/2019,09:52,B,172.168.1.8
      271,06/02/2019,09:52,B,172.168.1.8
      261,06/02/2019,10:03,B,172.168.1.8
      251,06/02/2019,10:05,B,172.168.1.8
       32,06/02/2019,10:08,B,172.168.1.8
      258,06/02/2019,10:10,B,172.168.1.8
      293,06/02/2019,10:13,B,172.168.1.8
       10,06/02/2019,10:15,B,172.168.1.8
       17,06/02/2019,10:16,B,172.168.1.8
      129,06/02/2019,10:22,B,172.168.1.8
        5,06/02/2019,10:22,B,172.168.1.8
       28,06/02/2019,10:22,B,172.168.1.8
       14,06/02/2019,10:24,B,172.168.1.8
      110,06/02/2019,10:27,B,172.168.1.8
      101,06/02/2019,10:28,B,172.168.1.8
      215,06/02/2019,10:32,B,172.168.1.8
       24,06/02/2019,10:36,B,172.168.1.8
       26,06/02/2019,10:37,B,172.168.1.8
       21,06/02/2019,10:41,B,172.168.1.8
       21,06/02/2019,10:41,B,172.168.1.8
       30,06/02/2019,10:42,B,172.168.1.8
      254,06/02/2019,10:42,B,172.168.1.8
      289,06/02/2019,11:11,B,172.168.1.8
       29,06/02/2019,11:11,B,172.168.1.8
       19,06/02/2019,11:14,B,172.168.1.8
       22,06/02/2019,11:19,B,172.168.1.8
        2,06/02/2019,11:23,B,172.168.1.8
        9,06/02/2019,11:26,B,172.168.1.8
       27,06/02/2019,11:30,B,172.168.1.8
       42,06/02/2019,11:42,B,172.168.1.8
        8,06/02/2019,12:00,B,172.168.1.8
      211,06/02/2019,12:12,B,172.168.1.8
      208,06/02/2019,13:25,B,172.168.1.8
      213,06/02/2019,13:34,B,172.168.1.8
      216,06/02/2019,14:03,B,172.168.1.8
      212,06/02/2019,14:10,B,172.168.1.8
      207,06/02/2019,14:10,B,172.168.1.8
       36,06/02/2019,14:22,B,172.168.1.8
      201,06/02/2019,14:32,B,172.168.1.8
      303,06/02/2019,14:32,B,172.168.1.8
       18,06/02/2019,14:44,B,172.168.1.8
       12,06/02/2019,14:54,B,172.168.1.8
       62,06/02/2019,15:06,B,172.168.1.8
      121,06/02/2019,15:09,B,172.168.1.8
       16,06/02/2019,15:11,B,172.168.1.8
       23,06/02/2019,15:11,B,172.168.1.8
       35,06/02/2019,15:14,B,172.168.1.8
       35,06/02/2019,15:14,B,172.168.1.8
       20,06/02/2019,15:16,B,172.168.1.8
        5,06/02/2019,15:22,B,172.168.1.8
       14,06/02/2019,15:45,B,172.168.1.8
      312,06/02/2019,15:45,B,172.168.1.8
      203,06/02/2019,15:58,B,172.168.1.8
       11,06/02/2019,15:59,B,172.168.1.8
      126,06/02/2019,16:00,B,172.168.1.8
      206,06/02/2019,16:00,B,172.168.1.8
       32,06/02/2019,16:00,B,172.168.1.8
      301,06/02/2019,16:17,B,172.168.1.8
       26,06/02/2019,16:17,B,172.168.1.8
       26,06/02/2019,16:18,B,172.168.1.8
       21,06/02/2019,16:18,B,172.168.1.8
       22,06/02/2019,16:18,B,172.168.1.8
       28,06/02/2019,16:21,B,172.168.1.8
       10,06/02/2019,16:21,B,172.168.1.8
        9,06/02/2019,16:26,B,172.168.1.8
       24,06/02/2019,16:28,B,172.168.1.8
      214,06/02/2019,16:46,B,172.168.1.8
       27,06/02/2019,16:47,B,172.168.1.8
      209,06/02/2019,16:47,B,172.168.1.8
      215,06/02/2019,16:47,B,172.168.1.8
      209,06/02/2019,16:48,B,172.168.1.8
       19,06/02/2019,16:56,B,172.168.1.8
      291,06/02/2019,16:58,B,172.168.1.8
       25,06/02/2019,17:01,B,172.168.1.8
        8,06/02/2019,17:03,B,172.168.1.8
      119,06/02/2019,17:03,B,172.168.1.8
        2,06/02/2019,17:09,B,172.168.1.8
       17,06/02/2019,17:09,B,172.168.1.8
      204,06/02/2019,17:14,B,172.168.1.8
      110,06/02/2019,17:15,B,172.168.1.8
      289,06/02/2019,17:17,B,172.168.1.8
      261,06/02/2019,17:18,B,172.168.1.8
      122,06/02/2019,17:21,B,172.168.1.8
      120,06/02/2019,17:21,B,172.168.1.8
       30,06/02/2019,17:26,B,172.168.1.8
      101,06/02/2019,17:28,B,172.168.1.8
      251,06/02/2019,17:28,B,172.168.1.8
      271,06/02/2019,17:30,B,172.168.1.8
      280,06/02/2019,17:30,B,172.168.1.8
      258,06/02/2019,17:30,B,172.168.1.8
      254,06/02/2019,17:30,B,172.168.1.8
      273,06/02/2019,17:31,B,172.168.1.8
      118,06/02/2019,17:33,B,172.168.1.8
      260,06/02/2019,17:33,B,172.168.1.8
      115,06/02/2019,17:33,B,172.168.1.8
      118,06/02/2019,17:34,B,172.168.1.8
      129,06/02/2019,17:36,B,172.168.1.8
      114,06/02/2019,17:38,B,172.168.1.8
      293,06/02/2019,17:40,B,172.168.1.8
      127,06/02/2019,17:51,B,172.168.1.8
      268,06/02/2019,18:01,B,172.168.1.8
      287,06/02/2019,18:01,B,172.168.1.8
      262,06/02/2019,18:01,B,172.168.1.8
      112,06/02/2019,18:03,B,172.168.1.8
      255,06/02/2019,18:04,B,172.168.1.8
      112,06/02/2019,18:04,B,172.168.1.8
      268,06/02/2019,18:04,B,172.168.1.8
      290,06/02/2019,18:05,B,172.168.1.8
      296,06/02/2019,18:11,B,172.168.1.8
      310,06/02/2019,18:12,B,172.168.1.8
      116,06/02/2019,18:13,B,172.168.1.8
      310,06/02/2019,18:13,B,172.168.1.8
      126,07/02/2019,07:31,B,172.168.1.8
      273,07/02/2019,07:36,B,172.168.1.8
      215,07/02/2019,07:38,B,172.168.1.8
      119,07/02/2019,07:39,B,172.168.1.8
      119,07/02/2019,07:39,B,172.168.1.8
       54,07/02/2019,07:42,B,172.168.1.8
      210,07/02/2019,07:54,B,172.168.1.8
      255,07/02/2019,07:56,B,172.168.1.8
      260,07/02/2019,08:17,B,172.168.1.8
      280,07/02/2019,08:24,B,172.168.1.8
      287,07/02/2019,08:24,B,172.168.1.8
      296,07/02/2019,08:53,B,172.168.1.8
      268,07/02/2019,08:53,B,172.168.1.8
       23,07/02/2019,08:53,B,172.168.1.8
      212,07/02/2019,08:54,B,172.168.1.8
      115,07/02/2019,08:55,B,172.168.1.8
      120,07/02/2019,08:56,B,172.168.1.8
      303,07/02/2019,08:57,B,172.168.1.8
      312,07/02/2019,09:01,B,172.168.1.8
       64,07/02/2019,09:05,B,172.168.1.8
       12,07/02/2019,09:09,B,172.168.1.8
      203,07/02/2019,09:10,B,172.168.1.8
      122,07/02/2019,09:10,B,172.168.1.8
       25,07/02/2019,09:11,B,172.168.1.8
       11,07/02/2019,09:14,B,172.168.1.8
       28,07/02/2019,09:15,B,172.168.1.8
       36,07/02/2019,09:15,B,172.168.1.8
      262,07/02/2019,09:17,B,172.168.1.8
       20,07/02/2019,09:17,B,172.168.1.8
      112,07/02/2019,09:18,B,172.168.1.8
      207,07/02/2019,09:18,B,172.168.1.8
      118,07/02/2019,09:19,B,172.168.1.8
       32,07/02/2019,09:27,B,172.168.1.8
      202,07/02/2019,09:30,B,172.168.1.8
       62,07/02/2019,09:30,B,172.168.1.8
      208,07/02/2019,09:35,B,172.168.1.8
      214,07/02/2019,09:43,B,172.168.1.8
      110,07/02/2019,09:48,B,172.168.1.8
      116,07/02/2019,09:48,B,172.168.1.8
      109,07/02/2019,09:48,B,172.168.1.8
       17,07/02/2019,09:48,B,172.168.1.8
      127,07/02/2019,09:49,B,172.168.1.8
      256,07/02/2019,09:51,B,172.168.1.8
      289,07/02/2019,09:52,B,172.168.1.8
      213,07/02/2019,09:53,B,172.168.1.8
      290,07/02/2019,09:56,B,172.168.1.8
      216,07/02/2019,09:56,B,172.168.1.8
       16,07/02/2019,09:57,B,172.168.1.8
      206,07/02/2019,09:58,B,172.168.1.8
      204,07/02/2019,10:02,B,172.168.1.8
      310,07/02/2019,10:02,B,172.168.1.8
      261,07/02/2019,10:06,B,172.168.1.8
      271,07/02/2019,10:07,B,172.168.1.8
      129,07/02/2019,10:07,B,172.168.1.8
      293,07/02/2019,10:10,B,172.168.1.8
       24,07/02/2019,10:13,B,172.168.1.8
       14,07/02/2019,10:15,B,172.168.1.8
      101,07/02/2019,10:30,B,172.168.1.8
       21,07/02/2019,10:35,B,172.168.1.8
        5,07/02/2019,10:36,B,172.168.1.8
       10,07/02/2019,10:36,B,172.168.1.8
      114,07/02/2019,10:39,B,172.168.1.8
      254,07/02/2019,10:43,B,172.168.1.8
        8,07/02/2019,10:44,B,172.168.1.8
      251,07/02/2019,10:45,B,172.168.1.8
       54,07/02/2019,10:51,B,172.168.1.8
        2,07/02/2019,10:51,B,172.168.1.8
       26,07/02/2019,10:57,B,172.168.1.8
        1,07/02/2019,10:59,B,172.168.1.8
       22,07/02/2019,11:07,B,172.168.1.8
      309,07/02/2019,11:12,B,172.168.1.8
       27,07/02/2019,11:21,B,172.168.1.8
       19,07/02/2019,11:26,B,172.168.1.8
       29,07/02/2019,11:31,B,172.168.1.8
      305,07/02/2019,11:58,B,172.168.1.8
      210,07/02/2019,12:18,B,172.168.1.8
       64,07/02/2019,12:20,B,172.168.1.8
      301,07/02/2019,12:37,B,172.168.1.8
      122,07/02/2019,12:54,B,172.168.1.8
      215,07/02/2019,12:56,B,172.168.1.8
        8,07/02/2019,13:52,B,172.168.1.8
      204,07/02/2019,13:56,B,172.168.1.8
       12,07/02/2019,14:06,B,172.168.1.8
      204,07/02/2019,14:06,B,172.168.1.8
      213,07/02/2019,14:06,B,172.168.1.8
      206,07/02/2019,14:07,B,172.168.1.8
      204,07/02/2019,14:07,B,172.168.1.8
      203,07/02/2019,14:13,B,172.168.1.8
      202,07/02/2019,14:14,B,172.168.1.8
       62,07/02/2019,15:00,B,172.168.1.8
       36,07/02/2019,15:06,B,172.168.1.8
       20,07/02/2019,15:08,B,172.168.1.8
       23,07/02/2019,15:18,B,172.168.1.8
      303,07/02/2019,15:18,B,172.168.1.8
      303,07/02/2019,15:18,B,172.168.1.8
      214,07/02/2019,15:20,B,172.168.1.8
      216,07/02/2019,15:20,B,172.168.1.8
      305,07/02/2019,15:28,B,172.168.1.8
       11,07/02/2019,15:29,B,172.168.1.8
       16,07/02/2019,15:29,B,172.168.1.8
      312,07/02/2019,15:43,B,172.168.1.8
      301,07/02/2019,15:58,B,172.168.1.8
       21,07/02/2019,16:10,B,172.168.1.8
       24,07/02/2019,16:21,B,172.168.1.8
      212,07/02/2019,16:21,B,172.168.1.8
      207,07/02/2019,16:21,B,172.168.1.8
      207,07/02/2019,16:22,B,172.168.1.8
      208,07/02/2019,16:23,B,172.168.1.8
        2,07/02/2019,16:34,B,172.168.1.8
       22,07/02/2019,16:35,B,172.168.1.8
       17,07/02/2019,16:44,B,172.168.1.8
       27,07/02/2019,16:53,B,172.168.1.8
       25,07/02/2019,16:59,B,172.168.1.8
       19,07/02/2019,16:59,B,172.168.1.8
      119,07/02/2019,17:01,B,172.168.1.8
       30,07/02/2019,17:03,B,172.168.1.8
      254,07/02/2019,17:09,B,172.168.1.8
       10,07/02/2019,17:11,B,172.168.1.8
       26,07/02/2019,17:11,B,172.168.1.8
       10,07/02/2019,17:11,B,172.168.1.8
      110,07/02/2019,17:15,B,172.168.1.8
      109,07/02/2019,17:15,B,172.168.1.8
      101,07/02/2019,17:16,B,172.168.1.8
        5,07/02/2019,17:18,B,172.168.1.8
      118,07/02/2019,17:20,B,172.168.1.8
       14,07/02/2019,17:21,B,172.168.1.8
      261,07/02/2019,17:24,B,172.168.1.8
      289,07/02/2019,17:25,B,172.168.1.8
      120,07/02/2019,17:25,B,172.168.1.8
      251,07/02/2019,17:30,B,172.168.1.8
      271,07/02/2019,17:30,B,172.168.1.8
      115,07/02/2019,17:30,B,172.168.1.8
      127,07/02/2019,17:35,B,172.168.1.8
      293,07/02/2019,17:38,B,172.168.1.8
      116,07/02/2019,17:46,B,172.168.1.8
      116,07/02/2019,17:46,B,172.168.1.8
      129,07/02/2019,17:55,B,172.168.1.8
      129,07/02/2019,17:58,B,172.168.1.8
      310,07/02/2019,18:06,B,172.168.1.8
      290,07/02/2019,18:07,B,172.168.1.8
      256,07/02/2019,18:08,B,172.168.1.8
      273,07/02/2019,18:09,B,172.168.1.8
      268,07/02/2019,18:15,B,172.168.1.8
      287,07/02/2019,18:15,B,172.168.1.8
      296,07/02/2019,18:15,B,172.168.1.8
      280,07/02/2019,18:16,B,172.168.1.8
      310,07/02/2019,18:17,B,172.168.1.8
      260,07/02/2019,18:21,B,172.168.1.8
      310,07/02/2019,18:30,B,172.168.1.8
      262,07/02/2019,18:30,B,172.168.1.8
      255,07/02/2019,18:31,B,172.168.1.8
      262,07/02/2019,18:31,B,172.168.1.8
      112,07/02/2019,18:31,B,172.168.1.8
      112,07/02/2019,18:31,B,172.168.1.8
      310,07/02/2019,18:34,B,172.168.1.8
      114,07/02/2019,18:53,B,172.168.1.8
      126,07/02/2019,18:55,B,172.168.1.8
      121,08/02/2019,06:36,B,172.168.1.8
      287,08/02/2019,07:29,B,172.168.1.8
      273,08/02/2019,07:33,B,172.168.1.8
      119,08/02/2019,07:38,B,172.168.1.8
      114,08/02/2019,07:58,B,172.168.1.8
      215,08/02/2019,07:58,B,172.168.1.8
      296,08/02/2019,07:59,B,172.168.1.8
      203,08/02/2019,08:00,B,172.168.1.8
      255,08/02/2019,08:01,B,172.168.1.8
      260,08/02/2019,08:19,B,172.168.1.8
       36,08/02/2019,08:25,B,172.168.1.8
       23,08/02/2019,08:41,B,172.168.1.8
       37,08/02/2019,08:47,B,172.168.1.8
      212,08/02/2019,08:55,B,172.168.1.8
      120,08/02/2019,08:56,B,172.168.1.8
       14,08/02/2019,08:56,B,172.168.1.8
      118,08/02/2019,08:59,B,172.168.1.8
      303,08/02/2019,08:59,B,172.168.1.8
      202,08/02/2019,09:00,B,172.168.1.8
      123,08/02/2019,09:02,B,172.168.1.8
       64,08/02/2019,09:03,B,172.168.1.8
      268,08/02/2019,09:07,B,172.168.1.8
      280,08/02/2019,09:09,B,172.168.1.8
       11,08/02/2019,09:10,B,172.168.1.8
       16,08/02/2019,09:11,B,172.168.1.8
       18,08/02/2019,09:11,B,172.168.1.8
      262,08/02/2019,09:14,B,172.168.1.8
      207,08/02/2019,09:16,B,172.168.1.8
      115,08/02/2019,09:16,B,172.168.1.8
      122,08/02/2019,09:17,B,172.168.1.8
      312,08/02/2019,09:19,B,172.168.1.8
       25,08/02/2019,09:21,B,172.168.1.8
       20,08/02/2019,09:21,B,172.168.1.8
      112,08/02/2019,09:23,B,172.168.1.8
       21,08/02/2019,09:24,B,172.168.1.8
       12,08/02/2019,09:24,B,172.168.1.8
       35,08/02/2019,09:27,B,172.168.1.8
      208,08/02/2019,09:33,B,172.168.1.8
      209,08/02/2019,09:36,B,172.168.1.8
      204,08/02/2019,09:36,B,172.168.1.8
      206,08/02/2019,09:38,B,172.168.1.8
      110,08/02/2019,09:41,B,172.168.1.8
       32,08/02/2019,09:42,B,172.168.1.8
      116,08/02/2019,09:42,B,172.168.1.8
       62,08/02/2019,09:51,B,172.168.1.8
      109,08/02/2019,09:53,B,172.168.1.8
      289,08/02/2019,09:53,B,172.168.1.8
      310,08/02/2019,10:01,B,172.168.1.8
       28,08/02/2019,10:02,B,172.168.1.8
       26,08/02/2019,10:07,B,172.168.1.8
       27,08/02/2019,10:07,B,172.168.1.8
       24,08/02/2019,10:08,B,172.168.1.8
       17,08/02/2019,10:13,B,172.168.1.8
       22,08/02/2019,10:14,B,172.168.1.8
       10,08/02/2019,10:18,B,172.168.1.8
        5,08/02/2019,10:18,B,172.168.1.8
        5,08/02/2019,10:18,B,172.168.1.8
      258,08/02/2019,10:21,B,172.168.1.8
      213,08/02/2019,10:21,B,172.168.1.8
      309,08/02/2019,10:27,B,172.168.1.8
      101,08/02/2019,10:27,B,172.168.1.8
      261,08/02/2019,10:28,B,172.168.1.8
      216,08/02/2019,10:28,B,172.168.1.8
      293,08/02/2019,10:34,B,172.168.1.8
      127,08/02/2019,10:48,B,172.168.1.8
      210,08/02/2019,10:49,B,172.168.1.8
       30,08/02/2019,10:50,B,172.168.1.8
        1,08/02/2019,11:00,B,172.168.1.8
        8,08/02/2019,11:01,B,172.168.1.8
      129,08/02/2019,11:04,B,172.168.1.8
        2,08/02/2019,11:05,B,172.168.1.8
      271,08/02/2019,11:11,B,172.168.1.8
       57,08/02/2019,11:18,B,172.168.1.8
       19,08/02/2019,11:18,B,172.168.1.8
      301,08/02/2019,11:32,B,172.168.1.8
      203,08/02/2019,11:58,B,172.168.1.8
      305,08/02/2019,12:06,B,172.168.1.8
       64,08/02/2019,12:23,B,172.168.1.8
      215,08/02/2019,13:21,B,172.168.1.8
       36,08/02/2019,13:31,B,172.168.1.8
      202,08/02/2019,14:02,B,172.168.1.8
       21,08/02/2019,14:15,B,172.168.1.8
      301,08/02/2019,14:16,B,172.168.1.8
      212,08/02/2019,14:31,B,172.168.1.8
      216,08/02/2019,14:33,B,172.168.1.8
      216,08/02/2019,14:33,B,172.168.1.8
      210,08/02/2019,14:40,B,172.168.1.8
       16,08/02/2019,14:42,B,172.168.1.8
       23,08/02/2019,14:45,B,172.168.1.8
       35,08/02/2019,14:45,B,172.168.1.8
      204,08/02/2019,14:50,B,172.168.1.8
      206,08/02/2019,14:52,B,172.168.1.8
      209,08/02/2019,14:53,B,172.168.1.8
      209,08/02/2019,14:53,B,172.168.1.8
      204,08/02/2019,14:53,B,172.168.1.8
      213,08/02/2019,14:54,B,172.168.1.8
       20,08/02/2019,15:02,B,172.168.1.8
       67,08/02/2019,15:03,B,172.168.1.8
      305,08/02/2019,15:19,B,172.168.1.8
       62,08/02/2019,15:25,B,172.168.1.8
      303,08/02/2019,15:30,B,172.168.1.8
      303,08/02/2019,15:30,B,172.168.1.8
      121,08/02/2019,15:43,B,172.168.1.8
       51,08/02/2019,15:45,B,172.168.1.8
      309,08/02/2019,15:56,B,172.168.1.8
      207,08/02/2019,16:08,B,172.168.1.8
      208,08/02/2019,16:09,B,172.168.1.8
      312,08/02/2019,16:10,B,172.168.1.8
       28,08/02/2019,16:16,B,172.168.1.8
       26,08/02/2019,16:16,B,172.168.1.8
       17,08/02/2019,16:32,B,172.168.1.8
       18,08/02/2019,16:36,B,172.168.1.8
       11,08/02/2019,16:37,B,172.168.1.8
       19,08/02/2019,16:46,B,172.168.1.8
       32,08/02/2019,16:54,B,172.168.1.8
      101,08/02/2019,17:01,B,172.168.1.8
       25,08/02/2019,17:01,B,172.168.1.8
       24,08/02/2019,17:04,B,172.168.1.8
      109,08/02/2019,17:06,B,172.168.1.8
      110,08/02/2019,17:06,B,172.168.1.8
       10,08/02/2019,17:11,B,172.168.1.8
      122,08/02/2019,17:12,B,172.168.1.8
      119,08/02/2019,17:13,B,172.168.1.8
       12,08/02/2019,17:22,B,172.168.1.8
        2,08/02/2019,17:22,B,172.168.1.8
       27,08/02/2019,17:27,B,172.168.1.8
      118,08/02/2019,17:29,B,172.168.1.8
       51,08/02/2019,17:30,B,172.168.1.8
      120,08/02/2019,17:30,B,172.168.1.8
      261,08/02/2019,17:34,B,172.168.1.8
      289,08/02/2019,17:35,B,172.168.1.8
        8,08/02/2019,17:37,B,172.168.1.8
      115,08/02/2019,17:38,B,172.168.1.8
      260,08/02/2019,17:39,B,172.168.1.8
      258,08/02/2019,17:42,B,172.168.1.8
       30,08/02/2019,17:44,B,172.168.1.8
      127,08/02/2019,17:46,B,172.168.1.8
      129,08/02/2019,17:50,B,172.168.1.8
      280,08/02/2019,17:51,B,172.168.1.8
      271,08/02/2019,17:52,B,172.168.1.8
      251,08/02/2019,17:52,B,172.168.1.8
        1,08/02/2019,17:57,B,172.168.1.8
      112,08/02/2019,17:59,B,172.168.1.8
      116,08/02/2019,18:00,B,172.168.1.8
      123,08/02/2019,18:03,B,172.168.1.8
      310,08/02/2019,18:30,B,172.168.1.8
      310,08/02/2019,18:31,B,172.168.1.8
      129,08/02/2019,18:32,B,172.168.1.8
      287,08/02/2019,18:34,B,172.168.1.8
      273,08/02/2019,18:36,B,172.168.1.8
      296,08/02/2019,18:38,B,172.168.1.8
      114,08/02/2019,18:44,B,172.168.1.8
      293,08/02/2019,18:45,B,172.168.1.8
      112,08/02/2019,18:46,B,172.168.1.8
      262,08/02/2019,19:07,B,172.168.1.8
      255,08/02/2019,19:08,B,172.168.1.8
      121,09/02/2019,06:36,B,172.168.1.8
      273,09/02/2019,07:33,B,172.168.1.8
      209,09/02/2019,07:41,B,172.168.1.8
      287,09/02/2019,07:46,B,172.168.1.8
      210,09/02/2019,07:49,B,172.168.1.8
      255,09/02/2019,08:00,B,172.168.1.8
      260,09/02/2019,08:12,B,172.168.1.8
      280,09/02/2019,08:19,B,172.168.1.8
       11,09/02/2019,08:52,B,172.168.1.8
       36,09/02/2019,08:54,B,172.168.1.8
      204,09/02/2019,08:56,B,172.168.1.8
      296,09/02/2019,08:57,B,172.168.1.8
      208,09/02/2019,08:58,B,172.168.1.8
      206,09/02/2019,08:58,B,172.168.1.8
       23,09/02/2019,09:00,B,172.168.1.8
       16,09/02/2019,09:02,B,172.168.1.8
       18,09/02/2019,09:02,B,172.168.1.8
       35,09/02/2019,09:03,B,172.168.1.8
       12,09/02/2019,09:07,B,172.168.1.8
       65,09/02/2019,09:07,B,172.168.1.8
      112,09/02/2019,09:07,B,172.168.1.8
      268,09/02/2019,09:09,B,172.168.1.8
      202,09/02/2019,09:10,B,172.168.1.8
      262,09/02/2019,09:13,B,172.168.1.8
       17,09/02/2019,09:17,B,172.168.1.8
      118,09/02/2019,09:17,B,172.168.1.8
       32,09/02/2019,09:17,B,172.168.1.8
       25,09/02/2019,09:24,B,172.168.1.8
      213,09/02/2019,09:31,B,172.168.1.8
      115,09/02/2019,09:32,B,172.168.1.8
      207,09/02/2019,09:32,B,172.168.1.8
        8,09/02/2019,09:37,B,172.168.1.8
       62,09/02/2019,09:39,B,172.168.1.8
       10,09/02/2019,09:39,B,172.168.1.8
       28,09/02/2019,09:42,B,172.168.1.8
      312,09/02/2019,09:45,B,172.168.1.8
      212,09/02/2019,09:50,B,172.168.1.8
      116,09/02/2019,09:57,B,172.168.1.8
      289,09/02/2019,09:57,B,172.168.1.8
       30,09/02/2019,09:58,B,172.168.1.8
       20,09/02/2019,09:58,B,172.168.1.8
      209,09/02/2019,10:01,B,172.168.1.8
      261,09/02/2019,10:10,B,172.168.1.8
      211,09/02/2019,10:12,B,172.168.1.8
      271,09/02/2019,10:12,B,172.168.1.8
       24,09/02/2019,10:15,B,172.168.1.8
      303,09/02/2019,10:16,B,172.168.1.8
        9,09/02/2019,10:21,B,172.168.1.8
        5,09/02/2019,10:25,B,172.168.1.8
      216,09/02/2019,10:28,B,172.168.1.8
       26,09/02/2019,10:28,B,172.168.1.8
      204,09/02/2019,10:42,B,172.168.1.8
      215,09/02/2019,10:49,B,172.168.1.8
      293,09/02/2019,10:53,B,172.168.1.8
      291,09/02/2019,10:53,B,172.168.1.8
       36,09/02/2019,10:56,B,172.168.1.8
        2,09/02/2019,11:06,B,172.168.1.8
      206,09/02/2019,11:06,B,172.168.1.8
       19,09/02/2019,11:06,B,172.168.1.8
       29,09/02/2019,11:10,B,172.168.1.8
      208,09/02/2019,11:10,B,172.168.1.8
      251,09/02/2019,11:12,B,172.168.1.8
       22,09/02/2019,11:36,B,172.168.1.8
       27,09/02/2019,11:37,B,172.168.1.8
      202,09/02/2019,11:40,B,172.168.1.8
       16,09/02/2019,11:49,B,172.168.1.8
       35,09/02/2019,12:02,B,172.168.1.8
       62,09/02/2019,12:19,B,172.168.1.8
      303,09/02/2019,12:19,B,172.168.1.8
      210,09/02/2019,12:20,B,172.168.1.8
      210,09/02/2019,12:21,B,172.168.1.8
      211,09/02/2019,12:27,B,172.168.1.8
      213,09/02/2019,12:48,B,172.168.1.8
      212,09/02/2019,12:52,B,172.168.1.8
      216,09/02/2019,12:53,B,172.168.1.8
        9,09/02/2019,12:55,B,172.168.1.8
       24,09/02/2019,12:58,B,172.168.1.8
       18,09/02/2019,13:04,B,172.168.1.8
       11,09/02/2019,13:04,B,172.168.1.8
       17,09/02/2019,13:07,B,172.168.1.8
        5,09/02/2019,13:09,B,172.168.1.8
      215,09/02/2019,13:09,B,172.168.1.8
       17,09/02/2019,13:31,B,172.168.1.8
       20,09/02/2019,13:42,B,172.168.1.8
       30,09/02/2019,13:49,B,172.168.1.8
       19,09/02/2019,13:56,B,172.168.1.8
       29,09/02/2019,13:59,B,172.168.1.8
       29,09/02/2019,14:02,B,172.168.1.8
      312,09/02/2019,14:04,B,172.168.1.8
       22,09/02/2019,14:27,B,172.168.1.8
      291,09/02/2019,14:37,B,172.168.1.8
       26,09/02/2019,14:53,B,172.168.1.8
       12,09/02/2019,14:55,B,172.168.1.8
        2,09/02/2019,14:55,B,172.168.1.8
       57,09/02/2019,14:59,B,172.168.1.8
      121,09/02/2019,15:12,B,172.168.1.8
       27,09/02/2019,15:14,B,172.168.1.8
       65,09/02/2019,15:17,B,172.168.1.8
       23,09/02/2019,15:20,B,172.168.1.8
       32,09/02/2019,15:28,B,172.168.1.8
      207,09/02/2019,15:46,B,172.168.1.8
      289,09/02/2019,16:10,B,172.168.1.8
      261,09/02/2019,16:10,B,172.168.1.8
       28,09/02/2019,16:12,B,172.168.1.8
       37,09/02/2019,16:35,B,172.168.1.8
      273,09/02/2019,16:46,B,172.168.1.8
       25,09/02/2019,16:58,B,172.168.1.8
      118,09/02/2019,17:07,B,172.168.1.8
      251,09/02/2019,17:07,B,172.168.1.8
      115,09/02/2019,17:07,B,172.168.1.8
      271,09/02/2019,17:07,B,172.168.1.8
      293,09/02/2019,17:32,B,172.168.1.8
      260,09/02/2019,17:38,B,172.168.1.8
      287,09/02/2019,17:43,B,172.168.1.8
      116,09/02/2019,17:44,B,172.168.1.8
      268,09/02/2019,17:44,B,172.168.1.8
      296,09/02/2019,17:44,B,172.168.1.8
      280,09/02/2019,17:45,B,172.168.1.8
      262,09/02/2019,18:00,B,172.168.1.8
      255,09/02/2019,18:00,B,172.168.1.8
      112,09/02/2019,18:00,B,172.168.1.8
      121,11/02/2019,06:48,B,172.168.1.8
       63,11/02/2019,07:39,B,172.168.1.8
      287,11/02/2019,07:43,B,172.168.1.8
      119,11/02/2019,07:49,B,172.168.1.8
      273,11/02/2019,07:56,B,172.168.1.8
      291,11/02/2019,08:02,B,172.168.1.8
      255,11/02/2019,08:03,B,172.168.1.8
      301,11/02/2019,08:03,B,172.168.1.8
       42,11/02/2019,08:10,B,172.168.1.8
      260,11/02/2019,08:15,B,172.168.1.8
      280,11/02/2019,08:15,B,172.168.1.8
      207,11/02/2019,08:15,B,172.168.1.8
       52,11/02/2019,08:24,B,172.168.1.8
       65,11/02/2019,08:27,B,172.168.1.8
      210,11/02/2019,08:43,B,172.168.1.8
      120,11/02/2019,08:44,B,172.168.1.8
      296,11/02/2019,08:47,B,172.168.1.8
      115,11/02/2019,08:49,B,172.168.1.8
       32,11/02/2019,08:50,B,172.168.1.8
      112,11/02/2019,08:53,B,172.168.1.8
      303,11/02/2019,08:53,B,172.168.1.8
      268,11/02/2019,08:53,B,172.168.1.8
       16,11/02/2019,08:54,B,172.168.1.8
      215,11/02/2019,08:56,B,172.168.1.8
      211,11/02/2019,08:56,B,172.168.1.8
      125,11/02/2019,08:57,B,172.168.1.8
      214,11/02/2019,08:58,B,172.168.1.8
       18,11/02/2019,09:02,B,172.168.1.8
      209,11/02/2019,09:02,B,172.168.1.8
       23,11/02/2019,09:04,B,172.168.1.8
        8,11/02/2019,09:06,B,172.168.1.8
      202,11/02/2019,09:08,B,172.168.1.8
      262,11/02/2019,09:15,B,172.168.1.8
      122,11/02/2019,09:17,B,172.168.1.8
       25,11/02/2019,09:21,B,172.168.1.8
      118,11/02/2019,09:22,B,172.168.1.8
       20,11/02/2019,09:25,B,172.168.1.8
       36,11/02/2019,09:30,B,172.168.1.8
      114,11/02/2019,09:33,B,172.168.1.8
      123,11/02/2019,09:35,B,172.168.1.8
        5,11/02/2019,09:37,B,172.168.1.8
       10,11/02/2019,09:37,B,172.168.1.8
      117,11/02/2019,09:39,B,172.168.1.8
       28,11/02/2019,09:41,B,172.168.1.8
      110,11/02/2019,09:43,B,172.168.1.8
       26,11/02/2019,09:44,B,172.168.1.8
      213,11/02/2019,09:45,B,172.168.1.8
      206,11/02/2019,09:46,B,172.168.1.8
      204,11/02/2019,09:48,B,172.168.1.8
       62,11/02/2019,09:48,B,172.168.1.8
      216,11/02/2019,09:50,B,172.168.1.8
      109,11/02/2019,09:56,B,172.168.1.8
      256,11/02/2019,09:57,B,172.168.1.8
       12,11/02/2019,09:57,B,172.168.1.8
      116,11/02/2019,09:57,B,172.168.1.8
      289,11/02/2019,09:57,B,172.168.1.8
      310,11/02/2019,09:59,B,172.168.1.8
      290,11/02/2019,10:01,B,172.168.1.8
      271,11/02/2019,10:02,B,172.168.1.8
      127,11/02/2019,10:06,B,172.168.1.8
      101,11/02/2019,10:11,B,172.168.1.8
       35,11/02/2019,10:13,B,172.168.1.8
      129,11/02/2019,10:13,B,172.168.1.8
      203,11/02/2019,10:16,B,172.168.1.8
        1,11/02/2019,10:19,B,172.168.1.8
      261,11/02/2019,10:22,B,172.168.1.8
       17,11/02/2019,10:25,B,172.168.1.8
       21,11/02/2019,10:25,B,172.168.1.8
      309,11/02/2019,10:27,B,172.168.1.8
      201,11/02/2019,10:29,B,172.168.1.8
      293,11/02/2019,10:30,B,172.168.1.8
      251,11/02/2019,10:32,B,172.168.1.8
       42,11/02/2019,10:34,B,172.168.1.8
      254,11/02/2019,10:42,B,172.168.1.8
       27,11/02/2019,10:44,B,172.168.1.8
       22,11/02/2019,10:49,B,172.168.1.8
       11,11/02/2019,11:10,B,172.168.1.8
        9,11/02/2019,11:16,B,172.168.1.8
      312,11/02/2019,11:16,B,172.168.1.8
       70,11/02/2019,11:19,B,172.168.1.8
       19,11/02/2019,11:24,B,172.168.1.8
       30,11/02/2019,11:29,B,172.168.1.8
      305,11/02/2019,11:34,B,172.168.1.8
        2,11/02/2019,11:46,B,172.168.1.8
       52,11/02/2019,11:49,B,172.168.1.8
       67,11/02/2019,12:37,B,172.168.1.8
       51,11/02/2019,12:38,B,172.168.1.8
      309,11/02/2019,12:38,B,172.168.1.8
      213,11/02/2019,12:51,B,172.168.1.8
      215,11/02/2019,12:54,B,172.168.1.8
      207,11/02/2019,13:15,B,172.168.1.8
       67,11/02/2019,13:43,B,172.168.1.8
       65,11/02/2019,13:45,B,172.168.1.8
      301,11/02/2019,13:50,B,172.168.1.8
       64,11/02/2019,14:01,B,172.168.1.8
       18,11/02/2019,14:03,B,172.168.1.8
      211,11/02/2019,14:03,B,172.168.1.8
      209,11/02/2019,14:08,B,172.168.1.8
      214,11/02/2019,14:17,B,172.168.1.8
       28,11/02/2019,14:23,B,172.168.1.8
       16,11/02/2019,14:34,B,172.168.1.8
      204,11/02/2019,14:35,B,172.168.1.8
      206,11/02/2019,14:36,B,172.168.1.8
      204,11/02/2019,14:36,B,172.168.1.8
       36,11/02/2019,14:37,B,172.168.1.8
      202,11/02/2019,14:38,B,172.168.1.8
      201,11/02/2019,14:38,B,172.168.1.8
      203,11/02/2019,14:39,B,172.168.1.8
       62,11/02/2019,14:45,B,172.168.1.8
      216,11/02/2019,14:50,B,172.168.1.8
      303,11/02/2019,15:04,B,172.168.1.8
      305,11/02/2019,15:12,B,172.168.1.8
      121,11/02/2019,15:14,B,172.168.1.8
       64,11/02/2019,15:48,B,172.168.1.8
       51,11/02/2019,15:50,B,172.168.1.8
       20,11/02/2019,16:00,B,172.168.1.8
       32,11/02/2019,16:00,B,172.168.1.8
      291,11/02/2019,16:01,B,172.168.1.8
        5,11/02/2019,16:02,B,172.168.1.8
       23,11/02/2019,16:03,B,172.168.1.8
        5,11/02/2019,16:03,B,172.168.1.8
       21,11/02/2019,16:05,B,172.168.1.8
       35,11/02/2019,16:14,B,172.168.1.8
       22,11/02/2019,16:36,B,172.168.1.8
       22,11/02/2019,16:37,B,172.168.1.8
      125,11/02/2019,16:39,B,172.168.1.8
      251,11/02/2019,16:40,B,172.168.1.8
      119,11/02/2019,16:42,B,172.168.1.8
       11,11/02/2019,16:49,B,172.168.1.8
        9,11/02/2019,16:49,B,172.168.1.8
       27,11/02/2019,16:52,B,172.168.1.8
       26,11/02/2019,16:53,B,172.168.1.8
       29,11/02/2019,16:57,B,172.168.1.8
       10,11/02/2019,16:57,B,172.168.1.8
       25,11/02/2019,16:58,B,172.168.1.8
        2,11/02/2019,17:02,B,172.168.1.8
      312,11/02/2019,17:03,B,172.168.1.8
       12,11/02/2019,17:05,B,172.168.1.8
       19,11/02/2019,17:06,B,172.168.1.8
      210,11/02/2019,17:10,B,172.168.1.8
      110,11/02/2019,17:16,B,172.168.1.8
      115,11/02/2019,17:16,B,172.168.1.8
      109,11/02/2019,17:16,B,172.168.1.8
      127,11/02/2019,17:19,B,172.168.1.8
        1,11/02/2019,17:20,B,172.168.1.8
      289,11/02/2019,17:23,B,172.168.1.8
      261,11/02/2019,17:24,B,172.168.1.8
      120,11/02/2019,17:24,B,172.168.1.8
      122,11/02/2019,17:25,B,172.168.1.8
      256,11/02/2019,17:25,B,172.168.1.8
      254,11/02/2019,17:26,B,172.168.1.8
      280,11/02/2019,17:27,B,172.168.1.8
      271,11/02/2019,17:27,B,172.168.1.8
      273,11/02/2019,17:29,B,172.168.1.8
       30,11/02/2019,17:31,B,172.168.1.8
        8,11/02/2019,17:32,B,172.168.1.8
      101,11/02/2019,17:33,B,172.168.1.8
      101,11/02/2019,17:34,B,172.168.1.8
      114,11/02/2019,17:36,B,172.168.1.8
      260,11/02/2019,17:36,B,172.168.1.8
      293,11/02/2019,17:50,B,172.168.1.8
      129,11/02/2019,17:55,B,172.168.1.8
      287,11/02/2019,18:00,B,172.168.1.8
      268,11/02/2019,18:00,B,172.168.1.8
      287,11/02/2019,18:04,B,172.168.1.8
      296,11/02/2019,18:04,B,172.168.1.8
      268,11/02/2019,18:04,B,172.168.1.8
      290,11/02/2019,18:04,B,172.168.1.8
      268,11/02/2019,18:04,B,172.168.1.8
      123,11/02/2019,18:06,B,172.168.1.8
      116,11/02/2019,18:07,B,172.168.1.8
      310,11/02/2019,18:08,B,172.168.1.8
      117,11/02/2019,18:09,B,172.168.1.8
      112,11/02/2019,18:09,B,172.168.1.8
      255,11/02/2019,18:10,B,172.168.1.8
      262,11/02/2019,18:10,B,172.168.1.8
      255,11/02/2019,18:11,B,172.168.1.8
      112,11/02/2019,18:11,B,172.168.1.8
      262,11/02/2019,18:11,B,172.168.1.8
      121,12/02/2019,06:47,B,172.168.1.8
      273,12/02/2019,07:13,B,172.168.1.8
       54,12/02/2019,07:42,B,172.168.1.8
       42,12/02/2019,07:49,B,172.168.1.8
      255,12/02/2019,07:56,B,172.168.1.8
      287,12/02/2019,08:01,B,172.168.1.8
      215,12/02/2019,08:02,B,172.168.1.8
      210,12/02/2019,08:08,B,172.168.1.8
      207,12/02/2019,08:10,B,172.168.1.8
       52,12/02/2019,08:11,B,172.168.1.8
      260,12/02/2019,08:13,B,172.168.1.8
      125,12/02/2019,08:19,B,172.168.1.8
       18,12/02/2019,08:28,B,172.168.1.8
      204,12/02/2019,08:36,B,172.168.1.8
      280,12/02/2019,08:40,B,172.168.1.8
      206,12/02/2019,08:42,B,172.168.1.8
      296,12/02/2019,08:47,B,172.168.1.8
      268,12/02/2019,08:52,B,172.168.1.8
       11,12/02/2019,08:53,B,172.168.1.8
      120,12/02/2019,08:53,B,172.168.1.8
      211,12/02/2019,08:54,B,172.168.1.8
       23,12/02/2019,08:55,B,172.168.1.8
       16,12/02/2019,08:56,B,172.168.1.8
      209,12/02/2019,08:58,B,172.168.1.8
      312,12/02/2019,08:59,B,172.168.1.8
      262,12/02/2019,09:00,B,172.168.1.8
      208,12/02/2019,09:01,B,172.168.1.8
      112,12/02/2019,09:02,B,172.168.1.8
       17,12/02/2019,09:02,B,172.168.1.8
      291,12/02/2019,09:03,B,172.168.1.8
       12,12/02/2019,09:05,B,172.168.1.8
       20,12/02/2019,09:15,B,172.168.1.8
      119,12/02/2019,09:16,B,172.168.1.8
      216,12/02/2019,09:20,B,172.168.1.8
      122,12/02/2019,09:21,B,172.168.1.8
      309,12/02/2019,09:22,B,172.168.1.8
        9,12/02/2019,09:26,B,172.168.1.8
       25,12/02/2019,09:27,B,172.168.1.8
      202,12/02/2019,09:27,B,172.168.1.8
      202,12/02/2019,09:27,B,172.168.1.8
      118,12/02/2019,09:32,B,172.168.1.8
      203,12/02/2019,09:33,B,172.168.1.8
      201,12/02/2019,09:37,B,172.168.1.8
      123,12/02/2019,09:42,B,172.168.1.8
      303,12/02/2019,09:46,B,172.168.1.8
       30,12/02/2019,09:49,B,172.168.1.8
      110,12/02/2019,09:49,B,172.168.1.8
      110,12/02/2019,09:49,B,172.168.1.8
       35,12/02/2019,09:50,B,172.168.1.8
      114,12/02/2019,09:51,B,172.168.1.8
      213,12/02/2019,09:52,B,172.168.1.8
      258,12/02/2019,09:52,B,172.168.1.8
      256,12/02/2019,09:56,B,172.168.1.8
      289,12/02/2019,09:57,B,172.168.1.8
       10,12/02/2019,09:58,B,172.168.1.8
      310,12/02/2019,09:58,B,172.168.1.8
        5,12/02/2019,10:00,B,172.168.1.8
        8,12/02/2019,10:01,B,172.168.1.8
      109,12/02/2019,10:01,B,172.168.1.8
      127,12/02/2019,10:01,B,172.168.1.8
      116,12/02/2019,10:03,B,172.168.1.8
      129,12/02/2019,10:08,B,172.168.1.8
       28,12/02/2019,10:08,B,172.168.1.8
      251,12/02/2019,10:11,B,172.168.1.8
      271,12/02/2019,10:12,B,172.168.1.8
      293,12/02/2019,10:13,B,172.168.1.8
       54,12/02/2019,10:15,B,172.168.1.8
       42,12/02/2019,10:15,B,172.168.1.8
      295,12/02/2019,10:23,B,172.168.1.8
      261,12/02/2019,10:27,B,172.168.1.8
      101,12/02/2019,10:33,B,172.168.1.8
       21,12/02/2019,10:34,B,172.168.1.8
      258,12/02/2019,10:54,B,172.168.1.8
      254,12/02/2019,10:56,B,172.168.1.8
       19,12/02/2019,11:14,B,172.168.1.8
       26,12/02/2019,11:16,B,172.168.1.8
        2,12/02/2019,11:17,B,172.168.1.8
       29,12/02/2019,11:36,B,172.168.1.8
      309,12/02/2019,11:44,B,172.168.1.8
      305,12/02/2019,11:49,B,172.168.1.8
       22,12/02/2019,12:04,B,172.168.1.8
       22,12/02/2019,12:05,B,172.168.1.8
      311,12/02/2019,12:14,B,172.168.1.8
       70,12/02/2019,12:24,B,172.168.1.8
       52,12/02/2019,12:45,B,172.168.1.8
      215,12/02/2019,13:02,B,172.168.1.8
       51,12/02/2019,13:41,B,172.168.1.8
      206,12/02/2019,13:42,B,172.168.1.8
       69,12/02/2019,13:45,B,172.168.1.8
      204,12/02/2019,13:53,B,172.168.1.8
      204,12/02/2019,13:59,B,172.168.1.8
      213,12/02/2019,14:00,B,172.168.1.8
      209,12/02/2019,14:00,B,172.168.1.8
      211,12/02/2019,14:01,B,172.168.1.8
      208,12/02/2019,14:02,B,172.168.1.8
      203,12/02/2019,14:07,B,172.168.1.8
      201,12/02/2019,14:07,B,172.168.1.8
      210,12/02/2019,14:17,B,172.168.1.8
      202,12/02/2019,14:26,B,172.168.1.8
      216,12/02/2019,14:27,B,172.168.1.8
      303,12/02/2019,14:34,B,172.168.1.8
       16,12/02/2019,14:43,B,172.168.1.8
       20,12/02/2019,15:08,B,172.168.1.8
       71,12/02/2019,15:09,B,172.168.1.8
       71,12/02/2019,15:10,B,172.168.1.8
       69,12/02/2019,15:27,B,172.168.1.8
      121,12/02/2019,15:30,B,172.168.1.8
       26,12/02/2019,15:39,B,172.168.1.8
      305,12/02/2019,15:40,B,172.168.1.8
       35,12/02/2019,15:47,B,172.168.1.8
        5,12/02/2019,15:54,B,172.168.1.8
        9,12/02/2019,15:57,B,172.168.1.8
        2,12/02/2019,16:10,B,172.168.1.8
      291,12/02/2019,16:11,B,172.168.1.8
      312,12/02/2019,16:11,B,172.168.1.8
       28,12/02/2019,16:14,B,172.168.1.8
       11,12/02/2019,16:20,B,172.168.1.8
        2,12/02/2019,16:22,B,172.168.1.8
      125,12/02/2019,16:31,B,172.168.1.8
       10,12/02/2019,16:39,B,172.168.1.8
      119,12/02/2019,16:46,B,172.168.1.8
       19,12/02/2019,16:50,B,172.168.1.8
       18,12/02/2019,16:57,B,172.168.1.8
       25,12/02/2019,16:58,B,172.168.1.8
       12,12/02/2019,17:06,B,172.168.1.8
       23,12/02/2019,17:07,B,172.168.1.8
       22,12/02/2019,17:12,B,172.168.1.8
      110,12/02/2019,17:12,B,172.168.1.8
      110,12/02/2019,17:12,B,172.168.1.8
       17,12/02/2019,17:14,B,172.168.1.8
      109,12/02/2019,17:14,B,172.168.1.8
      116,12/02/2019,17:14,B,172.168.1.8
      127,12/02/2019,17:16,B,172.168.1.8
      289,12/02/2019,17:18,B,172.168.1.8
       51,12/02/2019,17:19,B,172.168.1.8
      120,12/02/2019,17:20,B,172.168.1.8
      280,12/02/2019,17:20,B,172.168.1.8
      261,12/02/2019,17:20,B,172.168.1.8
      271,12/02/2019,17:20,B,172.168.1.8
      118,12/02/2019,17:22,B,172.168.1.8
      273,12/02/2019,17:22,B,172.168.1.8
      122,12/02/2019,17:25,B,172.168.1.8
      251,12/02/2019,17:26,B,172.168.1.8
      254,12/02/2019,17:27,B,172.168.1.8
      101,12/02/2019,17:27,B,172.168.1.8
      254,12/02/2019,17:27,B,172.168.1.8
      295,12/02/2019,17:28,B,172.168.1.8
       30,12/02/2019,17:37,B,172.168.1.8
      311,12/02/2019,17:40,B,172.168.1.8
      129,12/02/2019,17:40,B,172.168.1.8
      260,12/02/2019,17:42,B,172.168.1.8
      256,12/02/2019,17:42,B,172.168.1.8
      123,12/02/2019,17:43,B,172.168.1.8
      114,12/02/2019,17:48,B,172.168.1.8
       37,12/02/2019,17:53,B,172.168.1.8
      293,12/02/2019,17:58,B,172.168.1.8
        8,12/02/2019,18:02,B,172.168.1.8
      310,12/02/2019,18:07,B,172.168.1.8
      310,12/02/2019,18:10,B,172.168.1.8
      296,12/02/2019,18:10,B,172.168.1.8
      287,12/02/2019,18:15,B,172.168.1.8
      268,12/02/2019,18:15,B,172.168.1.8
      262,12/02/2019,19:00,B,172.168.1.8
      255,12/02/2019,19:00,B,172.168.1.8
      112,12/02/2019,19:00,B,172.168.1.8
      121,13/02/2019,06:51,B,172.168.1.8
      126,13/02/2019,07:20,B,172.168.1.8
      273,13/02/2019,07:25,B,172.168.1.8
       42,13/02/2019,07:50,B,172.168.1.8
      255,13/02/2019,08:00,B,172.168.1.8
      112,13/02/2019,08:02,B,172.168.1.8
      287,13/02/2019,08:05,B,172.168.1.8
      207,13/02/2019,08:11,B,172.168.1.8
      208,13/02/2019,08:17,B,172.168.1.8
      210,13/02/2019,08:19,B,172.168.1.8
      125,13/02/2019,08:20,B,172.168.1.8
      260,13/02/2019,08:21,B,172.168.1.8
       52,13/02/2019,08:22,B,172.168.1.8
      291,13/02/2019,08:24,B,172.168.1.8
       16,13/02/2019,08:27,B,172.168.1.8
      301,13/02/2019,08:30,B,172.168.1.8
      203,13/02/2019,08:36,B,172.168.1.8
      211,13/02/2019,08:38,B,172.168.1.8
      215,13/02/2019,08:42,B,172.168.1.8
       11,13/02/2019,08:43,B,172.168.1.8
      120,13/02/2019,08:45,B,172.168.1.8
      119,13/02/2019,08:45,B,172.168.1.8
       23,13/02/2019,08:50,B,172.168.1.8
      296,13/02/2019,08:53,B,172.168.1.8
      268,13/02/2019,09:01,B,172.168.1.8
      204,13/02/2019,09:03,B,172.168.1.8
      209,13/02/2019,09:03,B,172.168.1.8
      209,13/02/2019,09:03,B,172.168.1.8
      204,13/02/2019,09:03,B,172.168.1.8
      312,13/02/2019,09:04,B,172.168.1.8
       12,13/02/2019,09:05,B,172.168.1.8
       18,13/02/2019,09:06,B,172.168.1.8
      216,13/02/2019,09:09,B,172.168.1.8
      280,13/02/2019,09:10,B,172.168.1.8
       25,13/02/2019,09:10,B,172.168.1.8
       36,13/02/2019,09:14,B,172.168.1.8
       32,13/02/2019,09:25,B,172.168.1.8
      116,13/02/2019,09:39,B,172.168.1.8
       30,13/02/2019,09:42,B,172.168.1.8
       26,13/02/2019,09:42,B,172.168.1.8
      206,13/02/2019,09:43,B,172.168.1.8
       62,13/02/2019,09:47,B,172.168.1.8
        5,13/02/2019,09:48,B,172.168.1.8
      258,13/02/2019,09:49,B,172.168.1.8
      114,13/02/2019,09:51,B,172.168.1.8
      123,13/02/2019,09:51,B,172.168.1.8
      213,13/02/2019,09:55,B,172.168.1.8
      109,13/02/2019,09:56,B,172.168.1.8
      289,13/02/2019,09:57,B,172.168.1.8
        9,13/02/2019,09:59,B,172.168.1.8
      310,13/02/2019,09:59,B,172.168.1.8
      256,13/02/2019,09:59,B,172.168.1.8
      293,13/02/2019,10:01,B,172.168.1.8
      290,13/02/2019,10:01,B,172.168.1.8
      271,13/02/2019,10:03,B,172.168.1.8
      295,13/02/2019,10:08,B,172.168.1.8
       28,13/02/2019,10:08,B,172.168.1.8
       35,13/02/2019,10:13,B,172.168.1.8
      129,13/02/2019,10:16,B,172.168.1.8
       17,13/02/2019,10:17,B,172.168.1.8
       14,13/02/2019,10:20,B,172.168.1.8
        1,13/02/2019,10:23,B,172.168.1.8
      101,13/02/2019,10:24,B,172.168.1.8
      261,13/02/2019,10:24,B,172.168.1.8
      251,13/02/2019,10:29,B,172.168.1.8
      254,13/02/2019,10:36,B,172.168.1.8
       57,13/02/2019,10:47,B,172.168.1.8
        8,13/02/2019,10:51,B,172.168.1.8
       21,13/02/2019,10:59,B,172.168.1.8
       19,13/02/2019,11:10,B,172.168.1.8
       29,13/02/2019,11:17,B,172.168.1.8
       10,13/02/2019,11:22,B,172.168.1.8
       27,13/02/2019,11:28,B,172.168.1.8
       42,13/02/2019,11:50,B,172.168.1.8
        2,13/02/2019,11:54,B,172.168.1.8
      309,13/02/2019,11:56,B,172.168.1.8
       22,13/02/2019,11:58,B,172.168.1.8
       71,13/02/2019,12:16,B,172.168.1.8
       65,13/02/2019,12:45,B,172.168.1.8
      207,13/02/2019,13:12,B,172.168.1.8
      208,13/02/2019,13:17,B,172.168.1.8
      215,13/02/2019,13:24,B,172.168.1.8
      210,13/02/2019,13:28,B,172.168.1.8
      210,13/02/2019,13:29,B,172.168.1.8
       16,13/02/2019,13:30,B,172.168.1.8
      127,13/02/2019,13:34,B,172.168.1.8
      203,13/02/2019,13:34,B,172.168.1.8
      211,13/02/2019,13:37,B,172.168.1.8
       52,13/02/2019,13:40,B,172.168.1.8
       28,13/02/2019,13:55,B,172.168.1.8
      309,13/02/2019,13:56,B,172.168.1.8
      204,13/02/2019,14:02,B,172.168.1.8
      213,13/02/2019,14:02,B,172.168.1.8
      209,13/02/2019,14:03,B,172.168.1.8
       64,13/02/2019,14:05,B,172.168.1.8
      216,13/02/2019,14:10,B,172.168.1.8
      122,13/02/2019,14:21,B,172.168.1.8
      122,13/02/2019,14:35,B,172.168.1.8
       23,13/02/2019,14:36,B,172.168.1.8
      206,13/02/2019,14:39,B,172.168.1.8
      311,13/02/2019,14:43,B,172.168.1.8
       36,13/02/2019,14:47,B,172.168.1.8
       62,13/02/2019,15:28,B,172.168.1.8
       11,13/02/2019,15:32,B,172.168.1.8
      121,13/02/2019,15:33,B,172.168.1.8
      126,13/02/2019,15:34,B,172.168.1.8
      291,13/02/2019,15:39,B,172.168.1.8
       18,13/02/2019,15:43,B,172.168.1.8
        8,13/02/2019,15:44,B,172.168.1.8
      126,13/02/2019,15:49,B,172.168.1.8
       64,13/02/2019,15:50,B,172.168.1.8
       35,13/02/2019,16:06,B,172.168.1.8
        5,13/02/2019,16:16,B,172.168.1.8
        9,13/02/2019,16:21,B,172.168.1.8
      125,13/02/2019,16:21,B,172.168.1.8
       71,13/02/2019,16:33,B,172.168.1.8
       21,13/02/2019,16:40,B,172.168.1.8
      119,13/02/2019,16:41,B,172.168.1.8
       27,13/02/2019,16:44,B,172.168.1.8
        2,13/02/2019,16:47,B,172.168.1.8
       32,13/02/2019,16:47,B,172.168.1.8
      312,13/02/2019,16:48,B,172.168.1.8
       26,13/02/2019,16:50,B,172.168.1.8
       10,13/02/2019,16:51,B,172.168.1.8
      311,13/02/2019,16:53,B,172.168.1.8
       29,13/02/2019,16:55,B,172.168.1.8
       12,13/02/2019,16:56,B,172.168.1.8
       25,13/02/2019,16:59,B,172.168.1.8
       65,13/02/2019,17:00,B,172.168.1.8
       19,13/02/2019,17:05,B,172.168.1.8
       14,13/02/2019,17:06,B,172.168.1.8
      127,13/02/2019,17:07,B,172.168.1.8
      109,13/02/2019,17:15,B,172.168.1.8
      295,13/02/2019,17:15,B,172.168.1.8
       22,13/02/2019,17:20,B,172.168.1.8
      301,13/02/2019,17:22,B,172.168.1.8
      120,13/02/2019,17:23,B,172.168.1.8
      289,13/02/2019,17:23,B,172.168.1.8
      261,13/02/2019,17:23,B,172.168.1.8
      271,13/02/2019,17:25,B,172.168.1.8
      280,13/02/2019,17:26,B,172.168.1.8
      254,13/02/2019,17:30,B,172.168.1.8
      101,13/02/2019,17:31,B,172.168.1.8
      251,13/02/2019,17:31,B,172.168.1.8
      258,13/02/2019,17:31,B,172.168.1.8
      273,13/02/2019,17:34,B,172.168.1.8
      260,13/02/2019,17:36,B,172.168.1.8
       30,13/02/2019,17:37,B,172.168.1.8
      129,13/02/2019,17:41,B,172.168.1.8
      114,13/02/2019,17:42,B,172.168.1.8
        1,13/02/2019,17:42,B,172.168.1.8
       17,13/02/2019,17:45,B,172.168.1.8
      129,13/02/2019,17:46,B,172.168.1.8
      287,13/02/2019,17:46,B,172.168.1.8
      293,13/02/2019,17:46,B,172.168.1.8
      268,13/02/2019,17:47,B,172.168.1.8
      287,13/02/2019,17:50,B,172.168.1.8
      268,13/02/2019,17:51,B,172.168.1.8
      296,13/02/2019,17:52,B,172.168.1.8
      268,13/02/2019,17:52,B,172.168.1.8
      256,13/02/2019,17:52,B,172.168.1.8
      123,13/02/2019,18:02,B,172.168.1.8
      310,13/02/2019,18:13,B,172.168.1.8
      116,13/02/2019,18:14,B,172.168.1.8
      290,13/02/2019,18:14,B,172.168.1.8
      112,13/02/2019,18:14,B,172.168.1.8
      290,13/02/2019,18:15,B,172.168.1.8
      121,14/02/2019,06:40,B,172.168.1.8
      273,14/02/2019,07:27,B,172.168.1.8
      216,14/02/2019,07:43,B,172.168.1.8
      215,14/02/2019,07:57,B,172.168.1.8
      287,14/02/2019,07:59,B,172.168.1.8
      210,14/02/2019,08:02,B,172.168.1.8
       26,14/02/2019,08:02,B,172.168.1.8
      260,14/02/2019,08:13,B,172.168.1.8
      260,14/02/2019,08:13,B,172.168.1.8
      296,14/02/2019,08:23,B,172.168.1.8
      112,14/02/2019,08:24,B,172.168.1.8
       16,14/02/2019,08:27,B,172.168.1.8
      203,14/02/2019,08:30,B,172.168.1.8
       18,14/02/2019,08:33,B,172.168.1.8
      204,14/02/2019,08:35,B,172.168.1.8
      126,14/02/2019,08:35,B,172.168.1.8
      207,14/02/2019,08:36,B,172.168.1.8
       52,14/02/2019,08:39,B,172.168.1.8
       36,14/02/2019,08:39,B,172.168.1.8
      211,14/02/2019,08:42,B,172.168.1.8
      291,14/02/2019,08:42,B,172.168.1.8
      119,14/02/2019,08:45,B,172.168.1.8
      125,14/02/2019,08:45,B,172.168.1.8
      208,14/02/2019,08:52,B,172.168.1.8
       23,14/02/2019,08:54,B,172.168.1.8
      303,14/02/2019,08:55,B,172.168.1.8
      120,14/02/2019,08:56,B,172.168.1.8
      214,14/02/2019,08:59,B,172.168.1.8
       64,14/02/2019,09:01,B,172.168.1.8
      202,14/02/2019,09:03,B,172.168.1.8
      268,14/02/2019,09:07,B,172.168.1.8
      262,14/02/2019,09:11,B,172.168.1.8
      255,14/02/2019,09:12,B,172.168.1.8
       20,14/02/2019,09:13,B,172.168.1.8
      122,14/02/2019,09:17,B,172.168.1.8
       12,14/02/2019,09:19,B,172.168.1.8
       25,14/02/2019,09:23,B,172.168.1.8
       10,14/02/2019,09:30,B,172.168.1.8
      127,14/02/2019,09:41,B,172.168.1.8
       62,14/02/2019,09:41,B,172.168.1.8
       30,14/02/2019,09:44,B,172.168.1.8
      209,14/02/2019,09:48,B,172.168.1.8
        9,14/02/2019,09:50,B,172.168.1.8
      109,14/02/2019,09:51,B,172.168.1.8
      290,14/02/2019,09:51,B,172.168.1.8
      123,14/02/2019,09:51,B,172.168.1.8
      280,14/02/2019,09:51,B,172.168.1.8
       14,14/02/2019,09:51,B,172.168.1.8
       21,14/02/2019,09:52,B,172.168.1.8
        5,14/02/2019,09:52,B,172.168.1.8
      206,14/02/2019,09:55,B,172.168.1.8
      213,14/02/2019,09:55,B,172.168.1.8
      110,14/02/2019,09:58,B,172.168.1.8
      258,14/02/2019,09:58,B,172.168.1.8
      289,14/02/2019,09:58,B,172.168.1.8
      310,14/02/2019,09:59,B,172.168.1.8
      129,14/02/2019,09:59,B,172.168.1.8
      201,14/02/2019,10:04,B,172.168.1.8
      116,14/02/2019,10:08,B,172.168.1.8
      293,14/02/2019,10:12,B,172.168.1.8
      271,14/02/2019,10:12,B,172.168.1.8
      114,14/02/2019,10:13,B,172.168.1.8
       71,14/02/2019,10:16,B,172.168.1.8
        1,14/02/2019,10:17,B,172.168.1.8
       17,14/02/2019,10:18,B,172.168.1.8
      261,14/02/2019,10:19,B,172.168.1.8
      101,14/02/2019,10:23,B,172.168.1.8
      305,14/02/2019,10:30,B,172.168.1.8
      295,14/02/2019,10:34,B,172.168.1.8
      251,14/02/2019,10:40,B,172.168.1.8
      251,14/02/2019,10:40,B,172.168.1.8
       32,14/02/2019,10:40,B,172.168.1.8
        8,14/02/2019,10:44,B,172.168.1.8
      254,14/02/2019,10:46,B,172.168.1.8
      256,14/02/2019,10:58,B,172.168.1.8
       22,14/02/2019,11:12,B,172.168.1.8
       19,14/02/2019,11:12,B,172.168.1.8
      309,14/02/2019,11:27,B,172.168.1.8
        2,14/02/2019,11:29,B,172.168.1.8
        2,14/02/2019,11:29,B,172.168.1.8
       27,14/02/2019,11:32,B,172.168.1.8
       64,14/02/2019,12:22,B,172.168.1.8
       65,14/02/2019,12:33,B,172.168.1.8
       52,14/02/2019,12:44,B,172.168.1.8
      216,14/02/2019,12:46,B,172.168.1.8
      312,14/02/2019,13:00,B,172.168.1.8
      215,14/02/2019,13:04,B,172.168.1.8
      204,14/02/2019,13:04,B,172.168.1.8
      208,14/02/2019,13:15,B,172.168.1.8
       69,14/02/2019,13:20,B,172.168.1.8
      210,14/02/2019,13:23,B,172.168.1.8
      203,14/02/2019,13:40,B,172.168.1.8
      211,14/02/2019,13:42,B,172.168.1.8
      214,14/02/2019,13:50,B,172.168.1.8
      202,14/02/2019,14:04,B,172.168.1.8
       62,14/02/2019,14:07,B,172.168.1.8
       36,14/02/2019,14:20,B,172.168.1.8
      201,14/02/2019,14:32,B,172.168.1.8
       16,14/02/2019,14:54,B,172.168.1.8
      209,14/02/2019,14:57,B,172.168.1.8
      213,14/02/2019,14:57,B,172.168.1.8
      305,14/02/2019,15:18,B,172.168.1.8
       69,14/02/2019,15:20,B,172.168.1.8
       71,14/02/2019,15:41,B,172.168.1.8
       23,14/02/2019,15:45,B,172.168.1.8
      121,14/02/2019,15:53,B,172.168.1.8
      291,14/02/2019,15:53,B,172.168.1.8
       65,14/02/2019,15:54,B,172.168.1.8
       10,14/02/2019,15:57,B,172.168.1.8
       26,14/02/2019,15:58,B,172.168.1.8
        9,14/02/2019,16:01,B,172.168.1.8
      255,14/02/2019,16:18,B,172.168.1.8
      125,14/02/2019,16:19,B,172.168.1.8
      309,14/02/2019,16:32,B,172.168.1.8
       20,14/02/2019,16:38,B,172.168.1.8
      127,14/02/2019,16:45,B,172.168.1.8
      119,14/02/2019,16:46,B,172.168.1.8
       27,14/02/2019,16:48,B,172.168.1.8
       19,14/02/2019,16:50,B,172.168.1.8
       21,14/02/2019,16:51,B,172.168.1.8
       14,14/02/2019,16:52,B,172.168.1.8
       22,14/02/2019,16:52,B,172.168.1.8
       21,14/02/2019,16:52,B,172.168.1.8
      312,14/02/2019,16:53,B,172.168.1.8
       29,14/02/2019,16:58,B,172.168.1.8
      110,14/02/2019,17:00,B,172.168.1.8
       25,14/02/2019,17:02,B,172.168.1.8
       32,14/02/2019,17:10,B,172.168.1.8
       18,14/02/2019,17:10,B,172.168.1.8
        5,14/02/2019,17:10,B,172.168.1.8
       12,14/02/2019,17:12,B,172.168.1.8
       32,14/02/2019,17:13,B,172.168.1.8
      295,14/02/2019,17:14,B,172.168.1.8
      109,14/02/2019,17:15,B,172.168.1.8
        2,14/02/2019,17:15,B,172.168.1.8
      289,14/02/2019,17:19,B,172.168.1.8
      261,14/02/2019,17:20,B,172.168.1.8
        1,14/02/2019,17:20,B,172.168.1.8
      122,14/02/2019,17:20,B,172.168.1.8
      120,14/02/2019,17:20,B,172.168.1.8
        8,14/02/2019,17:21,B,172.168.1.8
      271,14/02/2019,17:27,B,172.168.1.8
      262,14/02/2019,17:30,B,172.168.1.8
      101,14/02/2019,17:30,B,172.168.1.8
      271,14/02/2019,17:30,B,172.168.1.8
      251,14/02/2019,17:30,B,172.168.1.8
      251,14/02/2019,17:30,B,172.168.1.8
      254,14/02/2019,17:30,B,172.168.1.8
      260,14/02/2019,17:31,B,172.168.1.8
       30,14/02/2019,17:33,B,172.168.1.8
      273,14/02/2019,17:37,B,172.168.1.8
       17,14/02/2019,17:38,B,172.168.1.8
      129,14/02/2019,17:40,B,172.168.1.8
      126,14/02/2019,17:45,B,172.168.1.8
      290,14/02/2019,17:54,B,172.168.1.8
      114,14/02/2019,18:00,B,172.168.1.8
      296,14/02/2019,18:01,B,172.168.1.8
      123,14/02/2019,18:01,B,172.168.1.8
      287,14/02/2019,18:03,B,172.168.1.8
      280,14/02/2019,18:05,B,172.168.1.8
      268,14/02/2019,18:06,B,172.168.1.8
      310,14/02/2019,18:08,B,172.168.1.8
      116,14/02/2019,18:08,B,172.168.1.8
      258,14/02/2019,18:08,B,172.168.1.8
      293,14/02/2019,18:08,B,172.168.1.8
      310,14/02/2019,18:09,B,172.168.1.8
      112,14/02/2019,18:10,B,172.168.1.8
      310,14/02/2019,18:10,B,172.168.1.8
      112,14/02/2019,18:10,B,172.168.1.8
      121,15/02/2019,06:38,B,172.168.1.8
      210,15/02/2019,07:35,B,172.168.1.8
      262,15/02/2019,07:36,B,172.168.1.8
      273,15/02/2019,07:39,B,172.168.1.8
      215,15/02/2019,07:42,B,172.168.1.8
      126,15/02/2019,07:47,B,172.168.1.8
      112,15/02/2019,07:49,B,172.168.1.8
      296,15/02/2019,07:54,B,172.168.1.8
       42,15/02/2019,08:07,B,172.168.1.8
      125,15/02/2019,08:14,B,172.168.1.8
      260,15/02/2019,08:20,B,172.168.1.8
      287,15/02/2019,08:31,B,172.168.1.8
      287,15/02/2019,08:31,B,172.168.1.8
       16,15/02/2019,08:35,B,172.168.1.8
      211,15/02/2019,08:37,B,172.168.1.8
      291,15/02/2019,08:38,B,172.168.1.8
      204,15/02/2019,08:39,B,172.168.1.8
      255,15/02/2019,08:40,B,172.168.1.8
      301,15/02/2019,08:42,B,172.168.1.8
      118,15/02/2019,08:42,B,172.168.1.8
       14,15/02/2019,08:45,B,172.168.1.8
       26,15/02/2019,08:46,B,172.168.1.8
      208,15/02/2019,08:46,B,172.168.1.8
      120,15/02/2019,08:48,B,172.168.1.8
      119,15/02/2019,08:48,B,172.168.1.8
      119,15/02/2019,08:50,B,172.168.1.8
      122,15/02/2019,08:51,B,172.168.1.8
       23,15/02/2019,08:52,B,172.168.1.8
      206,15/02/2019,08:54,B,172.168.1.8
      268,15/02/2019,08:54,B,172.168.1.8
       36,15/02/2019,08:57,B,172.168.1.8
      303,15/02/2019,08:58,B,172.168.1.8
       17,15/02/2019,08:59,B,172.168.1.8
      312,15/02/2019,09:00,B,172.168.1.8
      214,15/02/2019,09:00,B,172.168.1.8
       20,15/02/2019,09:16,B,172.168.1.8
       12,15/02/2019,09:17,B,172.168.1.8
       52,15/02/2019,09:23,B,172.168.1.8
       32,15/02/2019,09:30,B,172.168.1.8
       10,15/02/2019,09:40,B,172.168.1.8
      213,15/02/2019,09:41,B,172.168.1.8
      110,15/02/2019,09:48,B,172.168.1.8
      109,15/02/2019,09:48,B,172.168.1.8
      128,15/02/2019,09:49,B,172.168.1.8
      290,15/02/2019,09:50,B,172.168.1.8
      127,15/02/2019,09:52,B,172.168.1.8
      280,15/02/2019,09:53,B,172.168.1.8
      114,15/02/2019,09:55,B,172.168.1.8
      258,15/02/2019,09:56,B,172.168.1.8
      289,15/02/2019,09:58,B,172.168.1.8
      202,15/02/2019,09:58,B,172.168.1.8
       27,15/02/2019,09:59,B,172.168.1.8
      203,15/02/2019,10:01,B,172.168.1.8
      293,15/02/2019,10:01,B,172.168.1.8
       35,15/02/2019,10:01,B,172.168.1.8
      271,15/02/2019,10:02,B,172.168.1.8
      295,15/02/2019,10:05,B,172.168.1.8
      116,15/02/2019,10:06,B,172.168.1.8
      201,15/02/2019,10:10,B,172.168.1.8
      256,15/02/2019,10:13,B,172.168.1.8
       30,15/02/2019,10:14,B,172.168.1.8
       18,15/02/2019,10:14,B,172.168.1.8
      261,15/02/2019,10:15,B,172.168.1.8
      129,15/02/2019,10:17,B,172.168.1.8
       64,15/02/2019,10:18,B,172.168.1.8
        5,15/02/2019,10:21,B,172.168.1.8
      254,15/02/2019,10:25,B,172.168.1.8
      101,15/02/2019,10:28,B,172.168.1.8
       22,15/02/2019,10:34,B,172.168.1.8
      309,15/02/2019,10:43,B,172.168.1.8
      251,15/02/2019,10:59,B,172.168.1.8
       57,15/02/2019,11:02,B,172.168.1.8
       42,15/02/2019,11:06,B,172.168.1.8
        2,15/02/2019,11:08,B,172.168.1.8
        2,15/02/2019,11:08,B,172.168.1.8
        2,15/02/2019,11:08,B,172.168.1.8
        8,15/02/2019,11:09,B,172.168.1.8
       21,15/02/2019,11:19,B,172.168.1.8
       19,15/02/2019,11:19,B,172.168.1.8
        9,15/02/2019,11:20,B,172.168.1.8
      291,15/02/2019,11:32,B,172.168.1.8
      305,15/02/2019,11:37,B,172.168.1.8
      301,15/02/2019,12:22,B,172.168.1.8
       64,15/02/2019,12:24,B,172.168.1.8
      215,15/02/2019,12:32,B,172.168.1.8
      204,15/02/2019,13:04,B,172.168.1.8
       52,15/02/2019,13:11,B,172.168.1.8
      213,15/02/2019,13:19,B,172.168.1.8
      213,15/02/2019,13:25,B,172.168.1.8
      110,15/02/2019,13:37,B,172.168.1.8
      110,15/02/2019,13:37,B,172.168.1.8
      206,15/02/2019,13:37,B,172.168.1.8
      211,15/02/2019,13:45,B,172.168.1.8
      208,15/02/2019,13:46,B,172.168.1.8
      211,15/02/2019,13:50,B,172.168.1.8
      210,15/02/2019,13:53,B,172.168.1.8
      214,15/02/2019,14:03,B,172.168.1.8
      202,15/02/2019,14:07,B,172.168.1.8
      203,15/02/2019,14:08,B,172.168.1.8
      201,15/02/2019,14:08,B,172.168.1.8
       16,15/02/2019,14:08,B,172.168.1.8
      303,15/02/2019,14:08,B,172.168.1.8
      210,15/02/2019,14:14,B,172.168.1.8
       20,15/02/2019,14:51,B,172.168.1.8
       12,15/02/2019,14:52,B,172.168.1.8
       36,15/02/2019,15:13,B,172.168.1.8
        5,15/02/2019,15:13,B,172.168.1.8
       10,15/02/2019,15:25,B,172.168.1.8
       10,15/02/2019,15:26,B,172.168.1.8
      309,15/02/2019,15:34,B,172.168.1.8
       35,15/02/2019,15:36,B,172.168.1.8
      121,15/02/2019,15:40,B,172.168.1.8
      305,15/02/2019,15:46,B,172.168.1.8
       22,15/02/2019,16:00,B,172.168.1.8
      312,15/02/2019,16:14,B,172.168.1.8
       32,15/02/2019,16:17,B,172.168.1.8
       23,15/02/2019,16:19,B,172.168.1.8
       18,15/02/2019,16:28,B,172.168.1.8
      125,15/02/2019,16:33,B,172.168.1.8
      258,15/02/2019,16:36,B,172.168.1.8
      125,15/02/2019,16:37,B,172.168.1.8
      109,15/02/2019,16:38,B,172.168.1.8
      119,15/02/2019,16:40,B,172.168.1.8
       17,15/02/2019,16:44,B,172.168.1.8
       14,15/02/2019,16:50,B,172.168.1.8
       19,15/02/2019,16:56,B,172.168.1.8
        9,15/02/2019,16:59,B,172.168.1.8
      122,15/02/2019,17:03,B,172.168.1.8
      295,15/02/2019,17:08,B,172.168.1.8
       30,15/02/2019,17:09,B,172.168.1.8
      289,15/02/2019,17:11,B,172.168.1.8
       26,15/02/2019,17:14,B,172.168.1.8
      261,15/02/2019,17:14,B,172.168.1.8
      120,15/02/2019,17:14,B,172.168.1.8
      118,15/02/2019,17:24,B,172.168.1.8
      251,15/02/2019,17:25,B,172.168.1.8
        2,15/02/2019,17:26,B,172.168.1.8
      271,15/02/2019,17:29,B,172.168.1.8
      254,15/02/2019,17:29,B,172.168.1.8
      251,15/02/2019,17:30,B,172.168.1.8
      254,15/02/2019,17:30,B,172.168.1.8
      101,15/02/2019,17:30,B,172.168.1.8
      260,15/02/2019,17:32,B,172.168.1.8
        8,15/02/2019,17:38,B,172.168.1.8
        2,15/02/2019,17:38,B,172.168.1.8
      114,15/02/2019,17:48,B,172.168.1.8
      273,15/02/2019,17:48,B,172.168.1.8
      290,15/02/2019,17:50,B,172.168.1.8
      287,15/02/2019,17:51,B,172.168.1.8
      280,15/02/2019,17:51,B,172.168.1.8
      280,15/02/2019,17:51,B,172.168.1.8
      268,15/02/2019,17:51,B,172.168.1.8
      296,15/02/2019,17:52,B,172.168.1.8
      293,15/02/2019,17:54,B,172.168.1.8
      116,15/02/2019,17:54,B,172.168.1.8
      128,15/02/2019,17:57,B,172.168.1.8
      129,15/02/2019,17:58,B,172.168.1.8
      127,15/02/2019,17:59,B,172.168.1.8
      256,15/02/2019,18:01,B,172.168.1.8
      262,15/02/2019,18:03,B,172.168.1.8
      255,15/02/2019,18:10,B,172.168.1.8
      262,15/02/2019,18:10,B,172.168.1.8
      112,15/02/2019,18:10,B,172.168.1.8
      121,16/02/2019,06:42,B,172.168.1.8
      296,16/02/2019,07:06,B,172.168.1.8
      126,16/02/2019,07:27,B,172.168.1.8
      287,16/02/2019,07:31,B,172.168.1.8
      273,16/02/2019,07:43,B,172.168.1.8
      125,16/02/2019,08:06,B,172.168.1.8
      262,16/02/2019,08:12,B,172.168.1.8
      260,16/02/2019,08:16,B,172.168.1.8
       65,16/02/2019,08:35,B,172.168.1.8
      255,16/02/2019,08:35,B,172.168.1.8
       36,16/02/2019,08:35,B,172.168.1.8
      215,16/02/2019,08:41,B,172.168.1.8
      202,16/02/2019,08:48,B,172.168.1.8
      119,16/02/2019,08:49,B,172.168.1.8
      268,16/02/2019,08:51,B,172.168.1.8
      211,16/02/2019,08:53,B,172.168.1.8
      213,16/02/2019,08:54,B,172.168.1.8
      208,16/02/2019,08:58,B,172.168.1.8
       37,16/02/2019,08:59,B,172.168.1.8
      206,16/02/2019,09:03,B,172.168.1.8
       14,16/02/2019,09:05,B,172.168.1.8
      118,16/02/2019,09:08,B,172.168.1.8
       23,16/02/2019,09:08,B,172.168.1.8
      214,16/02/2019,09:15,B,172.168.1.8
      280,16/02/2019,09:16,B,172.168.1.8
       32,16/02/2019,09:20,B,172.168.1.8
      312,16/02/2019,09:21,B,172.168.1.8
       16,16/02/2019,09:25,B,172.168.1.8
       11,16/02/2019,09:33,B,172.168.1.8
       26,16/02/2019,09:33,B,172.168.1.8
        5,16/02/2019,09:37,B,172.168.1.8
      123,16/02/2019,09:37,B,172.168.1.8
      122,16/02/2019,09:37,B,172.168.1.8
      110,16/02/2019,09:45,B,172.168.1.8
      116,16/02/2019,09:45,B,172.168.1.8
      203,16/02/2019,09:46,B,172.168.1.8
      290,16/02/2019,09:47,B,172.168.1.8
      109,16/02/2019,09:48,B,172.168.1.8
       35,16/02/2019,09:50,B,172.168.1.8
      128,16/02/2019,09:52,B,172.168.1.8
        2,16/02/2019,09:54,B,172.168.1.8
      201,16/02/2019,09:56,B,172.168.1.8
      310,16/02/2019,09:57,B,172.168.1.8
      289,16/02/2019,10:00,B,172.168.1.8
        8,16/02/2019,10:00,B,172.168.1.8
       18,16/02/2019,10:01,B,172.168.1.8
      256,16/02/2019,10:01,B,172.168.1.8
      271,16/02/2019,10:01,B,172.168.1.8
      204,16/02/2019,10:02,B,172.168.1.8
      127,16/02/2019,10:04,B,172.168.1.8
      129,16/02/2019,10:07,B,172.168.1.8
      295,16/02/2019,10:11,B,172.168.1.8
       30,16/02/2019,10:12,B,172.168.1.8
      293,16/02/2019,10:23,B,172.168.1.8
      261,16/02/2019,10:25,B,172.168.1.8
      251,16/02/2019,10:28,B,172.168.1.8
      112,16/02/2019,10:28,B,172.168.1.8
       22,16/02/2019,10:28,B,172.168.1.8
        9,16/02/2019,10:31,B,172.168.1.8
      114,16/02/2019,10:43,B,172.168.1.8
      101,16/02/2019,10:44,B,172.168.1.8
       36,16/02/2019,10:46,B,172.168.1.8
       17,16/02/2019,10:53,B,172.168.1.8
      206,16/02/2019,11:04,B,172.168.1.8
      210,16/02/2019,11:05,B,172.168.1.8
       29,16/02/2019,11:10,B,172.168.1.8
       20,16/02/2019,11:12,B,172.168.1.8
      213,16/02/2019,11:13,B,172.168.1.8
      215,16/02/2019,11:16,B,172.168.1.8
      216,16/02/2019,11:16,B,172.168.1.8
       19,16/02/2019,11:20,B,172.168.1.8
      202,16/02/2019,11:38,B,172.168.1.8
      214,16/02/2019,11:45,B,172.168.1.8
      122,16/02/2019,12:02,B,172.168.1.8
       16,16/02/2019,12:04,B,172.168.1.8
      204,16/02/2019,12:06,B,172.168.1.8
      208,16/02/2019,12:10,B,172.168.1.8
      312,16/02/2019,12:19,B,172.168.1.8
      211,16/02/2019,12:23,B,172.168.1.8
      203,16/02/2019,12:23,B,172.168.1.8
      201,16/02/2019,12:27,B,172.168.1.8
      203,16/02/2019,12:27,B,172.168.1.8
      210,16/02/2019,12:35,B,172.168.1.8
       35,16/02/2019,12:41,B,172.168.1.8
       35,16/02/2019,12:41,B,172.168.1.8
       23,16/02/2019,13:05,B,172.168.1.8
       26,16/02/2019,13:06,B,172.168.1.8
        9,16/02/2019,13:18,B,172.168.1.8
       11,16/02/2019,13:22,B,172.168.1.8
        5,16/02/2019,13:25,B,172.168.1.8
       32,16/02/2019,13:26,B,172.168.1.8
       18,16/02/2019,13:33,B,172.168.1.8
       30,16/02/2019,13:40,B,172.168.1.8
       20,16/02/2019,13:47,B,172.168.1.8
       29,16/02/2019,13:47,B,172.168.1.8
       17,16/02/2019,14:29,B,172.168.1.8
       65,16/02/2019,14:57,B,172.168.1.8
       14,16/02/2019,15:04,B,172.168.1.8
      121,16/02/2019,15:09,B,172.168.1.8
       19,16/02/2019,15:12,B,172.168.1.8
      112,16/02/2019,15:13,B,172.168.1.8
        8,16/02/2019,15:26,B,172.168.1.8
      101,16/02/2019,15:30,B,172.168.1.8
       22,16/02/2019,15:54,B,172.168.1.8
        2,16/02/2019,15:55,B,172.168.1.8
      125,16/02/2019,16:07,B,172.168.1.8
      119,16/02/2019,16:17,B,172.168.1.8
       37,16/02/2019,16:40,B,172.168.1.8
      126,16/02/2019,16:50,B,172.168.1.8
      127,16/02/2019,17:02,B,172.168.1.8
      271,16/02/2019,17:04,B,172.168.1.8
      251,16/02/2019,17:04,B,172.168.1.8
      289,16/02/2019,17:06,B,172.168.1.8
      261,16/02/2019,17:07,B,172.168.1.8
      123,16/02/2019,17:10,B,172.168.1.8
      128,16/02/2019,17:15,B,172.168.1.8
      110,16/02/2019,17:15,B,172.168.1.8
      110,16/02/2019,17:15,B,172.168.1.8
      109,16/02/2019,17:15,B,172.168.1.8
      295,16/02/2019,17:15,B,172.168.1.8
      118,16/02/2019,17:18,B,172.168.1.8
      129,16/02/2019,17:20,B,172.168.1.8
      256,16/02/2019,17:22,B,172.168.1.8
      260,16/02/2019,17:23,B,172.168.1.8
      273,16/02/2019,17:23,B,172.168.1.8
      280,16/02/2019,17:25,B,172.168.1.8
      114,16/02/2019,17:28,B,172.168.1.8
      293,16/02/2019,17:28,B,172.168.1.8
      268,16/02/2019,17:28,B,172.168.1.8
      296,16/02/2019,17:30,B,172.168.1.8
      287,16/02/2019,17:30,B,172.168.1.8
      268,16/02/2019,17:30,B,172.168.1.8
      116,16/02/2019,17:35,B,172.168.1.8
      310,16/02/2019,17:35,B,172.168.1.8
      290,16/02/2019,17:36,B,172.168.1.8
      255,16/02/2019,18:01,B,172.168.1.8
      262,16/02/2019,18:01,B,172.168.1.8
      121,18/02/2019,06:38,B,172.168.1.8
      216,18/02/2019,07:32,B,172.168.1.8
       42,18/02/2019,07:49,B,172.168.1.8
      210,18/02/2019,07:52,B,172.168.1.8
       63,18/02/2019,07:53,B,172.168.1.8
      301,18/02/2019,07:54,B,172.168.1.8
      273,18/02/2019,07:55,B,172.168.1.8
      255,18/02/2019,08:00,B,172.168.1.8
      208,18/02/2019,08:01,B,172.168.1.8
      215,18/02/2019,08:01,B,172.168.1.8
      287,18/02/2019,08:06,B,172.168.1.8
      125,18/02/2019,08:18,B,172.168.1.8
      260,18/02/2019,08:26,B,172.168.1.8
       16,18/02/2019,08:30,B,172.168.1.8
      126,18/02/2019,08:30,B,172.168.1.8
       52,18/02/2019,08:32,B,172.168.1.8
       65,18/02/2019,08:33,B,172.168.1.8
      119,18/02/2019,08:39,B,172.168.1.8
      268,18/02/2019,08:43,B,172.168.1.8
       11,18/02/2019,08:43,B,172.168.1.8
      212,18/02/2019,08:50,B,172.168.1.8
      207,18/02/2019,08:50,B,172.168.1.8
       23,18/02/2019,08:51,B,172.168.1.8
       70,18/02/2019,08:53,B,172.168.1.8
      214,18/02/2019,08:53,B,172.168.1.8
       32,18/02/2019,08:54,B,172.168.1.8
      296,18/02/2019,08:55,B,172.168.1.8
       14,18/02/2019,08:56,B,172.168.1.8
      115,18/02/2019,08:56,B,172.168.1.8
      120,18/02/2019,08:56,B,172.168.1.8
      211,18/02/2019,08:57,B,172.168.1.8
      262,18/02/2019,08:58,B,172.168.1.8
      303,18/02/2019,08:59,B,172.168.1.8
      209,18/02/2019,08:59,B,172.168.1.8
      118,18/02/2019,09:10,B,172.168.1.8
      122,18/02/2019,09:12,B,172.168.1.8
       12,18/02/2019,09:12,B,172.168.1.8
      312,18/02/2019,09:14,B,172.168.1.8
      202,18/02/2019,09:15,B,172.168.1.8
       25,18/02/2019,09:25,B,172.168.1.8
       20,18/02/2019,09:25,B,172.168.1.8
      280,18/02/2019,09:32,B,172.168.1.8
      127,18/02/2019,09:39,B,172.168.1.8
      203,18/02/2019,09:39,B,172.168.1.8
      123,18/02/2019,09:39,B,172.168.1.8
       18,18/02/2019,09:42,B,172.168.1.8
        5,18/02/2019,09:45,B,172.168.1.8
      116,18/02/2019,09:46,B,172.168.1.8
      204,18/02/2019,09:46,B,172.168.1.8
       62,18/02/2019,09:49,B,172.168.1.8
      112,18/02/2019,09:50,B,172.168.1.8
       36,18/02/2019,09:50,B,172.168.1.8
      310,18/02/2019,09:50,B,172.168.1.8
      206,18/02/2019,09:51,B,172.168.1.8
       28,18/02/2019,09:51,B,172.168.1.8
      109,18/02/2019,09:52,B,172.168.1.8
      110,18/02/2019,09:52,B,172.168.1.8
        8,18/02/2019,09:53,B,172.168.1.8
      101,18/02/2019,09:54,B,172.168.1.8
      293,18/02/2019,09:58,B,172.168.1.8
      290,18/02/2019,09:58,B,172.168.1.8
      289,18/02/2019,09:59,B,172.168.1.8
      201,18/02/2019,10:01,B,172.168.1.8
      295,18/02/2019,10:01,B,172.168.1.8
      101,18/02/2019,10:01,B,172.168.1.8
      256,18/02/2019,10:05,B,172.168.1.8
      271,18/02/2019,10:06,B,172.168.1.8
      129,18/02/2019,10:12,B,172.168.1.8
        1,18/02/2019,10:12,B,172.168.1.8
       35,18/02/2019,10:13,B,172.168.1.8
       35,18/02/2019,10:14,B,172.168.1.8
      261,18/02/2019,10:20,B,172.168.1.8
      114,18/02/2019,10:21,B,172.168.1.8
       42,18/02/2019,10:26,B,172.168.1.8
      254,18/02/2019,10:37,B,172.168.1.8
       17,18/02/2019,10:49,B,172.168.1.8
       70,18/02/2019,10:49,B,172.168.1.8
      251,18/02/2019,10:51,B,172.168.1.8
      251,18/02/2019,10:52,B,172.168.1.8
       51,18/02/2019,11:08,B,172.168.1.8
        9,18/02/2019,11:14,B,172.168.1.8
       10,18/02/2019,11:23,B,172.168.1.8
       22,18/02/2019,11:23,B,172.168.1.8
       22,18/02/2019,11:24,B,172.168.1.8
       19,18/02/2019,11:26,B,172.168.1.8
       27,18/02/2019,11:29,B,172.168.1.8
       26,18/02/2019,12:02,B,172.168.1.8
      216,18/02/2019,12:24,B,172.168.1.8
      208,18/02/2019,12:27,B,172.168.1.8
      215,18/02/2019,12:31,B,172.168.1.8
      210,18/02/2019,13:02,B,172.168.1.8
      204,18/02/2019,13:03,B,172.168.1.8
      206,18/02/2019,13:04,B,172.168.1.8
      209,18/02/2019,13:05,B,172.168.1.8
      211,18/02/2019,13:07,B,172.168.1.8
      301,18/02/2019,13:14,B,172.168.1.8
      214,18/02/2019,13:22,B,172.168.1.8
      202,18/02/2019,13:28,B,172.168.1.8
      201,18/02/2019,13:41,B,172.168.1.8
      203,18/02/2019,13:41,B,172.168.1.8
      121,18/02/2019,13:44,B,172.168.1.8
       16,18/02/2019,13:55,B,172.168.1.8
       64,18/02/2019,14:00,B,172.168.1.8
      121,18/02/2019,14:10,B,172.168.1.8
      129,18/02/2019,14:25,B,172.168.1.8
       67,18/02/2019,14:37,B,172.168.1.8
       51,18/02/2019,14:37,B,172.168.1.8
       28,18/02/2019,14:42,B,172.168.1.8
       36,18/02/2019,15:17,B,172.168.1.8
       35,18/02/2019,15:18,B,172.168.1.8
       23,18/02/2019,15:53,B,172.168.1.8
      125,18/02/2019,16:05,B,172.168.1.8
       65,18/02/2019,16:10,B,172.168.1.8
       64,18/02/2019,16:21,B,172.168.1.8
      119,18/02/2019,16:45,B,172.168.1.8
        5,18/02/2019,16:51,B,172.168.1.8
        5,18/02/2019,16:52,B,172.168.1.8
       29,18/02/2019,17:08,B,172.168.1.8
      127,18/02/2019,17:15,B,172.168.1.8
      110,18/02/2019,17:16,B,172.168.1.8
      289,18/02/2019,17:18,B,172.168.1.8
       26,18/02/2019,17:18,B,172.168.1.8
      120,18/02/2019,17:20,B,172.168.1.8
      122,18/02/2019,17:20,B,172.168.1.8
      261,18/02/2019,17:21,B,172.168.1.8
      109,18/02/2019,17:21,B,172.168.1.8
      295,18/02/2019,17:22,B,172.168.1.8
      273,18/02/2019,17:25,B,172.168.1.8
       62,18/02/2019,17:27,B,172.168.1.8
       32,18/02/2019,17:27,B,172.168.1.8
      115,18/02/2019,17:30,B,172.168.1.8
      251,18/02/2019,17:30,B,172.168.1.8
      254,18/02/2019,17:30,B,172.168.1.8
      114,18/02/2019,17:30,B,172.168.1.8
      312,18/02/2019,17:31,B,172.168.1.8
      280,18/02/2019,17:33,B,172.168.1.8
      271,18/02/2019,17:33,B,172.168.1.8
      118,18/02/2019,17:35,B,172.168.1.8
       19,18/02/2019,17:35,B,172.168.1.8
      123,18/02/2019,17:41,B,172.168.1.8
      287,18/02/2019,17:41,B,172.168.1.8
      126,18/02/2019,17:41,B,172.168.1.8
      296,18/02/2019,17:42,B,172.168.1.8
      268,18/02/2019,17:42,B,172.168.1.8
      101,18/02/2019,17:43,B,172.168.1.8
      293,18/02/2019,17:45,B,172.168.1.8
       20,18/02/2019,17:48,B,172.168.1.8
      287,18/02/2019,17:51,B,172.168.1.8
       17,18/02/2019,17:51,B,172.168.1.8
      287,18/02/2019,17:51,B,172.168.1.8
       27,18/02/2019,17:55,B,172.168.1.8
      116,18/02/2019,18:12,B,172.168.1.8
      290,18/02/2019,18:44,B,172.168.1.8
      290,18/02/2019,18:44,B,172.168.1.8
        8,18/02/2019,19:02,B,172.168.1.8
      262,18/02/2019,19:06,B,172.168.1.8
      255,18/02/2019,19:06,B,172.168.1.8
      112,18/02/2019,19:07,B,172.168.1.8
      260,18/02/2019,19:21,B,172.168.1.8
      256,18/02/2019,19:30,B,172.168.1.8
      112,18/02/2019,19:48,B,172.168.1.8
        9,18/02/2019,20:00,B,172.168.1.8
       25,18/02/2019,20:02,B,172.168.1.8
       14,18/02/2019,20:15,B,172.168.1.8
       11,18/02/2019,20:15,B,172.168.1.8
       22,18/02/2019,20:15,B,172.168.1.8
       18,18/02/2019,20:15,B,172.168.1.8
       10,18/02/2019,20:15,B,172.168.1.8
       12,18/02/2019,20:20,B,172.168.1.8
        1,18/02/2019,20:24,B,172.168.1.8
      310,18/02/2019,20:30,B,172.168.1.8
      126,18/02/2019,20:47,B,172.168.1.8
      262,18/02/2019,20:47,B,172.168.1.8
      255,19/02/2019,09:19,B,172.168.1.8
      262,19/02/2019,09:19,B,172.168.1.8
      260,19/02/2019,09:19,B,172.168.1.8
       12,19/02/2019,09:19,B,172.168.1.8
      273,19/02/2019,09:25,B,172.168.1.8
       25,19/02/2019,09:38,B,172.168.1.8
      112,19/02/2019,09:40,B,172.168.1.8
      116,19/02/2019,09:50,B,172.168.1.8
       11,19/02/2019,09:54,B,172.168.1.8
      295,19/02/2019,09:58,B,172.168.1.8
      115,19/02/2019,10:01,B,172.168.1.8
       32,19/02/2019,10:02,B,172.168.1.8
      311,19/02/2019,10:03,B,172.168.1.8
        8,19/02/2019,10:05,B,172.168.1.8
        1,19/02/2019,10:12,B,172.168.1.8
       14,19/02/2019,10:13,B,172.168.1.8
       10,19/02/2019,10:27,B,172.168.1.8
      129,19/02/2019,10:27,B,172.168.1.8
       20,19/02/2019,10:31,B,172.168.1.8
      101,19/02/2019,10:34,B,172.168.1.8
      254,19/02/2019,10:36,B,172.168.1.8
      261,19/02/2019,10:38,B,172.168.1.8
       22,19/02/2019,10:39,B,172.168.1.8
      251,19/02/2019,10:41,B,172.168.1.8
      109,19/02/2019,10:48,B,172.168.1.8
       27,19/02/2019,10:56,B,172.168.1.8
       17,19/02/2019,11:03,B,172.168.1.8
      131,19/02/2019,11:13,B,172.168.1.8
       19,19/02/2019,11:27,B,172.168.1.8
       26,19/02/2019,12:02,B,172.168.1.8
      311,19/02/2019,13:48,B,172.168.1.8
      311,19/02/2019,13:48,B,172.168.1.8
       52,19/02/2019,13:55,B,172.168.1.8
       32,19/02/2019,14:06,B,172.168.1.8
       32,19/02/2019,14:20,B,172.168.1.8
      273,19/02/2019,14:35,B,172.168.1.8
       17,19/02/2019,15:03,B,172.168.1.8
       52,19/02/2019,16:00,B,172.168.1.8
      261,19/02/2019,17:03,B,172.168.1.8
      129,19/02/2019,17:11,B,172.168.1.8
      295,19/02/2019,17:12,B,172.168.1.8
       27,19/02/2019,17:30,B,172.168.1.8
      254,19/02/2019,17:31,B,172.168.1.8
       19,19/02/2019,17:31,B,172.168.1.8
      254,19/02/2019,17:32,B,172.168.1.8
      131,19/02/2019,17:33,B,172.168.1.8
       20,19/02/2019,17:47,B,172.168.1.8
      109,19/02/2019,17:48,B,172.168.1.8
       26,19/02/2019,18:00,B,172.168.1.8
      260,19/02/2019,18:46,B,172.168.1.8
      115,19/02/2019,18:46,B,172.168.1.8
      116,19/02/2019,18:46,B,172.168.1.8
      101,19/02/2019,20:18,B,172.168.1.8
       25,19/02/2019,20:36,B,172.168.1.8
      112,19/02/2019,22:26,B,172.168.1.8
      112,19/02/2019,22:27,B,172.168.1.8
        9,19/02/2019,23:20,B,172.168.1.8
       10,19/02/2019,23:20,B,172.168.1.8
       14,19/02/2019,23:20,B,172.168.1.8
       11,19/02/2019,23:20,B,172.168.1.8
        8,19/02/2019,23:23,B,172.168.1.8
        1,19/02/2019,23:28,B,172.168.1.8
      262,19/02/2019,23:30,B,172.168.1.8
      255,19/02/2019,23:31,B,172.168.1.8
      121,20/02/2019,06:44,B,172.168.1.8
      273,20/02/2019,07:23,B,172.168.1.8
      125,20/02/2019,07:38,B,172.168.1.8
      287,20/02/2019,07:51,B,172.168.1.8
       42,20/02/2019,07:52,B,172.168.1.8
      210,20/02/2019,07:55,B,172.168.1.8
      262,20/02/2019,07:55,B,172.168.1.8
      215,20/02/2019,08:07,B,172.168.1.8
       52,20/02/2019,08:12,B,172.168.1.8
      260,20/02/2019,08:16,B,172.168.1.8
      212,20/02/2019,08:30,B,172.168.1.8
      268,20/02/2019,08:33,B,172.168.1.8
      112,20/02/2019,08:34,B,172.168.1.8
      211,20/02/2019,08:38,B,172.168.1.8
      301,20/02/2019,08:40,B,172.168.1.8
      115,20/02/2019,08:47,B,172.168.1.8
       18,20/02/2019,08:47,B,172.168.1.8
      119,20/02/2019,08:48,B,172.168.1.8
      255,20/02/2019,08:49,B,172.168.1.8
      216,20/02/2019,08:49,B,172.168.1.8
      214,20/02/2019,08:50,B,172.168.1.8
      208,20/02/2019,08:52,B,172.168.1.8
      207,20/02/2019,08:52,B,172.168.1.8
      303,20/02/2019,08:54,B,172.168.1.8
       36,20/02/2019,08:55,B,172.168.1.8
      205,20/02/2019,08:55,B,172.168.1.8
      203,20/02/2019,08:58,B,172.168.1.8
      120,20/02/2019,08:59,B,172.168.1.8
      296,20/02/2019,09:00,B,172.168.1.8
       25,20/02/2019,09:04,B,172.168.1.8
       23,20/02/2019,09:09,B,172.168.1.8
      123,20/02/2019,09:18,B,172.168.1.8
      204,20/02/2019,09:23,B,172.168.1.8
      280,20/02/2019,09:26,B,172.168.1.8
       51,20/02/2019,09:31,B,172.168.1.8
       14,20/02/2019,09:37,B,172.168.1.8
      110,20/02/2019,09:39,B,172.168.1.8
      213,20/02/2019,09:43,B,172.168.1.8
      209,20/02/2019,09:43,B,172.168.1.8
       14,20/02/2019,09:43,B,172.168.1.8
      109,20/02/2019,09:45,B,172.168.1.8
       12,20/02/2019,09:47,B,172.168.1.8
        5,20/02/2019,09:47,B,172.168.1.8
      310,20/02/2019,09:47,B,172.168.1.8
      290,20/02/2019,09:50,B,172.168.1.8
      127,20/02/2019,09:52,B,172.168.1.8
       11,20/02/2019,09:52,B,172.168.1.8
      206,20/02/2019,09:52,B,172.168.1.8
      206,20/02/2019,09:54,B,172.168.1.8
      114,20/02/2019,09:55,B,172.168.1.8
      291,20/02/2019,09:59,B,172.168.1.8
        8,20/02/2019,10:02,B,172.168.1.8
      295,20/02/2019,10:04,B,172.168.1.8
      271,20/02/2019,10:04,B,172.168.1.8
      256,20/02/2019,10:05,B,172.168.1.8
      258,20/02/2019,10:07,B,172.168.1.8
      129,20/02/2019,10:07,B,172.168.1.8
       65,20/02/2019,10:15,B,172.168.1.8
      293,20/02/2019,10:19,B,172.168.1.8
      289,20/02/2019,10:20,B,172.168.1.8
        1,20/02/2019,10:22,B,172.168.1.8
       20,20/02/2019,10:23,B,172.168.1.8
       35,20/02/2019,10:23,B,172.168.1.8
      101,20/02/2019,10:25,B,172.168.1.8
       28,20/02/2019,10:25,B,172.168.1.8
      116,20/02/2019,10:26,B,172.168.1.8
      261,20/02/2019,10:33,B,172.168.1.8
       26,20/02/2019,10:39,B,172.168.1.8
      201,20/02/2019,10:48,B,172.168.1.8
       57,20/02/2019,10:51,B,172.168.1.8
       10,20/02/2019,10:52,B,172.168.1.8
       22,20/02/2019,10:59,B,172.168.1.8
      312,20/02/2019,11:01,B,172.168.1.8
      202,20/02/2019,11:03,B,172.168.1.8
        2,20/02/2019,11:12,B,172.168.1.8
      251,20/02/2019,11:18,B,172.168.1.8
       19,20/02/2019,11:22,B,172.168.1.8
       30,20/02/2019,11:30,B,172.168.1.8
       42,20/02/2019,11:37,B,172.168.1.8
        9,20/02/2019,11:41,B,172.168.1.8
       71,20/02/2019,11:45,B,172.168.1.8
      202,20/02/2019,11:53,B,172.168.1.8
       27,20/02/2019,11:58,B,172.168.1.8
      201,20/02/2019,11:59,B,172.168.1.8
       70,20/02/2019,12:35,B,172.168.1.8
      215,20/02/2019,12:56,B,172.168.1.8
      204,20/02/2019,13:02,B,172.168.1.8
      206,20/02/2019,13:03,B,172.168.1.8
      209,20/02/2019,13:03,B,172.168.1.8
      209,20/02/2019,13:03,B,172.168.1.8
      213,20/02/2019,13:05,B,172.168.1.8
      210,20/02/2019,13:22,B,172.168.1.8
      216,20/02/2019,13:25,B,172.168.1.8
      212,20/02/2019,13:25,B,172.168.1.8
      207,20/02/2019,13:25,B,172.168.1.8
      208,20/02/2019,13:25,B,172.168.1.8
      211,20/02/2019,13:27,B,172.168.1.8
      203,20/02/2019,13:43,B,172.168.1.8
      205,20/02/2019,13:46,B,172.168.1.8
      205,20/02/2019,13:46,B,172.168.1.8
      214,20/02/2019,13:47,B,172.168.1.8
      311,20/02/2019,13:57,B,172.168.1.8
       64,20/02/2019,13:58,B,172.168.1.8
       52,20/02/2019,14:16,B,172.168.1.8
      303,20/02/2019,14:41,B,172.168.1.8
      303,20/02/2019,14:51,B,172.168.1.8
      271,20/02/2019,14:53,B,172.168.1.8
      291,20/02/2019,14:54,B,172.168.1.8
      121,20/02/2019,15:01,B,172.168.1.8
       23,20/02/2019,15:08,B,172.168.1.8
       51,20/02/2019,15:19,B,172.168.1.8
       35,20/02/2019,15:33,B,172.168.1.8
       35,20/02/2019,15:34,B,172.168.1.8
       64,20/02/2019,16:14,B,172.168.1.8
      125,20/02/2019,16:16,B,172.168.1.8
        5,20/02/2019,16:33,B,172.168.1.8
       32,20/02/2019,16:34,B,172.168.1.8
      110,20/02/2019,16:34,B,172.168.1.8
      119,20/02/2019,16:34,B,172.168.1.8
       20,20/02/2019,16:38,B,172.168.1.8
       32,20/02/2019,16:45,B,172.168.1.8
      311,20/02/2019,16:49,B,172.168.1.8
       19,20/02/2019,16:53,B,172.168.1.8
       25,20/02/2019,16:55,B,172.168.1.8
      295,20/02/2019,17:03,B,172.168.1.8
       65,20/02/2019,17:04,B,172.168.1.8
       28,20/02/2019,17:08,B,172.168.1.8
       26,20/02/2019,17:08,B,172.168.1.8
      301,20/02/2019,17:10,B,172.168.1.8
      127,20/02/2019,17:14,B,172.168.1.8
      289,20/02/2019,17:16,B,172.168.1.8
      261,20/02/2019,17:16,B,172.168.1.8
      120,20/02/2019,17:20,B,172.168.1.8
      251,20/02/2019,17:21,B,172.168.1.8
       18,20/02/2019,17:30,B,172.168.1.8
      273,20/02/2019,17:31,B,172.168.1.8
       27,20/02/2019,17:32,B,172.168.1.8
      268,20/02/2019,17:33,B,172.168.1.8
      296,20/02/2019,17:34,B,172.168.1.8
      123,20/02/2019,17:40,B,172.168.1.8
      114,20/02/2019,17:51,B,172.168.1.8
      116,20/02/2019,17:52,B,172.168.1.8
       30,20/02/2019,17:55,B,172.168.1.8
       71,20/02/2019,17:58,B,172.168.1.8
      280,20/02/2019,18:02,B,172.168.1.8
      293,20/02/2019,18:02,B,172.168.1.8
      290,20/02/2019,18:04,B,172.168.1.8
      310,20/02/2019,20:17,B,172.168.1.8
      255,20/02/2019,20:18,B,172.168.1.8
      310,20/02/2019,20:18,B,172.168.1.8
      255,20/02/2019,20:19,B,172.168.1.8
       22,20/02/2019,20:58,B,172.168.1.8
       14,20/02/2019,21:53,B,172.168.1.8
      129,20/02/2019,21:55,B,172.168.1.8
      258,20/02/2019,22:00,B,172.168.1.8
      112,20/02/2019,22:00,B,172.168.1.8
      129,20/02/2019,22:00,B,172.168.1.8
      112,20/02/2019,22:01,B,172.168.1.8
      115,20/02/2019,23:47,B,172.168.1.8
      260,20/02/2019,23:47,B,172.168.1.8
       10,20/02/2019,23:57,B,172.168.1.8
        9,20/02/2019,23:57,B,172.168.1.8
       11,20/02/2019,23:57,B,172.168.1.8
        1,21/02/2019,00:10,B,172.168.1.8
      256,21/02/2019,00:12,B,172.168.1.8
      121,21/02/2019,06:44,B,172.168.1.8
      126,21/02/2019,07:37,B,172.168.1.8
      273,21/02/2019,07:42,B,172.168.1.8
      255,21/02/2019,07:57,B,172.168.1.8
      287,21/02/2019,07:57,B,172.168.1.8
       42,21/02/2019,08:02,B,172.168.1.8
      125,21/02/2019,08:06,B,172.168.1.8
      296,21/02/2019,08:09,B,172.168.1.8
      260,21/02/2019,08:21,B,172.168.1.8
      212,21/02/2019,08:28,B,172.168.1.8
       54,21/02/2019,08:28,B,172.168.1.8
      210,21/02/2019,08:30,B,172.168.1.8
      268,21/02/2019,08:34,B,172.168.1.8
      312,21/02/2019,08:38,B,172.168.1.8
       18,21/02/2019,08:45,B,172.168.1.8
       52,21/02/2019,08:50,B,172.168.1.8
      303,21/02/2019,08:50,B,172.168.1.8
      115,21/02/2019,08:53,B,172.168.1.8
      120,21/02/2019,08:53,B,172.168.1.8
      208,21/02/2019,08:57,B,172.168.1.8
      207,21/02/2019,08:58,B,172.168.1.8
      112,21/02/2019,09:03,B,172.168.1.8
       36,21/02/2019,09:06,B,172.168.1.8
       23,21/02/2019,09:06,B,172.168.1.8
      119,21/02/2019,09:07,B,172.168.1.8
       25,21/02/2019,09:09,B,172.168.1.8
      201,21/02/2019,09:09,B,172.168.1.8
      122,21/02/2019,09:16,B,172.168.1.8
       32,21/02/2019,09:24,B,172.168.1.8
      211,21/02/2019,09:24,B,172.168.1.8
       20,21/02/2019,09:25,B,172.168.1.8
      216,21/02/2019,09:31,B,172.168.1.8
      280,21/02/2019,09:33,B,172.168.1.8
      118,21/02/2019,09:35,B,172.168.1.8
      127,21/02/2019,09:35,B,172.168.1.8
      123,21/02/2019,09:37,B,172.168.1.8
      209,21/02/2019,09:41,B,172.168.1.8
      203,21/02/2019,09:45,B,172.168.1.8
      206,21/02/2019,09:46,B,172.168.1.8
      204,21/02/2019,09:47,B,172.168.1.8
       30,21/02/2019,09:49,B,172.168.1.8
      110,21/02/2019,09:49,B,172.168.1.8
       30,21/02/2019,09:50,B,172.168.1.8
      214,21/02/2019,09:51,B,172.168.1.8
      289,21/02/2019,09:59,B,172.168.1.8
       54,21/02/2019,09:59,B,172.168.1.8
      215,21/02/2019,10:00,B,172.168.1.8
      258,21/02/2019,10:01,B,172.168.1.8
      310,21/02/2019,10:04,B,172.168.1.8
      116,21/02/2019,10:06,B,172.168.1.8
       14,21/02/2019,10:09,B,172.168.1.8
      256,21/02/2019,10:09,B,172.168.1.8
       28,21/02/2019,10:10,B,172.168.1.8
      290,21/02/2019,10:11,B,172.168.1.8
      114,21/02/2019,10:13,B,172.168.1.8
      205,21/02/2019,10:13,B,172.168.1.8
       35,21/02/2019,10:16,B,172.168.1.8
      261,21/02/2019,10:20,B,172.168.1.8
      293,21/02/2019,10:20,B,172.168.1.8
      101,21/02/2019,10:21,B,172.168.1.8
      295,21/02/2019,10:21,B,172.168.1.8
      129,21/02/2019,10:22,B,172.168.1.8
       27,21/02/2019,10:23,B,172.168.1.8
       26,21/02/2019,10:30,B,172.168.1.8
        8,21/02/2019,10:34,B,172.168.1.8
       12,21/02/2019,10:35,B,172.168.1.8
      254,21/02/2019,10:38,B,172.168.1.8
        1,21/02/2019,10:41,B,172.168.1.8
      109,21/02/2019,10:45,B,172.168.1.8
       17,21/02/2019,10:48,B,172.168.1.8
        5,21/02/2019,10:50,B,172.168.1.8
       11,21/02/2019,10:58,B,172.168.1.8
       71,21/02/2019,11:00,B,172.168.1.8
       19,21/02/2019,11:11,B,172.168.1.8
      251,21/02/2019,11:11,B,172.168.1.8
        2,21/02/2019,11:13,B,172.168.1.8
       65,21/02/2019,11:24,B,172.168.1.8
       29,21/02/2019,11:28,B,172.168.1.8
       22,21/02/2019,11:28,B,172.168.1.8
        9,21/02/2019,11:30,B,172.168.1.8
      305,21/02/2019,11:59,B,172.168.1.8
       42,21/02/2019,13:06,B,172.168.1.8
       69,21/02/2019,13:07,B,172.168.1.8
       28,21/02/2019,13:18,B,172.168.1.8
      208,21/02/2019,13:31,B,172.168.1.8
      212,21/02/2019,13:31,B,172.168.1.8
       52,21/02/2019,13:31,B,172.168.1.8
      215,21/02/2019,14:05,B,172.168.1.8
      214,21/02/2019,14:05,B,172.168.1.8
      296,21/02/2019,14:06,B,172.168.1.8
      296,21/02/2019,14:06,B,172.168.1.8
      207,21/02/2019,14:20,B,172.168.1.8
       36,21/02/2019,14:21,B,172.168.1.8
       10,21/02/2019,14:21,B,172.168.1.8
      204,21/02/2019,14:26,B,172.168.1.8
      206,21/02/2019,14:26,B,172.168.1.8
       18,21/02/2019,14:31,B,172.168.1.8
      213,21/02/2019,14:31,B,172.168.1.8
      209,21/02/2019,14:31,B,172.168.1.8
      203,21/02/2019,14:32,B,172.168.1.8
      110,21/02/2019,14:33,B,172.168.1.8
      119,21/02/2019,14:34,B,172.168.1.8
      205,21/02/2019,14:36,B,172.168.1.8
      205,21/02/2019,14:36,B,172.168.1.8
      205,21/02/2019,14:36,B,172.168.1.8
        9,21/02/2019,14:37,B,172.168.1.8
      210,21/02/2019,14:37,B,172.168.1.8
      201,21/02/2019,14:57,B,172.168.1.8
      121,21/02/2019,15:06,B,172.168.1.8
       35,21/02/2019,15:28,B,172.168.1.8
      305,21/02/2019,15:40,B,172.168.1.8
       12,21/02/2019,15:41,B,172.168.1.8
      303,21/02/2019,15:42,B,172.168.1.8
       14,21/02/2019,16:01,B,172.168.1.8
       14,21/02/2019,16:01,B,172.168.1.8
       23,21/02/2019,16:01,B,172.168.1.8
       71,21/02/2019,16:09,B,172.168.1.8
      125,21/02/2019,16:15,B,172.168.1.8
        8,21/02/2019,16:19,B,172.168.1.8
       26,21/02/2019,16:20,B,172.168.1.8
       27,21/02/2019,16:30,B,172.168.1.8
       22,21/02/2019,16:31,B,172.168.1.8
        2,21/02/2019,16:31,B,172.168.1.8
      273,21/02/2019,16:42,B,172.168.1.8
       20,21/02/2019,16:46,B,172.168.1.8
       19,21/02/2019,16:50,B,172.168.1.8
      273,21/02/2019,17:02,B,172.168.1.8
       10,21/02/2019,17:06,B,172.168.1.8
       25,21/02/2019,17:10,B,172.168.1.8
      127,21/02/2019,17:11,B,172.168.1.8
        5,21/02/2019,17:12,B,172.168.1.8
      109,21/02/2019,17:14,B,172.168.1.8
      289,21/02/2019,17:17,B,172.168.1.8
      122,21/02/2019,17:17,B,172.168.1.8
      261,21/02/2019,17:18,B,172.168.1.8
      118,21/02/2019,17:18,B,172.168.1.8
      295,21/02/2019,17:18,B,172.168.1.8
      258,21/02/2019,17:18,B,172.168.1.8
      120,21/02/2019,17:19,B,172.168.1.8
      254,21/02/2019,17:21,B,172.168.1.8
      251,21/02/2019,17:21,B,172.168.1.8
      115,21/02/2019,17:22,B,172.168.1.8
       65,21/02/2019,17:22,B,172.168.1.8
      101,21/02/2019,17:22,B,172.168.1.8
      293,21/02/2019,17:26,B,172.168.1.8
        1,21/02/2019,17:26,B,172.168.1.8
      280,21/02/2019,17:27,B,172.168.1.8
      112,21/02/2019,17:27,B,172.168.1.8
      101,21/02/2019,17:28,B,172.168.1.8
      129,21/02/2019,17:30,B,172.168.1.8
      114,21/02/2019,17:33,B,172.168.1.8
      260,21/02/2019,17:36,B,172.168.1.8
       30,21/02/2019,17:41,B,172.168.1.8
      312,21/02/2019,17:49,B,172.168.1.8
      256,21/02/2019,17:50,B,172.168.1.8
       11,21/02/2019,17:50,B,172.168.1.8
      287,21/02/2019,17:53,B,172.168.1.8
      290,21/02/2019,17:53,B,172.168.1.8
      290,21/02/2019,17:53,B,172.168.1.8
      268,21/02/2019,17:53,B,172.168.1.8
      123,21/02/2019,17:55,B,172.168.1.8
      116,21/02/2019,17:55,B,172.168.1.8
      310,21/02/2019,17:55,B,172.168.1.8
      287,21/02/2019,17:56,B,172.168.1.8
      287,21/02/2019,17:58,B,172.168.1.8
      296,21/02/2019,17:58,B,172.168.1.8
      310,21/02/2019,17:58,B,172.168.1.8
      116,21/02/2019,17:58,B,172.168.1.8
      255,21/02/2019,17:58,B,172.168.1.8
      268,21/02/2019,17:58,B,172.168.1.8
      121,22/02/2019,06:43,B,172.168.1.8
      273,22/02/2019,07:37,B,172.168.1.8
      126,22/02/2019,07:38,B,172.168.1.8
      287,22/02/2019,08:09,B,172.168.1.8
      296,22/02/2019,08:10,B,172.168.1.8
      260,22/02/2019,08:17,B,172.168.1.8
      125,22/02/2019,08:23,B,172.168.1.8
      301,22/02/2019,08:25,B,172.168.1.8
      112,22/02/2019,08:26,B,172.168.1.8
      210,22/02/2019,08:30,B,172.168.1.8
       14,22/02/2019,08:41,B,172.168.1.8
      268,22/02/2019,08:43,B,172.168.1.8
      115,22/02/2019,08:49,B,172.168.1.8
      119,22/02/2019,08:52,B,172.168.1.8
       64,22/02/2019,08:56,B,172.168.1.8
       11,22/02/2019,08:57,B,172.168.1.8
       23,22/02/2019,08:58,B,172.168.1.8
      216,22/02/2019,08:59,B,172.168.1.8
      212,22/02/2019,08:59,B,172.168.1.8
      207,22/02/2019,08:59,B,172.168.1.8
      201,22/02/2019,09:00,B,172.168.1.8
      120,22/02/2019,09:01,B,172.168.1.8
       52,22/02/2019,09:08,B,172.168.1.8
      211,22/02/2019,09:18,B,172.168.1.8
       20,22/02/2019,09:19,B,172.168.1.8
      122,22/02/2019,09:24,B,172.168.1.8
       25,22/02/2019,09:27,B,172.168.1.8
       17,22/02/2019,09:28,B,172.168.1.8
       18,22/02/2019,09:30,B,172.168.1.8
       18,22/02/2019,09:31,B,172.168.1.8
      280,22/02/2019,09:31,B,172.168.1.8
      208,22/02/2019,09:37,B,172.168.1.8
       28,22/02/2019,09:38,B,172.168.1.8
      262,22/02/2019,09:40,B,172.168.1.8
      296,22/02/2019,09:41,B,172.168.1.8
      127,22/02/2019,09:42,B,172.168.1.8
      118,22/02/2019,09:43,B,172.168.1.8
      209,22/02/2019,09:47,B,172.168.1.8
      213,22/02/2019,09:47,B,172.168.1.8
       26,22/02/2019,09:48,B,172.168.1.8
      203,22/02/2019,09:49,B,172.168.1.8
      116,22/02/2019,09:49,B,172.168.1.8
      206,22/02/2019,09:50,B,172.168.1.8
       10,22/02/2019,09:50,B,172.168.1.8
      215,22/02/2019,09:51,B,172.168.1.8
      123,22/02/2019,09:51,B,172.168.1.8
      256,22/02/2019,09:51,B,172.168.1.8
      110,22/02/2019,09:53,B,172.168.1.8
      289,22/02/2019,10:00,B,172.168.1.8
      205,22/02/2019,10:00,B,172.168.1.8
      290,22/02/2019,10:00,B,172.168.1.8
      205,22/02/2019,10:01,B,172.168.1.8
       35,22/02/2019,10:02,B,172.168.1.8
      214,22/02/2019,10:03,B,172.168.1.8
      114,22/02/2019,10:04,B,172.168.1.8
       36,22/02/2019,10:11,B,172.168.1.8
      310,22/02/2019,10:11,B,172.168.1.8
      258,22/02/2019,10:11,B,172.168.1.8
       32,22/02/2019,10:11,B,172.168.1.8
      293,22/02/2019,10:16,B,172.168.1.8
      303,22/02/2019,10:17,B,172.168.1.8
      295,22/02/2019,10:21,B,172.168.1.8
      255,22/02/2019,10:21,B,172.168.1.8
       30,22/02/2019,10:22,B,172.168.1.8
       30,22/02/2019,10:23,B,172.168.1.8
       51,22/02/2019,10:23,B,172.168.1.8
      129,22/02/2019,10:25,B,172.168.1.8
      101,22/02/2019,10:33,B,172.168.1.8
        5,22/02/2019,10:36,B,172.168.1.8
      261,22/02/2019,10:42,B,172.168.1.8
       29,22/02/2019,10:46,B,172.168.1.8
       27,22/02/2019,10:46,B,172.168.1.8
        8,22/02/2019,11:08,B,172.168.1.8
        2,22/02/2019,11:15,B,172.168.1.8
      251,22/02/2019,11:21,B,172.168.1.8
       67,22/02/2019,11:21,B,172.168.1.8
       19,22/02/2019,11:26,B,172.168.1.8
      305,22/02/2019,11:59,B,172.168.1.8
      312,22/02/2019,12:06,B,172.168.1.8
       64,22/02/2019,12:20,B,172.168.1.8
      304,22/02/2019,13:30,B,172.168.1.8
       52,22/02/2019,13:39,B,172.168.1.8
      206,22/02/2019,13:51,B,172.168.1.8
      209,22/02/2019,13:51,B,172.168.1.8
      203,22/02/2019,13:51,B,172.168.1.8
      203,22/02/2019,13:51,B,172.168.1.8
      205,22/02/2019,14:00,B,172.168.1.8
      205,22/02/2019,14:00,B,172.168.1.8
      205,22/02/2019,14:00,B,172.168.1.8
      216,22/02/2019,14:12,B,172.168.1.8
      210,22/02/2019,14:12,B,172.168.1.8
      212,22/02/2019,14:13,B,172.168.1.8
      208,22/02/2019,14:13,B,172.168.1.8
      210,22/02/2019,14:14,B,172.168.1.8
      211,22/02/2019,14:18,B,172.168.1.8
      213,22/02/2019,14:19,B,172.168.1.8
      215,22/02/2019,14:19,B,172.168.1.8
      215,22/02/2019,14:20,B,172.168.1.8
      214,22/02/2019,14:31,B,172.168.1.8
      122,22/02/2019,14:33,B,172.168.1.8
      303,22/02/2019,14:34,B,172.168.1.8
      110,22/02/2019,14:34,B,172.168.1.8
      201,22/02/2019,14:35,B,172.168.1.8
       20,22/02/2019,14:53,B,172.168.1.8
       20,22/02/2019,14:54,B,172.168.1.8
       17,22/02/2019,14:54,B,172.168.1.8
      121,22/02/2019,15:03,B,172.168.1.8
       51,22/02/2019,15:04,B,172.168.1.8
       67,22/02/2019,15:05,B,172.168.1.8
       36,22/02/2019,15:24,B,172.168.1.8
       23,22/02/2019,15:26,B,172.168.1.8
        8,22/02/2019,15:34,B,172.168.1.8
      305,22/02/2019,15:39,B,172.168.1.8
       14,22/02/2019,15:45,B,172.168.1.8
       10,22/02/2019,16:03,B,172.168.1.8
        5,22/02/2019,16:08,B,172.168.1.8
       29,22/02/2019,16:09,B,172.168.1.8
       28,22/02/2019,16:18,B,172.168.1.8
      125,22/02/2019,16:21,B,172.168.1.8
       35,22/02/2019,16:25,B,172.168.1.8
      251,22/02/2019,16:28,B,172.168.1.8
      115,22/02/2019,16:30,B,172.168.1.8
      251,22/02/2019,16:30,B,172.168.1.8
      295,22/02/2019,16:30,B,172.168.1.8
       11,22/02/2019,16:32,B,172.168.1.8
        2,22/02/2019,16:39,B,172.168.1.8
      119,22/02/2019,16:45,B,172.168.1.8
       32,22/02/2019,16:45,B,172.168.1.8
       19,22/02/2019,16:50,B,172.168.1.8
       18,22/02/2019,16:55,B,172.168.1.8
       25,22/02/2019,16:57,B,172.168.1.8
      256,22/02/2019,17:00,B,172.168.1.8
      114,22/02/2019,17:02,B,172.168.1.8
      118,22/02/2019,17:03,B,172.168.1.8
      261,22/02/2019,17:10,B,172.168.1.8
      258,22/02/2019,17:12,B,172.168.1.8
      296,22/02/2019,17:14,B,172.168.1.8
      120,22/02/2019,17:15,B,172.168.1.8
      101,22/02/2019,17:19,B,172.168.1.8
      127,22/02/2019,17:20,B,172.168.1.8
      312,22/02/2019,17:23,B,172.168.1.8
       27,22/02/2019,17:25,B,172.168.1.8
      260,22/02/2019,17:26,B,172.168.1.8
       26,22/02/2019,17:32,B,172.168.1.8
      273,22/02/2019,17:35,B,172.168.1.8
      312,22/02/2019,17:35,B,172.168.1.8
      129,22/02/2019,17:40,B,172.168.1.8
       30,22/02/2019,17:44,B,172.168.1.8
      290,22/02/2019,17:50,B,172.168.1.8
      296,22/02/2019,17:53,B,172.168.1.8
      123,22/02/2019,18:01,B,172.168.1.8
      310,22/02/2019,18:02,B,172.168.1.8
      116,22/02/2019,18:03,B,172.168.1.8
      310,22/02/2019,18:05,B,172.168.1.8
      116,22/02/2019,18:06,B,172.168.1.8
      280,22/02/2019,18:06,B,172.168.1.8
      287,22/02/2019,18:06,B,172.168.1.8
      268,22/02/2019,18:07,B,172.168.1.8
      287,22/02/2019,18:07,B,172.168.1.8
      280,22/02/2019,18:07,B,172.168.1.8
      112,22/02/2019,18:07,B,172.168.1.8
      293,22/02/2019,18:08,B,172.168.1.8
      268,22/02/2019,18:08,B,172.168.1.8
      112,22/02/2019,18:10,B,172.168.1.8
      262,22/02/2019,18:11,B,172.168.1.8
      255,22/02/2019,18:11,B,172.168.1.8
      121,23/02/2019,06:42,B,172.168.1.8
      296,23/02/2019,08:01,B,172.168.1.8
       30,23/02/2019,08:14,B,172.168.1.8
      260,23/02/2019,08:18,B,172.168.1.8
      255,23/02/2019,08:30,B,172.168.1.8
      312,23/02/2019,08:31,B,172.168.1.8
      216,23/02/2019,08:46,B,172.168.1.8
       65,23/02/2019,08:46,B,172.168.1.8
      115,23/02/2019,08:46,B,172.168.1.8
       10,23/02/2019,08:47,B,172.168.1.8
       20,23/02/2019,08:49,B,172.168.1.8
      262,23/02/2019,08:52,B,172.168.1.8
      120,23/02/2019,08:52,B,172.168.1.8
      214,23/02/2019,08:54,B,172.168.1.8
      268,23/02/2019,08:59,B,172.168.1.8
      119,23/02/2019,09:03,B,172.168.1.8
      119,23/02/2019,09:03,B,172.168.1.8
      122,23/02/2019,09:11,B,172.168.1.8
      201,23/02/2019,09:14,B,172.168.1.8
       11,23/02/2019,09:15,B,172.168.1.8
      280,23/02/2019,09:16,B,172.168.1.8
      287,23/02/2019,09:17,B,172.168.1.8
        8,23/02/2019,09:19,B,172.168.1.8
       25,23/02/2019,09:22,B,172.168.1.8
      112,23/02/2019,09:25,B,172.168.1.8
       23,23/02/2019,09:28,B,172.168.1.8
      118,23/02/2019,09:29,B,172.168.1.8
       32,23/02/2019,09:31,B,172.168.1.8
       14,23/02/2019,09:34,B,172.168.1.8
      207,23/02/2019,09:36,B,172.168.1.8
      215,23/02/2019,09:37,B,172.168.1.8
       18,23/02/2019,09:38,B,172.168.1.8
        5,23/02/2019,09:42,B,172.168.1.8
      209,23/02/2019,09:43,B,172.168.1.8
      110,23/02/2019,09:44,B,172.168.1.8
      206,23/02/2019,09:44,B,172.168.1.8
      116,23/02/2019,09:46,B,172.168.1.8
      208,23/02/2019,09:51,B,172.168.1.8
       28,23/02/2019,09:54,B,172.168.1.8
      127,23/02/2019,09:54,B,172.168.1.8
      205,23/02/2019,09:54,B,172.168.1.8
      205,23/02/2019,09:55,B,172.168.1.8
      203,23/02/2019,09:58,B,172.168.1.8
      290,23/02/2019,10:00,B,172.168.1.8
      204,23/02/2019,10:02,B,172.168.1.8
      212,23/02/2019,10:05,B,172.168.1.8
      211,23/02/2019,10:07,B,172.168.1.8
      310,23/02/2019,10:08,B,172.168.1.8
      213,23/02/2019,10:09,B,172.168.1.8
      258,23/02/2019,10:09,B,172.168.1.8
      311,23/02/2019,10:09,B,172.168.1.8
      271,23/02/2019,10:13,B,172.168.1.8
       22,23/02/2019,10:17,B,172.168.1.8
        2,23/02/2019,10:20,B,172.168.1.8
      293,23/02/2019,10:24,B,172.168.1.8
        9,23/02/2019,10:26,B,172.168.1.8
      261,23/02/2019,10:31,B,172.168.1.8
      109,23/02/2019,10:32,B,172.168.1.8
      256,23/02/2019,10:58,B,172.168.1.8
       17,23/02/2019,11:02,B,172.168.1.8
      210,23/02/2019,11:04,B,172.168.1.8
      216,23/02/2019,11:06,B,172.168.1.8
       19,23/02/2019,11:25,B,172.168.1.8
       20,23/02/2019,11:38,B,172.168.1.8
      204,23/02/2019,11:56,B,172.168.1.8
      206,23/02/2019,11:56,B,172.168.1.8
      209,23/02/2019,11:56,B,172.168.1.8
       27,23/02/2019,11:56,B,172.168.1.8
      213,23/02/2019,11:57,B,172.168.1.8
      214,23/02/2019,12:03,B,172.168.1.8
      215,23/02/2019,12:09,B,172.168.1.8
       23,23/02/2019,12:11,B,172.168.1.8
      203,23/02/2019,12:31,B,172.168.1.8
       26,23/02/2019,12:39,B,172.168.1.8
       18,23/02/2019,12:41,B,172.168.1.8
       10,23/02/2019,12:42,B,172.168.1.8
      211,23/02/2019,12:45,B,172.168.1.8
      210,23/02/2019,13:11,B,172.168.1.8
      205,23/02/2019,13:12,B,172.168.1.8
      205,23/02/2019,13:14,B,172.168.1.8
      205,23/02/2019,13:14,B,172.168.1.8
      311,23/02/2019,13:16,B,172.168.1.8
        8,23/02/2019,13:18,B,172.168.1.8
        9,23/02/2019,13:23,B,172.168.1.8
        5,23/02/2019,13:36,B,172.168.1.8
       11,23/02/2019,13:45,B,172.168.1.8
       17,23/02/2019,13:49,B,172.168.1.8
      118,23/02/2019,13:56,B,172.168.1.8
       19,23/02/2019,14:03,B,172.168.1.8
      110,23/02/2019,14:07,B,172.168.1.8
      201,23/02/2019,14:08,B,172.168.1.8
      122,23/02/2019,14:09,B,172.168.1.8
      208,23/02/2019,14:10,B,172.168.1.8
      212,23/02/2019,14:10,B,172.168.1.8
       27,23/02/2019,14:31,B,172.168.1.8
      312,23/02/2019,14:47,B,172.168.1.8
      268,23/02/2019,15:00,B,172.168.1.8
       65,23/02/2019,15:08,B,172.168.1.8
      121,23/02/2019,15:20,B,172.168.1.8
       22,23/02/2019,15:37,B,172.168.1.8
        2,23/02/2019,15:37,B,172.168.1.8
       30,23/02/2019,15:52,B,172.168.1.8
      115,23/02/2019,15:59,B,172.168.1.8
      109,23/02/2019,16:03,B,172.168.1.8
      258,23/02/2019,16:04,B,172.168.1.8
      261,23/02/2019,16:11,B,172.168.1.8
      120,23/02/2019,16:12,B,172.168.1.8
      127,23/02/2019,16:17,B,172.168.1.8
      256,23/02/2019,16:18,B,172.168.1.8
       28,23/02/2019,16:41,B,172.168.1.8
       26,23/02/2019,16:53,B,172.168.1.8
      260,23/02/2019,16:58,B,172.168.1.8
       25,23/02/2019,17:03,B,172.168.1.8
       37,23/02/2019,17:16,B,172.168.1.8
      271,23/02/2019,17:18,B,172.168.1.8
      271,23/02/2019,17:19,B,172.168.1.8
      271,23/02/2019,17:20,B,172.168.1.8
      118,23/02/2019,17:30,B,172.168.1.8
      287,23/02/2019,17:36,B,172.168.1.8
      280,23/02/2019,17:37,B,172.168.1.8
      280,23/02/2019,17:37,B,172.168.1.8
      296,23/02/2019,17:38,B,172.168.1.8
      293,23/02/2019,17:50,B,172.168.1.8
      112,23/02/2019,17:51,B,172.168.1.8
      290,23/02/2019,17:52,B,172.168.1.8
      116,23/02/2019,18:00,B,172.168.1.8
      310,23/02/2019,18:00,B,172.168.1.8
      310,23/02/2019,18:01,B,172.168.1.8
      262,23/02/2019,18:04,B,172.168.1.8
      310,23/02/2019,18:05,B,172.168.1.8
      116,23/02/2019,18:05,B,172.168.1.8
      255,23/02/2019,18:09,B,172.168.1.8
      255,24/02/2019,09:55,B,172.168.1.8
      255,24/02/2019,16:18,B,172.168.1.8
      121,25/02/2019,06:43,B,172.168.1.8
       63,25/02/2019,07:34,B,172.168.1.8
      287,25/02/2019,07:35,B,172.168.1.8
      125,25/02/2019,07:36,B,172.168.1.8
      273,25/02/2019,07:52,B,172.168.1.8
      296,25/02/2019,07:53,B,172.168.1.8
      255,25/02/2019,07:56,B,172.168.1.8
      301,25/02/2019,08:20,B,172.168.1.8
       65,25/02/2019,08:27,B,172.168.1.8
      260,25/02/2019,08:28,B,172.168.1.8
       23,25/02/2019,08:49,B,172.168.1.8
      115,25/02/2019,08:49,B,172.168.1.8
       11,25/02/2019,08:51,B,172.168.1.8
       26,25/02/2019,08:52,B,172.168.1.8
       14,25/02/2019,08:54,B,172.168.1.8
      214,25/02/2019,08:54,B,172.168.1.8
      210,25/02/2019,08:54,B,172.168.1.8
       20,25/02/2019,08:55,B,172.168.1.8
      120,25/02/2019,08:56,B,172.168.1.8
      212,25/02/2019,08:58,B,172.168.1.8
      201,25/02/2019,09:00,B,172.168.1.8
      312,25/02/2019,09:01,B,172.168.1.8
      112,25/02/2019,09:04,B,172.168.1.8
      119,25/02/2019,09:04,B,172.168.1.8
       32,25/02/2019,09:07,B,172.168.1.8
       18,25/02/2019,09:11,B,172.168.1.8
      262,25/02/2019,09:15,B,172.168.1.8
      122,25/02/2019,09:16,B,172.168.1.8
      280,25/02/2019,09:17,B,172.168.1.8
      303,25/02/2019,09:17,B,172.168.1.8
       25,25/02/2019,09:25,B,172.168.1.8
      118,25/02/2019,09:27,B,172.168.1.8
      208,25/02/2019,09:33,B,172.168.1.8
      211,25/02/2019,09:35,B,172.168.1.8
      213,25/02/2019,09:37,B,172.168.1.8
      123,25/02/2019,09:38,B,172.168.1.8
      110,25/02/2019,09:41,B,172.168.1.8
       12,25/02/2019,09:42,B,172.168.1.8
      206,25/02/2019,09:43,B,172.168.1.8
      203,25/02/2019,09:45,B,172.168.1.8
      207,25/02/2019,09:45,B,172.168.1.8
      207,25/02/2019,09:45,B,172.168.1.8
       36,25/02/2019,09:45,B,172.168.1.8
      296,25/02/2019,09:46,B,172.168.1.8
      215,25/02/2019,09:46,B,172.168.1.8
      127,25/02/2019,09:47,B,172.168.1.8
      209,25/02/2019,09:54,B,172.168.1.8
      109,25/02/2019,09:54,B,172.168.1.8
      216,25/02/2019,10:01,B,172.168.1.8
      289,25/02/2019,10:01,B,172.168.1.8
      205,25/02/2019,10:01,B,172.168.1.8
      205,25/02/2019,10:01,B,172.168.1.8
      290,25/02/2019,10:02,B,172.168.1.8
      129,25/02/2019,10:04,B,172.168.1.8
      310,25/02/2019,10:04,B,172.168.1.8
      293,25/02/2019,10:04,B,172.168.1.8
      116,25/02/2019,10:05,B,172.168.1.8
      256,25/02/2019,10:10,B,172.168.1.8
      114,25/02/2019,10:13,B,172.168.1.8
       35,25/02/2019,10:14,B,172.168.1.8
      271,25/02/2019,10:18,B,172.168.1.8
      258,25/02/2019,10:18,B,172.168.1.8
       63,25/02/2019,10:27,B,172.168.1.8
        1,25/02/2019,10:28,B,172.168.1.8
      295,25/02/2019,10:36,B,172.168.1.8
      254,25/02/2019,10:38,B,172.168.1.8
       10,25/02/2019,10:42,B,172.168.1.8
        2,25/02/2019,10:43,B,172.168.1.8
       42,25/02/2019,10:44,B,172.168.1.8
        8,25/02/2019,10:47,B,172.168.1.8
       17,25/02/2019,10:48,B,172.168.1.8
      251,25/02/2019,10:51,B,172.168.1.8
      101,25/02/2019,11:00,B,172.168.1.8
       70,25/02/2019,11:13,B,172.168.1.8
       51,25/02/2019,11:21,B,172.168.1.8
       19,25/02/2019,11:22,B,172.168.1.8
      122,25/02/2019,11:25,B,172.168.1.8
       22,25/02/2019,11:28,B,172.168.1.8
       29,25/02/2019,11:30,B,172.168.1.8
       30,25/02/2019,11:30,B,172.168.1.8
        9,25/02/2019,11:32,B,172.168.1.8
       28,25/02/2019,11:52,B,172.168.1.8
       27,25/02/2019,12:23,B,172.168.1.8
       51,25/02/2019,12:28,B,172.168.1.8
       67,25/02/2019,12:51,B,172.168.1.8
      311,25/02/2019,12:53,B,172.168.1.8
       23,25/02/2019,12:55,B,172.168.1.8
        2,25/02/2019,12:57,B,172.168.1.8
        2,25/02/2019,12:57,B,172.168.1.8
      301,25/02/2019,13:21,B,172.168.1.8
      208,25/02/2019,13:33,B,172.168.1.8
      212,25/02/2019,13:33,B,172.168.1.8
      304,25/02/2019,13:36,B,172.168.1.8
       28,25/02/2019,13:59,B,172.168.1.8
       65,25/02/2019,14:00,B,172.168.1.8
      215,25/02/2019,14:00,B,172.168.1.8
       64,25/02/2019,14:01,B,172.168.1.8
      207,25/02/2019,14:11,B,172.168.1.8
       67,25/02/2019,14:14,B,172.168.1.8
      205,25/02/2019,14:15,B,172.168.1.8
      205,25/02/2019,14:15,B,172.168.1.8
      201,25/02/2019,14:16,B,172.168.1.8
      201,25/02/2019,14:16,B,172.168.1.8
      110,25/02/2019,14:17,B,172.168.1.8
      214,25/02/2019,14:17,B,172.168.1.8
      209,25/02/2019,14:23,B,172.168.1.8
      213,25/02/2019,14:23,B,172.168.1.8
      211,25/02/2019,14:24,B,172.168.1.8
      210,25/02/2019,14:25,B,172.168.1.8
      210,25/02/2019,14:26,B,172.168.1.8
      258,25/02/2019,14:31,B,172.168.1.8
      206,25/02/2019,14:34,B,172.168.1.8
      203,25/02/2019,14:38,B,172.168.1.8
      121,25/02/2019,15:08,B,172.168.1.8
       36,25/02/2019,15:31,B,172.168.1.8
       35,25/02/2019,15:32,B,172.168.1.8
       64,25/02/2019,15:42,B,172.168.1.8
        9,25/02/2019,16:03,B,172.168.1.8
      125,25/02/2019,16:05,B,172.168.1.8
      303,25/02/2019,16:05,B,172.168.1.8
       20,25/02/2019,16:12,B,172.168.1.8
       12,25/02/2019,16:21,B,172.168.1.8
       32,25/02/2019,16:26,B,172.168.1.8
       32,25/02/2019,16:36,B,172.168.1.8
       14,25/02/2019,16:38,B,172.168.1.8
       10,25/02/2019,16:38,B,172.168.1.8
       11,25/02/2019,16:56,B,172.168.1.8
       19,25/02/2019,16:57,B,172.168.1.8
       22,25/02/2019,16:58,B,172.168.1.8
      123,25/02/2019,16:58,B,172.168.1.8
      295,25/02/2019,17:06,B,172.168.1.8
       29,25/02/2019,17:07,B,172.168.1.8
       25,25/02/2019,17:09,B,172.168.1.8
      127,25/02/2019,17:12,B,172.168.1.8
      127,25/02/2019,17:12,B,172.168.1.8
      289,25/02/2019,17:12,B,172.168.1.8
      120,25/02/2019,17:15,B,172.168.1.8
      109,25/02/2019,17:15,B,172.168.1.8
      296,25/02/2019,17:16,B,172.168.1.8
      273,25/02/2019,17:25,B,172.168.1.8
      114,25/02/2019,17:30,B,172.168.1.8
       27,25/02/2019,17:30,B,172.168.1.8
      280,25/02/2019,17:30,B,172.168.1.8
      254,25/02/2019,17:31,B,172.168.1.8
       17,25/02/2019,17:32,B,172.168.1.8
      251,25/02/2019,17:32,B,172.168.1.8
      115,25/02/2019,17:32,B,172.168.1.8
      260,25/02/2019,17:33,B,172.168.1.8
        8,25/02/2019,17:33,B,172.168.1.8
       26,25/02/2019,17:34,B,172.168.1.8
      271,25/02/2019,17:34,B,172.168.1.8
      271,25/02/2019,17:35,B,172.168.1.8
      293,25/02/2019,17:40,B,172.168.1.8
        1,25/02/2019,17:41,B,172.168.1.8
      129,25/02/2019,17:46,B,172.168.1.8
      287,25/02/2019,17:48,B,172.168.1.8
      101,25/02/2019,17:48,B,172.168.1.8
      287,25/02/2019,17:49,B,172.168.1.8
      129,25/02/2019,17:53,B,172.168.1.8
      312,25/02/2019,17:55,B,172.168.1.8
      290,25/02/2019,18:03,B,172.168.1.8
      256,25/02/2019,18:05,B,172.168.1.8
      296,25/02/2019,18:05,B,172.168.1.8
      310,25/02/2019,18:09,B,172.168.1.8
       30,25/02/2019,18:09,B,172.168.1.8
      310,25/02/2019,18:10,B,172.168.1.8
      116,25/02/2019,18:10,B,172.168.1.8
      112,25/02/2019,19:30,B,172.168.1.8
      262,25/02/2019,19:30,B,172.168.1.8
      255,25/02/2019,19:31,B,172.168.1.8
      121,26/02/2019,06:46,B,172.168.1.8
      273,26/02/2019,07:21,B,172.168.1.8
      125,26/02/2019,07:37,B,172.168.1.8
       54,26/02/2019,07:49,B,172.168.1.8
      287,26/02/2019,07:54,B,172.168.1.8
      215,26/02/2019,07:58,B,172.168.1.8
      260,26/02/2019,08:05,B,172.168.1.8
       42,26/02/2019,08:08,B,172.168.1.8
      208,26/02/2019,08:23,B,172.168.1.8
      296,26/02/2019,08:28,B,172.168.1.8
       18,26/02/2019,08:36,B,172.168.1.8
      214,26/02/2019,08:37,B,172.168.1.8
      262,26/02/2019,08:40,B,172.168.1.8
      216,26/02/2019,08:43,B,172.168.1.8
      115,26/02/2019,08:48,B,172.168.1.8
       11,26/02/2019,08:49,B,172.168.1.8
      120,26/02/2019,08:52,B,172.168.1.8
      211,26/02/2019,08:57,B,172.168.1.8
      119,26/02/2019,08:58,B,172.168.1.8
      210,26/02/2019,08:58,B,172.168.1.8
      112,26/02/2019,08:58,B,172.168.1.8
       70,26/02/2019,09:02,B,172.168.1.8
       17,26/02/2019,09:02,B,172.168.1.8
        8,26/02/2019,09:17,B,172.168.1.8
      110,26/02/2019,09:21,B,172.168.1.8
      280,26/02/2019,09:23,B,172.168.1.8
       25,26/02/2019,09:25,B,172.168.1.8
      118,26/02/2019,09:27,B,172.168.1.8
      312,26/02/2019,09:29,B,172.168.1.8
      122,26/02/2019,09:33,B,172.168.1.8
       14,26/02/2019,09:35,B,172.168.1.8
      203,26/02/2019,09:40,B,172.168.1.8
       30,26/02/2019,09:40,B,172.168.1.8
       12,26/02/2019,09:44,B,172.168.1.8
      296,26/02/2019,09:45,B,172.168.1.8
      209,26/02/2019,09:46,B,172.168.1.8
      213,26/02/2019,09:47,B,172.168.1.8
       36,26/02/2019,09:47,B,172.168.1.8
      116,26/02/2019,09:47,B,172.168.1.8
      109,26/02/2019,09:52,B,172.168.1.8
      256,26/02/2019,09:53,B,172.168.1.8
      290,26/02/2019,09:54,B,172.168.1.8
      206,26/02/2019,09:55,B,172.168.1.8
      114,26/02/2019,09:55,B,172.168.1.8
        1,26/02/2019,09:56,B,172.168.1.8
      127,26/02/2019,09:57,B,172.168.1.8
      289,26/02/2019,09:58,B,172.168.1.8
      202,26/02/2019,09:59,B,172.168.1.8
      303,26/02/2019,10:00,B,172.168.1.8
       54,26/02/2019,10:01,B,172.168.1.8
       42,26/02/2019,10:01,B,172.168.1.8
      310,26/02/2019,10:02,B,172.168.1.8
      101,26/02/2019,10:07,B,172.168.1.8
       35,26/02/2019,10:08,B,172.168.1.8
      258,26/02/2019,10:08,B,172.168.1.8
      295,26/02/2019,10:08,B,172.168.1.8
      101,26/02/2019,10:09,B,172.168.1.8
      271,26/02/2019,10:10,B,172.168.1.8
       23,26/02/2019,10:13,B,172.168.1.8
      123,26/02/2019,10:13,B,172.168.1.8
      129,26/02/2019,10:15,B,172.168.1.8
       22,26/02/2019,10:19,B,172.168.1.8
       20,26/02/2019,10:20,B,172.168.1.8
       28,26/02/2019,10:30,B,172.168.1.8
       26,26/02/2019,10:35,B,172.168.1.8
      293,26/02/2019,10:45,B,172.168.1.8
       10,26/02/2019,10:50,B,172.168.1.8
       57,26/02/2019,10:50,B,172.168.1.8
      208,26/02/2019,10:55,B,172.168.1.8
      251,26/02/2019,10:56,B,172.168.1.8
      201,26/02/2019,10:56,B,172.168.1.8
       71,26/02/2019,11:00,B,172.168.1.8
        9,26/02/2019,11:03,B,172.168.1.8
       19,26/02/2019,11:12,B,172.168.1.8
        5,26/02/2019,11:44,B,172.168.1.8
        2,26/02/2019,11:45,B,172.168.1.8
      305,26/02/2019,11:53,B,172.168.1.8
      311,26/02/2019,12:08,B,172.168.1.8
      262,26/02/2019,12:43,B,172.168.1.8
      216,26/02/2019,12:45,B,172.168.1.8
      206,26/02/2019,12:45,B,172.168.1.8
      202,26/02/2019,12:45,B,172.168.1.8
      203,26/02/2019,12:45,B,172.168.1.8
      201,26/02/2019,12:46,B,172.168.1.8
      201,26/02/2019,12:46,B,172.168.1.8
      209,26/02/2019,12:48,B,172.168.1.8
      213,26/02/2019,12:49,B,172.168.1.8
      209,26/02/2019,12:49,B,172.168.1.8
      215,26/02/2019,12:52,B,172.168.1.8
      214,26/02/2019,12:52,B,172.168.1.8
      211,26/02/2019,13:12,B,172.168.1.8
      210,26/02/2019,13:20,B,172.168.1.8
      304,26/02/2019,13:25,B,172.168.1.8
       69,26/02/2019,13:55,B,172.168.1.8
      254,26/02/2019,14:03,B,172.168.1.8
      290,26/02/2019,14:30,B,172.168.1.8
       36,26/02/2019,15:13,B,172.168.1.8
      303,26/02/2019,15:14,B,172.168.1.8
      121,26/02/2019,15:20,B,172.168.1.8
      258,26/02/2019,15:34,B,172.168.1.8
      125,26/02/2019,15:51,B,172.168.1.8
      305,26/02/2019,15:54,B,172.168.1.8
       22,26/02/2019,16:02,B,172.168.1.8
       35,26/02/2019,16:07,B,172.168.1.8
        5,26/02/2019,16:13,B,172.168.1.8
      293,26/02/2019,16:25,B,172.168.1.8
       26,26/02/2019,16:30,B,172.168.1.8
       28,26/02/2019,16:30,B,172.168.1.8
      119,26/02/2019,16:45,B,172.168.1.8
       11,26/02/2019,16:52,B,172.168.1.8
       71,26/02/2019,16:58,B,172.168.1.8
       29,26/02/2019,17:01,B,172.168.1.8
        9,26/02/2019,17:02,B,172.168.1.8
       18,26/02/2019,17:02,B,172.168.1.8
       25,26/02/2019,17:02,B,172.168.1.8
      289,26/02/2019,17:11,B,172.168.1.8
      296,26/02/2019,17:16,B,172.168.1.8
      110,26/02/2019,17:17,B,172.168.1.8
      109,26/02/2019,17:17,B,172.168.1.8
       19,26/02/2019,17:18,B,172.168.1.8
       14,26/02/2019,17:20,B,172.168.1.8
      120,26/02/2019,17:20,B,172.168.1.8
      122,26/02/2019,17:21,B,172.168.1.8
       32,26/02/2019,17:21,B,172.168.1.8
      312,26/02/2019,17:21,B,172.168.1.8
        8,26/02/2019,17:31,B,172.168.1.8
      118,26/02/2019,17:31,B,172.168.1.8
      273,26/02/2019,17:32,B,172.168.1.8
      271,26/02/2019,17:35,B,172.168.1.8
      254,26/02/2019,17:35,B,172.168.1.8
       23,26/02/2019,17:36,B,172.168.1.8
      260,26/02/2019,17:38,B,172.168.1.8
      123,26/02/2019,17:38,B,172.168.1.8
       10,26/02/2019,17:38,B,172.168.1.8
      311,26/02/2019,17:39,B,172.168.1.8
       17,26/02/2019,17:42,B,172.168.1.8
      114,26/02/2019,17:42,B,172.168.1.8
        2,26/02/2019,17:43,B,172.168.1.8
      295,26/02/2019,17:43,B,172.168.1.8
       12,26/02/2019,17:47,B,172.168.1.8
       37,26/02/2019,17:48,B,172.168.1.8
        1,26/02/2019,17:57,B,172.168.1.8
      116,26/02/2019,18:00,B,172.168.1.8
       30,26/02/2019,18:02,B,172.168.1.8
      287,26/02/2019,18:20,B,172.168.1.8
      280,26/02/2019,18:20,B,172.168.1.8
      101,26/02/2019,18:29,B,172.168.1.8
      112,26/02/2019,18:37,B,172.168.1.8
      101,26/02/2019,18:44,B,172.168.1.8
      129,26/02/2019,18:45,B,172.168.1.8
      310,26/02/2019,18:45,B,172.168.1.8
      115,26/02/2019,18:45,B,172.168.1.8
      251,26/02/2019,18:45,B,172.168.1.8
      256,26/02/2019,18:46,B,172.168.1.8
      121,27/02/2019,06:52,B,172.168.1.8
      273,27/02/2019,07:33,B,172.168.1.8
      125,27/02/2019,07:46,B,172.168.1.8
      287,27/02/2019,08:15,B,172.168.1.8
      210,27/02/2019,08:17,B,172.168.1.8
      301,27/02/2019,08:28,B,172.168.1.8
      260,27/02/2019,08:34,B,172.168.1.8
      296,27/02/2019,08:38,B,172.168.1.8
      120,27/02/2019,08:42,B,172.168.1.8
       18,27/02/2019,08:45,B,172.168.1.8
      262,27/02/2019,08:45,B,172.168.1.8
      112,27/02/2019,08:46,B,172.168.1.8
       11,27/02/2019,08:47,B,172.168.1.8
      214,27/02/2019,08:49,B,172.168.1.8
       42,27/02/2019,08:52,B,172.168.1.8
      115,27/02/2019,08:54,B,172.168.1.8
       23,27/02/2019,08:55,B,172.168.1.8
      119,27/02/2019,09:01,B,172.168.1.8
      212,27/02/2019,09:05,B,172.168.1.8
      216,27/02/2019,09:05,B,172.168.1.8
      207,27/02/2019,09:05,B,172.168.1.8
       20,27/02/2019,09:15,B,172.168.1.8
       12,27/02/2019,09:18,B,172.168.1.8
      201,27/02/2019,09:21,B,172.168.1.8
      118,27/02/2019,09:26,B,172.168.1.8
       25,27/02/2019,09:27,B,172.168.1.8
      211,27/02/2019,09:30,B,172.168.1.8
       32,27/02/2019,09:32,B,172.168.1.8
      310,27/02/2019,09:34,B,172.168.1.8
      127,27/02/2019,09:34,B,172.168.1.8
      215,27/02/2019,09:41,B,172.168.1.8
      123,27/02/2019,09:43,B,172.168.1.8
       30,27/02/2019,09:45,B,172.168.1.8
      209,27/02/2019,09:47,B,172.168.1.8
      213,27/02/2019,09:47,B,172.168.1.8
      122,27/02/2019,09:47,B,172.168.1.8
      290,27/02/2019,09:50,B,172.168.1.8
      206,27/02/2019,09:50,B,172.168.1.8
      295,27/02/2019,09:50,B,172.168.1.8
      110,27/02/2019,09:50,B,172.168.1.8
      208,27/02/2019,09:51,B,172.168.1.8
      116,27/02/2019,09:52,B,172.168.1.8
       36,27/02/2019,09:52,B,172.168.1.8
      205,27/02/2019,09:56,B,172.168.1.8
      205,27/02/2019,09:56,B,172.168.1.8
      296,27/02/2019,09:56,B,172.168.1.8
      109,27/02/2019,09:57,B,172.168.1.8
      203,27/02/2019,09:57,B,172.168.1.8
      289,27/02/2019,09:59,B,172.168.1.8
      310,27/02/2019,10:01,B,172.168.1.8
      129,27/02/2019,10:02,B,172.168.1.8
      271,27/02/2019,10:04,B,172.168.1.8
      114,27/02/2019,10:04,B,172.168.1.8
      291,27/02/2019,10:05,B,172.168.1.8
        9,27/02/2019,10:05,B,172.168.1.8
      303,27/02/2019,10:06,B,172.168.1.8
      280,27/02/2019,10:08,B,172.168.1.8
      293,27/02/2019,10:11,B,172.168.1.8
        8,27/02/2019,10:14,B,172.168.1.8
        1,27/02/2019,10:15,B,172.168.1.8
      101,27/02/2019,10:24,B,172.168.1.8
       28,27/02/2019,10:25,B,172.168.1.8
       35,27/02/2019,10:25,B,172.168.1.8
      251,27/02/2019,10:27,B,172.168.1.8
       10,27/02/2019,10:38,B,172.168.1.8
       17,27/02/2019,10:42,B,172.168.1.8
        5,27/02/2019,10:46,B,172.168.1.8
      254,27/02/2019,10:53,B,172.168.1.8
       71,27/02/2019,11:04,B,172.168.1.8
       57,27/02/2019,11:07,B,172.168.1.8
       27,27/02/2019,11:12,B,172.168.1.8
       19,27/02/2019,11:17,B,172.168.1.8
       22,27/02/2019,11:18,B,172.168.1.8
      312,27/02/2019,11:22,B,172.168.1.8
        2,27/02/2019,11:25,B,172.168.1.8
       29,27/02/2019,11:27,B,172.168.1.8
       42,27/02/2019,11:33,B,172.168.1.8
       65,27/02/2019,11:39,B,172.168.1.8
      291,27/02/2019,12:07,B,172.168.1.8
      256,27/02/2019,12:11,B,172.168.1.8
       70,27/02/2019,12:59,B,172.168.1.8
      206,27/02/2019,13:47,B,172.168.1.8
      213,27/02/2019,13:47,B,172.168.1.8
      209,27/02/2019,13:48,B,172.168.1.8
      214,27/02/2019,13:50,B,172.168.1.8
      203,27/02/2019,13:51,B,172.168.1.8
       64,27/02/2019,14:00,B,172.168.1.8
       12,27/02/2019,14:00,B,172.168.1.8
       12,27/02/2019,14:01,B,172.168.1.8
      110,27/02/2019,14:14,B,172.168.1.8
      215,27/02/2019,14:15,B,172.168.1.8
      216,27/02/2019,14:15,B,172.168.1.8
      211,27/02/2019,14:15,B,172.168.1.8
      207,27/02/2019,14:15,B,172.168.1.8
      201,27/02/2019,14:15,B,172.168.1.8
      208,27/02/2019,14:16,B,172.168.1.8
      119,27/02/2019,14:16,B,172.168.1.8
      212,27/02/2019,14:16,B,172.168.1.8
      210,27/02/2019,14:17,B,172.168.1.8
      205,27/02/2019,14:30,B,172.168.1.8
      205,27/02/2019,14:30,B,172.168.1.8
      205,27/02/2019,14:31,B,172.168.1.8
      296,27/02/2019,14:47,B,172.168.1.8
      121,27/02/2019,15:14,B,172.168.1.8
      296,27/02/2019,15:29,B,172.168.1.8
      296,27/02/2019,15:29,B,172.168.1.8
      296,27/02/2019,15:29,B,172.168.1.8
      297,27/02/2019,15:31,B,172.168.1.8
       64,27/02/2019,15:45,B,172.168.1.8
      303,27/02/2019,15:52,B,172.168.1.8
      125,27/02/2019,15:59,B,172.168.1.8
        5,27/02/2019,16:06,B,172.168.1.8
      256,27/02/2019,16:10,B,172.168.1.8
       18,27/02/2019,16:20,B,172.168.1.8
       23,27/02/2019,16:30,B,172.168.1.8
       28,27/02/2019,16:32,B,172.168.1.8
       20,27/02/2019,16:33,B,172.168.1.8
       10,27/02/2019,16:33,B,172.168.1.8
       35,27/02/2019,16:36,B,172.168.1.8
        9,27/02/2019,16:40,B,172.168.1.8
       27,27/02/2019,16:44,B,172.168.1.8
       19,27/02/2019,16:46,B,172.168.1.8
       65,27/02/2019,16:55,B,172.168.1.8
       25,27/02/2019,16:59,B,172.168.1.8
       29,27/02/2019,17:01,B,172.168.1.8
      109,27/02/2019,17:14,B,172.168.1.8
      112,27/02/2019,17:15,B,172.168.1.8
      297,27/02/2019,17:16,B,172.168.1.8
      127,27/02/2019,17:16,B,172.168.1.8
      112,27/02/2019,17:17,B,172.168.1.8
      262,27/02/2019,17:19,B,172.168.1.8
       71,27/02/2019,17:20,B,172.168.1.8
      122,27/02/2019,17:23,B,172.168.1.8
      289,27/02/2019,17:23,B,172.168.1.8
      118,27/02/2019,17:23,B,172.168.1.8
      261,27/02/2019,17:24,B,172.168.1.8
      120,27/02/2019,17:24,B,172.168.1.8
      295,27/02/2019,17:25,B,172.168.1.8
      271,27/02/2019,17:25,B,172.168.1.8
      254,27/02/2019,17:26,B,172.168.1.8
       14,27/02/2019,17:32,B,172.168.1.8
       14,27/02/2019,17:32,B,172.168.1.8
       36,27/02/2019,17:33,B,172.168.1.8
      273,27/02/2019,17:34,B,172.168.1.8
       22,27/02/2019,17:34,B,172.168.1.8
        2,27/02/2019,17:34,B,172.168.1.8
       32,27/02/2019,17:39,B,172.168.1.8
       11,27/02/2019,17:39,B,172.168.1.8
        8,27/02/2019,17:39,B,172.168.1.8
      114,27/02/2019,17:45,B,172.168.1.8
      280,27/02/2019,17:45,B,172.168.1.8
      293,27/02/2019,17:45,B,172.168.1.8
       30,27/02/2019,17:50,B,172.168.1.8
      290,27/02/2019,17:54,B,172.168.1.8
      312,27/02/2019,17:54,B,172.168.1.8
       17,27/02/2019,17:54,B,172.168.1.8
      296,27/02/2019,17:55,B,172.168.1.8
      123,27/02/2019,18:07,B,172.168.1.8
        1,27/02/2019,18:37,B,172.168.1.8
      256,27/02/2019,18:40,B,172.168.1.8
      310,27/02/2019,18:43,B,172.168.1.8
      287,27/02/2019,18:44,B,172.168.1.8
      116,27/02/2019,18:44,B,172.168.1.8
      310,27/02/2019,18:44,B,172.168.1.8
      260,27/02/2019,19:01,B,172.168.1.8
      260,27/02/2019,19:05,B,172.168.1.8
      101,27/02/2019,19:37,B,172.168.1.8
      129,27/02/2019,19:37,B,172.168.1.8
      251,27/02/2019,19:38,B,172.168.1.8
      115,27/02/2019,19:38,B,172.168.1.8
      121,28/02/2019,06:43,B,172.168.1.8
      273,28/02/2019,07:30,B,172.168.1.8
      125,28/02/2019,07:47,B,172.168.1.8
      205,28/02/2019,07:51,B,172.168.1.8
      287,28/02/2019,07:54,B,172.168.1.8
      215,28/02/2019,08:02,B,172.168.1.8
       54,28/02/2019,08:05,B,172.168.1.8
      210,28/02/2019,08:18,B,172.168.1.8
      260,28/02/2019,08:20,B,172.168.1.8
      208,28/02/2019,08:21,B,172.168.1.8
       52,28/02/2019,08:24,B,172.168.1.8
      255,28/02/2019,08:26,B,172.168.1.8
      296,28/02/2019,08:28,B,172.168.1.8
      214,28/02/2019,08:33,B,172.168.1.8
      115,28/02/2019,08:42,B,172.168.1.8
      211,28/02/2019,08:44,B,172.168.1.8
      262,28/02/2019,08:49,B,172.168.1.8
      303,28/02/2019,08:56,B,172.168.1.8
      120,28/02/2019,08:56,B,172.168.1.8
       32,28/02/2019,08:57,B,172.168.1.8
      216,28/02/2019,08:58,B,172.168.1.8
      268,28/02/2019,08:58,B,172.168.1.8
      212,28/02/2019,08:58,B,172.168.1.8
       64,28/02/2019,09:10,B,172.168.1.8
       25,28/02/2019,09:12,B,172.168.1.8
      280,28/02/2019,09:17,B,172.168.1.8
      312,28/02/2019,09:17,B,172.168.1.8
       20,28/02/2019,09:22,B,172.168.1.8
       12,28/02/2019,09:27,B,172.168.1.8
      256,28/02/2019,09:28,B,172.168.1.8
      256,28/02/2019,09:29,B,172.168.1.8
       36,28/02/2019,09:29,B,172.168.1.8
       23,28/02/2019,09:31,B,172.168.1.8
      116,28/02/2019,09:40,B,172.168.1.8
       30,28/02/2019,09:43,B,172.168.1.8
      206,28/02/2019,09:46,B,172.168.1.8
      209,28/02/2019,09:46,B,172.168.1.8
      118,28/02/2019,09:47,B,172.168.1.8
      297,28/02/2019,09:47,B,172.168.1.8
      203,28/02/2019,09:48,B,172.168.1.8
      203,28/02/2019,09:48,B,172.168.1.8
      295,28/02/2019,09:49,B,172.168.1.8
      290,28/02/2019,09:50,B,172.168.1.8
      109,28/02/2019,09:55,B,172.168.1.8
      110,28/02/2019,09:55,B,172.168.1.8
      258,28/02/2019,09:56,B,172.168.1.8
      123,28/02/2019,09:57,B,172.168.1.8
      202,28/02/2019,09:59,B,172.168.1.8
      289,28/02/2019,09:59,B,172.168.1.8
      101,28/02/2019,10:02,B,172.168.1.8
      129,28/02/2019,10:08,B,172.168.1.8
       17,28/02/2019,10:09,B,172.168.1.8
      251,28/02/2019,10:11,B,172.168.1.8
      127,28/02/2019,10:13,B,172.168.1.8
      213,28/02/2019,10:14,B,172.168.1.8
       14,28/02/2019,10:17,B,172.168.1.8
       14,28/02/2019,10:17,B,172.168.1.8
      271,28/02/2019,10:21,B,172.168.1.8
      114,28/02/2019,10:23,B,172.168.1.8
      201,28/02/2019,10:26,B,172.168.1.8
      293,28/02/2019,10:26,B,172.168.1.8
       35,28/02/2019,10:27,B,172.168.1.8
       35,28/02/2019,10:27,B,172.168.1.8
       28,28/02/2019,10:29,B,172.168.1.8
        9,28/02/2019,10:29,B,172.168.1.8
        1,28/02/2019,10:36,B,172.168.1.8
      254,28/02/2019,10:37,B,172.168.1.8
      291,28/02/2019,10:42,B,172.168.1.8
        2,28/02/2019,10:43,B,172.168.1.8
      261,28/02/2019,10:47,B,172.168.1.8
       54,28/02/2019,10:55,B,172.168.1.8
       10,28/02/2019,11:11,B,172.168.1.8
        5,28/02/2019,11:12,B,172.168.1.8
       26,28/02/2019,11:14,B,172.168.1.8
       19,28/02/2019,11:14,B,172.168.1.8
       22,28/02/2019,11:15,B,172.168.1.8
       27,28/02/2019,11:21,B,172.168.1.8
       29,28/02/2019,11:21,B,172.168.1.8
       65,28/02/2019,11:58,B,172.168.1.8
      305,28/02/2019,12:04,B,172.168.1.8
       64,28/02/2019,12:18,B,172.168.1.8
      301,28/02/2019,12:46,B,172.168.1.8
      205,28/02/2019,12:52,B,172.168.1.8
      205,28/02/2019,12:52,B,172.168.1.8
      215,28/02/2019,12:58,B,172.168.1.8
       69,28/02/2019,12:58,B,172.168.1.8
      216,28/02/2019,13:24,B,172.168.1.8
      212,28/02/2019,13:24,B,172.168.1.8
      208,28/02/2019,13:24,B,172.168.1.8
      214,28/02/2019,13:24,B,172.168.1.8
      210,28/02/2019,13:35,B,172.168.1.8
      211,28/02/2019,13:37,B,172.168.1.8
       12,28/02/2019,13:38,B,172.168.1.8
      206,28/02/2019,13:55,B,172.168.1.8
      209,28/02/2019,14:01,B,172.168.1.8
      213,28/02/2019,14:01,B,172.168.1.8
      202,28/02/2019,14:27,B,172.168.1.8
      201,28/02/2019,14:27,B,172.168.1.8
      203,28/02/2019,14:27,B,172.168.1.8
      203,28/02/2019,14:27,B,172.168.1.8
       36,28/02/2019,14:55,B,172.168.1.8
      303,28/02/2019,15:00,B,172.168.1.8
       69,28/02/2019,15:01,B,172.168.1.8
      125,28/02/2019,15:09,B,172.168.1.8
      121,28/02/2019,15:12,B,172.168.1.8
      303,28/02/2019,15:14,B,172.168.1.8
      305,28/02/2019,15:42,B,172.168.1.8
      312,28/02/2019,15:54,B,172.168.1.8
       35,28/02/2019,16:04,B,172.168.1.8
        9,28/02/2019,16:08,B,172.168.1.8
       28,28/02/2019,16:26,B,172.168.1.8
        2,28/02/2019,16:28,B,172.168.1.8
       22,28/02/2019,16:28,B,172.168.1.8
      301,28/02/2019,16:32,B,172.168.1.8
       27,28/02/2019,16:33,B,172.168.1.8
       20,28/02/2019,16:37,B,172.168.1.8
        5,28/02/2019,16:46,B,172.168.1.8
       19,28/02/2019,16:47,B,172.168.1.8
       10,28/02/2019,16:48,B,172.168.1.8
      291,28/02/2019,16:54,B,172.168.1.8
       25,28/02/2019,16:58,B,172.168.1.8
       14,28/02/2019,16:59,B,172.168.1.8
       65,28/02/2019,17:01,B,172.168.1.8
       32,28/02/2019,17:02,B,172.168.1.8
       23,28/02/2019,17:06,B,172.168.1.8
       30,28/02/2019,17:10,B,172.168.1.8
      109,28/02/2019,17:15,B,172.168.1.8
      110,28/02/2019,17:15,B,172.168.1.8
       26,28/02/2019,17:15,B,172.168.1.8
       17,28/02/2019,17:15,B,172.168.1.8
      289,28/02/2019,17:20,B,172.168.1.8
      261,28/02/2019,17:21,B,172.168.1.8
      120,28/02/2019,17:21,B,172.168.1.8
      297,28/02/2019,17:23,B,172.168.1.8
      271,28/02/2019,17:26,B,172.168.1.8
      254,28/02/2019,17:27,B,172.168.1.8
      271,28/02/2019,17:27,B,172.168.1.8
      118,28/02/2019,17:30,B,172.168.1.8
      123,28/02/2019,17:34,B,172.168.1.8
      295,28/02/2019,17:34,B,172.168.1.8
      296,28/02/2019,17:45,B,172.168.1.8
      290,28/02/2019,17:45,B,172.168.1.8
      290,28/02/2019,17:46,B,172.168.1.8
      280,28/02/2019,17:55,B,172.168.1.8
      293,28/02/2019,17:56,B,172.168.1.8
      273,28/02/2019,17:57,B,172.168.1.8
      268,28/02/2019,17:58,B,172.168.1.8
      114,28/02/2019,17:58,B,172.168.1.8
      116,28/02/2019,18:00,B,172.168.1.8
      258,28/02/2019,18:00,B,172.168.1.8
      260,28/02/2019,18:06,B,172.168.1.8
        1,28/02/2019,18:07,B,172.168.1.8
      262,28/02/2019,18:10,B,172.168.1.8
      255,28/02/2019,18:11,B,172.168.1.8
      127,28/02/2019,18:43,B,172.168.1.8
      256,28/02/2019,19:03,B,172.168.1.8
      101,28/02/2019,19:15,B,172.168.1.8
      251,28/02/2019,19:16,B,172.168.1.8
      129,28/02/2019,19:16,B,172.168.1.8
      287,28/02/2019,19:16,B,172.168.1.8
      115,28/02/2019,19:17,B,172.168.1.8
      121,01/03/2019,06:43,B,172.168.1.8
      121,01/03/2019,06:43,B,172.168.1.8
      273,01/03/2019,07:32,B,172.168.1.8
      125,01/03/2019,07:39,B,172.168.1.8
      255,01/03/2019,07:57,B,172.168.1.8
      215,01/03/2019,08:01,B,172.168.1.8
      260,01/03/2019,08:17,B,172.168.1.8
      301,01/03/2019,08:24,B,172.168.1.8
       37,01/03/2019,08:25,B,172.168.1.8
      212,01/03/2019,08:34,B,172.168.1.8
      216,01/03/2019,08:34,B,172.168.1.8
       14,01/03/2019,08:38,B,172.168.1.8
       18,01/03/2019,08:39,B,172.168.1.8
      296,01/03/2019,08:43,B,172.168.1.8
      262,01/03/2019,08:45,B,172.168.1.8
       20,01/03/2019,08:49,B,172.168.1.8
      115,01/03/2019,08:49,B,172.168.1.8
      207,01/03/2019,08:51,B,172.168.1.8
       23,01/03/2019,08:52,B,172.168.1.8
       11,01/03/2019,08:55,B,172.168.1.8
       64,01/03/2019,08:56,B,172.168.1.8
      268,01/03/2019,08:56,B,172.168.1.8
      119,01/03/2019,08:59,B,172.168.1.8
      214,01/03/2019,09:07,B,172.168.1.8
       32,01/03/2019,09:10,B,172.168.1.8
       17,01/03/2019,09:15,B,172.168.1.8
      118,01/03/2019,09:19,B,172.168.1.8
      123,01/03/2019,09:21,B,172.168.1.8
       52,01/03/2019,09:21,B,172.168.1.8
       12,01/03/2019,09:26,B,172.168.1.8
      303,01/03/2019,09:26,B,172.168.1.8
       25,01/03/2019,09:28,B,172.168.1.8
      287,01/03/2019,09:29,B,172.168.1.8
      280,01/03/2019,09:29,B,172.168.1.8
       26,01/03/2019,09:37,B,172.168.1.8
      117,01/03/2019,09:37,B,172.168.1.8
      209,01/03/2019,09:38,B,172.168.1.8
      127,01/03/2019,09:40,B,172.168.1.8
      110,01/03/2019,09:40,B,172.168.1.8
      116,01/03/2019,09:42,B,172.168.1.8
       28,01/03/2019,09:45,B,172.168.1.8
      202,01/03/2019,09:45,B,172.168.1.8
      201,01/03/2019,09:46,B,172.168.1.8
       36,01/03/2019,09:47,B,172.168.1.8
      114,01/03/2019,09:48,B,172.168.1.8
      297,01/03/2019,09:50,B,172.168.1.8
       42,01/03/2019,09:53,B,172.168.1.8
      203,01/03/2019,09:55,B,172.168.1.8
      206,01/03/2019,09:56,B,172.168.1.8
       22,01/03/2019,09:57,B,172.168.1.8
      122,01/03/2019,09:58,B,172.168.1.8
       29,01/03/2019,10:00,B,172.168.1.8
      290,01/03/2019,10:00,B,172.168.1.8
      295,01/03/2019,10:00,B,172.168.1.8
      310,01/03/2019,10:00,B,172.168.1.8
      289,01/03/2019,10:01,B,172.168.1.8
      293,01/03/2019,10:05,B,172.168.1.8
      258,01/03/2019,10:06,B,172.168.1.8
      129,01/03/2019,10:07,B,172.168.1.8
      271,01/03/2019,10:09,B,172.168.1.8
      256,01/03/2019,10:10,B,172.168.1.8
       35,01/03/2019,10:10,B,172.168.1.8
      213,01/03/2019,10:14,B,172.168.1.8
      101,01/03/2019,10:18,B,172.168.1.8
       30,01/03/2019,10:19,B,172.168.1.8
       27,01/03/2019,10:38,B,172.168.1.8
      254,01/03/2019,10:43,B,172.168.1.8
        1,01/03/2019,10:55,B,172.168.1.8
       51,01/03/2019,10:58,B,172.168.1.8
      210,01/03/2019,10:59,B,172.168.1.8
      211,01/03/2019,10:59,B,172.168.1.8
      251,01/03/2019,11:06,B,172.168.1.8
        8,01/03/2019,11:06,B,172.168.1.8
       10,01/03/2019,11:09,B,172.168.1.8
       67,01/03/2019,11:10,B,172.168.1.8
       19,01/03/2019,11:10,B,172.168.1.8
      261,01/03/2019,11:15,B,172.168.1.8
       64,01/03/2019,11:23,B,172.168.1.8
      122,01/03/2019,11:23,B,172.168.1.8
        5,01/03/2019,11:23,B,172.168.1.8
      262,01/03/2019,11:23,B,172.168.1.8
        2,01/03/2019,11:26,B,172.168.1.8
      305,01/03/2019,12:01,B,172.168.1.8
       42,01/03/2019,12:11,B,172.168.1.8
        9,01/03/2019,12:29,B,172.168.1.8
      301,01/03/2019,12:30,B,172.168.1.8
      110,01/03/2019,12:45,B,172.168.1.8
      211,01/03/2019,12:59,B,172.168.1.8
      215,01/03/2019,12:59,B,172.168.1.8
       52,01/03/2019,13:00,B,172.168.1.8
      210,01/03/2019,13:06,B,172.168.1.8
      216,01/03/2019,13:36,B,172.168.1.8
      212,01/03/2019,13:37,B,172.168.1.8
      214,01/03/2019,13:37,B,172.168.1.8
      312,01/03/2019,14:00,B,172.168.1.8
      207,01/03/2019,14:02,B,172.168.1.8
       51,01/03/2019,14:15,B,172.168.1.8
       67,01/03/2019,14:16,B,172.168.1.8
      202,01/03/2019,14:28,B,172.168.1.8
      203,01/03/2019,14:32,B,172.168.1.8
      201,01/03/2019,14:32,B,172.168.1.8
      201,01/03/2019,14:32,B,172.168.1.8
      213,01/03/2019,14:39,B,172.168.1.8
      206,01/03/2019,14:40,B,172.168.1.8
      209,01/03/2019,14:40,B,172.168.1.8
       20,01/03/2019,14:58,B,172.168.1.8
      121,01/03/2019,15:05,B,172.168.1.8
      303,01/03/2019,15:10,B,172.168.1.8
       36,01/03/2019,15:15,B,172.168.1.8
      305,01/03/2019,16:04,B,172.168.1.8
      280,01/03/2019,16:06,B,172.168.1.8
      125,01/03/2019,16:07,B,172.168.1.8
        9,01/03/2019,16:08,B,172.168.1.8
      119,01/03/2019,16:09,B,172.168.1.8
       23,01/03/2019,16:14,B,172.168.1.8
        5,01/03/2019,16:16,B,172.168.1.8
        9,01/03/2019,16:17,B,172.168.1.8
        5,01/03/2019,16:18,B,172.168.1.8
       11,01/03/2019,16:18,B,172.168.1.8
       17,01/03/2019,16:21,B,172.168.1.8
       35,01/03/2019,16:25,B,172.168.1.8
       14,01/03/2019,16:31,B,172.168.1.8
       28,01/03/2019,16:36,B,172.168.1.8
       19,01/03/2019,16:49,B,172.168.1.8
       19,01/03/2019,16:50,B,172.168.1.8
       32,01/03/2019,17:00,B,172.168.1.8
       25,01/03/2019,17:01,B,172.168.1.8
       18,01/03/2019,17:07,B,172.168.1.8
       26,01/03/2019,17:09,B,172.168.1.8
      127,01/03/2019,17:11,B,172.168.1.8
      289,01/03/2019,17:15,B,172.168.1.8
      297,01/03/2019,17:17,B,172.168.1.8
      261,01/03/2019,17:17,B,172.168.1.8
      312,01/03/2019,17:22,B,172.168.1.8
      273,01/03/2019,17:27,B,172.168.1.8
       10,01/03/2019,17:28,B,172.168.1.8
       27,01/03/2019,17:31,B,172.168.1.8
      295,01/03/2019,17:32,B,172.168.1.8
      293,01/03/2019,17:33,B,172.168.1.8
      254,01/03/2019,17:34,B,172.168.1.8
      118,01/03/2019,17:35,B,172.168.1.8
      271,01/03/2019,17:36,B,172.168.1.8
      116,01/03/2019,17:55,B,172.168.1.8
       30,01/03/2019,17:57,B,172.168.1.8
      290,01/03/2019,18:00,B,172.168.1.8
      258,01/03/2019,18:00,B,172.168.1.8
      268,01/03/2019,18:01,B,172.168.1.8
      256,01/03/2019,18:02,B,172.168.1.8
      258,01/03/2019,18:02,B,172.168.1.8
      260,01/03/2019,18:03,B,172.168.1.8
      123,01/03/2019,18:05,B,172.168.1.8
      114,01/03/2019,18:08,B,172.168.1.8
       22,01/03/2019,18:08,B,172.168.1.8
       12,01/03/2019,18:10,B,172.168.1.8
      296,01/03/2019,18:11,B,172.168.1.8
        2,01/03/2019,18:11,B,172.168.1.8
        8,01/03/2019,18:12,B,172.168.1.8
      117,01/03/2019,18:19,B,172.168.1.8
      255,01/03/2019,18:55,B,172.168.1.8
      287,01/03/2019,19:34,B,172.168.1.8
      129,01/03/2019,19:35,B,172.168.1.8
      287,01/03/2019,19:37,B,172.168.1.8
      101,01/03/2019,19:38,B,172.168.1.8
      115,01/03/2019,19:38,B,172.168.1.8
      251,01/03/2019,19:38,B,172.168.1.8
      310,01/03/2019,19:38,B,172.168.1.8
      121,02/03/2019,06:47,B,172.168.1.8
      287,02/03/2019,07:10,B,172.168.1.8
      262,02/03/2019,07:20,B,172.168.1.8
      296,02/03/2019,07:33,B,172.168.1.8
      125,02/03/2019,07:36,B,172.168.1.8
      273,02/03/2019,07:48,B,172.168.1.8
      260,02/03/2019,08:26,B,172.168.1.8
      255,02/03/2019,08:33,B,172.168.1.8
      115,02/03/2019,08:49,B,172.168.1.8
       14,02/03/2019,08:52,B,172.168.1.8
       18,02/03/2019,08:56,B,172.168.1.8
       11,02/03/2019,08:58,B,172.168.1.8
       65,02/03/2019,08:58,B,172.168.1.8
      214,02/03/2019,08:58,B,172.168.1.8
       32,02/03/2019,08:59,B,172.168.1.8
       20,02/03/2019,09:01,B,172.168.1.8
        2,02/03/2019,09:09,B,172.168.1.8
       12,02/03/2019,09:15,B,172.168.1.8
       12,02/03/2019,09:15,B,172.168.1.8
      256,02/03/2019,09:20,B,172.168.1.8
      122,02/03/2019,09:22,B,172.168.1.8
      280,02/03/2019,09:22,B,172.168.1.8
      201,02/03/2019,09:22,B,172.168.1.8
      116,02/03/2019,09:24,B,172.168.1.8
      118,02/03/2019,09:28,B,172.168.1.8
       30,02/03/2019,09:29,B,172.168.1.8
       26,02/03/2019,09:29,B,172.168.1.8
       23,02/03/2019,09:31,B,172.168.1.8
       35,02/03/2019,09:31,B,172.168.1.8
      213,02/03/2019,09:33,B,172.168.1.8
      114,02/03/2019,09:40,B,172.168.1.8
      215,02/03/2019,09:45,B,172.168.1.8
      206,02/03/2019,09:50,B,172.168.1.8
      290,02/03/2019,09:50,B,172.168.1.8
      117,02/03/2019,09:50,B,172.168.1.8
       19,02/03/2019,09:50,B,172.168.1.8
      297,02/03/2019,09:51,B,172.168.1.8
        8,02/03/2019,09:51,B,172.168.1.8
       28,02/03/2019,09:52,B,172.168.1.8
      203,02/03/2019,09:54,B,172.168.1.8
       17,02/03/2019,09:55,B,172.168.1.8
      123,02/03/2019,09:55,B,172.168.1.8
      110,02/03/2019,09:55,B,172.168.1.8
      127,02/03/2019,09:56,B,172.168.1.8
      209,02/03/2019,09:56,B,172.168.1.8
      303,02/03/2019,09:57,B,172.168.1.8
      289,02/03/2019,09:59,B,172.168.1.8
      295,02/03/2019,10:00,B,172.168.1.8
      310,02/03/2019,10:00,B,172.168.1.8
        9,02/03/2019,10:01,B,172.168.1.8
      129,02/03/2019,10:02,B,172.168.1.8
      293,02/03/2019,10:02,B,172.168.1.8
      271,02/03/2019,10:04,B,172.168.1.8
       36,02/03/2019,10:09,B,172.168.1.8
      211,02/03/2019,10:10,B,172.168.1.8
        1,02/03/2019,10:10,B,172.168.1.8
      109,02/03/2019,10:14,B,172.168.1.8
       27,02/03/2019,10:21,B,172.168.1.8
       10,02/03/2019,10:23,B,172.168.1.8
        5,02/03/2019,10:25,B,172.168.1.8
      101,02/03/2019,10:26,B,172.168.1.8
      216,02/03/2019,10:30,B,172.168.1.8
      251,02/03/2019,10:30,B,172.168.1.8
      261,02/03/2019,10:32,B,172.168.1.8
      254,02/03/2019,10:40,B,172.168.1.8
      291,02/03/2019,10:52,B,172.168.1.8
      210,02/03/2019,10:58,B,172.168.1.8
      212,02/03/2019,11:34,B,172.168.1.8
      206,02/03/2019,11:59,B,172.168.1.8
      312,02/03/2019,12:02,B,172.168.1.8
      208,02/03/2019,12:08,B,172.168.1.8
      122,02/03/2019,12:08,B,172.168.1.8
      303,02/03/2019,12:09,B,172.168.1.8
      215,02/03/2019,12:18,B,172.168.1.8
      213,02/03/2019,12:22,B,172.168.1.8
       20,02/03/2019,12:24,B,172.168.1.8
      203,02/03/2019,12:31,B,172.168.1.8
       26,02/03/2019,12:43,B,172.168.1.8
       11,02/03/2019,13:02,B,172.168.1.8
      258,02/03/2019,13:03,B,172.168.1.8
       17,02/03/2019,13:08,B,172.168.1.8
      214,02/03/2019,13:12,B,172.168.1.8
       19,02/03/2019,13:16,B,172.168.1.8
       18,02/03/2019,13:21,B,172.168.1.8
      216,02/03/2019,13:25,B,172.168.1.8
       10,02/03/2019,13:54,B,172.168.1.8
        2,02/03/2019,13:55,B,172.168.1.8
        9,02/03/2019,13:56,B,172.168.1.8
      208,02/03/2019,14:08,B,172.168.1.8
      209,02/03/2019,14:10,B,172.168.1.8
      211,02/03/2019,14:13,B,172.168.1.8
      211,02/03/2019,14:13,B,172.168.1.8
      110,02/03/2019,14:13,B,172.168.1.8
      201,02/03/2019,14:15,B,172.168.1.8
      312,02/03/2019,14:19,B,172.168.1.8
       23,02/03/2019,14:30,B,172.168.1.8
      210,02/03/2019,14:41,B,172.168.1.8
       36,02/03/2019,14:42,B,172.168.1.8
      210,02/03/2019,14:43,B,172.168.1.8
       35,02/03/2019,14:43,B,172.168.1.8
      291,02/03/2019,15:00,B,172.168.1.8
      101,02/03/2019,15:04,B,172.168.1.8
       28,02/03/2019,15:07,B,172.168.1.8
      121,02/03/2019,15:08,B,172.168.1.8
       72,02/03/2019,15:13,B,172.168.1.8
       72,02/03/2019,15:13,B,172.168.1.8
       72,02/03/2019,15:13,B,172.168.1.8
       65,02/03/2019,15:20,B,172.168.1.8
       14,02/03/2019,15:33,B,172.168.1.8
       30,02/03/2019,15:49,B,172.168.1.8
        5,02/03/2019,16:16,B,172.168.1.8
      125,02/03/2019,16:29,B,172.168.1.8
      125,02/03/2019,16:30,B,172.168.1.8
       12,02/03/2019,16:59,B,172.168.1.8
      123,02/03/2019,17:00,B,172.168.1.8
      260,02/03/2019,17:05,B,172.168.1.8
      127,02/03/2019,17:06,B,172.168.1.8
      289,02/03/2019,17:14,B,172.168.1.8
      261,02/03/2019,17:14,B,172.168.1.8
      297,02/03/2019,17:19,B,172.168.1.8
      118,02/03/2019,17:23,B,172.168.1.8
      114,02/03/2019,17:24,B,172.168.1.8
      273,02/03/2019,17:27,B,172.168.1.8
      254,02/03/2019,17:27,B,172.168.1.8
      271,02/03/2019,17:30,B,172.168.1.8
      251,02/03/2019,17:31,B,172.168.1.8
      109,02/03/2019,17:33,B,172.168.1.8
      295,02/03/2019,17:33,B,172.168.1.8
      129,02/03/2019,17:35,B,172.168.1.8
      116,02/03/2019,17:37,B,172.168.1.8
      258,02/03/2019,17:41,B,172.168.1.8
      287,02/03/2019,17:45,B,172.168.1.8
      280,02/03/2019,17:45,B,172.168.1.8
      258,02/03/2019,17:45,B,172.168.1.8
       32,02/03/2019,17:47,B,172.168.1.8
      293,02/03/2019,17:48,B,172.168.1.8
      290,02/03/2019,17:50,B,172.168.1.8
      296,02/03/2019,17:51,B,172.168.1.8
       32,02/03/2019,18:01,B,172.168.1.8
        8,02/03/2019,18:02,B,172.168.1.8
        1,02/03/2019,18:05,B,172.168.1.8
      256,02/03/2019,18:12,B,172.168.1.8
      117,02/03/2019,18:25,B,172.168.1.8
      310,02/03/2019,18:25,B,172.168.1.8
      255,02/03/2019,18:26,B,172.168.1.8
      114,03/03/2019,10:34,B,172.168.1.8
      114,03/03/2019,16:37,B,172.168.1.8
      115,04/03/2019,10:03,B,172.168.1.8
      101,04/03/2019,10:55,B,172.168.1.8
      251,04/03/2019,11:22,B,172.168.1.8
      115,04/03/2019,15:54,B,172.168.1.8
      251,04/03/2019,15:54,B,172.168.1.8
      101,04/03/2019,15:54,B,172.168.1.8
      121,05/03/2019,06:56,B,172.168.1.8
      273,05/03/2019,07:29,B,172.168.1.8
      287,05/03/2019,07:30,B,172.168.1.8
      125,05/03/2019,07:44,B,172.168.1.8
       42,05/03/2019,07:51,B,172.168.1.8
      255,05/03/2019,07:53,B,172.168.1.8
      215,05/03/2019,08:03,B,172.168.1.8
       54,05/03/2019,08:03,B,172.168.1.8
      296,05/03/2019,08:18,B,172.168.1.8
       52,05/03/2019,08:19,B,172.168.1.8
      260,05/03/2019,08:26,B,172.168.1.8
      112,05/03/2019,08:39,B,172.168.1.8
      312,05/03/2019,08:41,B,172.168.1.8
       72,05/03/2019,08:48,B,172.168.1.8
      115,05/03/2019,08:48,B,172.168.1.8
      207,05/03/2019,08:52,B,172.168.1.8
      268,05/03/2019,08:53,B,172.168.1.8
      120,05/03/2019,08:56,B,172.168.1.8
       11,05/03/2019,08:57,B,172.168.1.8
       23,05/03/2019,09:02,B,172.168.1.8
      214,05/03/2019,09:02,B,172.168.1.8
      303,05/03/2019,09:03,B,172.168.1.8
       70,05/03/2019,09:04,B,172.168.1.8
      122,05/03/2019,09:05,B,172.168.1.8
       16,05/03/2019,09:05,B,172.168.1.8
       18,05/03/2019,09:06,B,172.168.1.8
      262,05/03/2019,09:06,B,172.168.1.8
      280,05/03/2019,09:07,B,172.168.1.8
      119,05/03/2019,09:08,B,172.168.1.8
       32,05/03/2019,09:11,B,172.168.1.8
       20,05/03/2019,09:23,B,172.168.1.8
      211,05/03/2019,09:32,B,172.168.1.8
      127,05/03/2019,09:34,B,172.168.1.8
      123,05/03/2019,09:37,B,172.168.1.8
      216,05/03/2019,09:37,B,172.168.1.8
      256,05/03/2019,09:37,B,172.168.1.8
      213,05/03/2019,09:38,B,172.168.1.8
       12,05/03/2019,09:39,B,172.168.1.8
      110,05/03/2019,09:40,B,172.168.1.8
      209,05/03/2019,09:45,B,172.168.1.8
      201,05/03/2019,09:47,B,172.168.1.8
      201,05/03/2019,09:47,B,172.168.1.8
      297,05/03/2019,09:49,B,172.168.1.8
      290,05/03/2019,09:50,B,172.168.1.8
      203,05/03/2019,09:52,B,172.168.1.8
      203,05/03/2019,09:52,B,172.168.1.8
      109,05/03/2019,09:54,B,172.168.1.8
      206,05/03/2019,09:55,B,172.168.1.8
      295,05/03/2019,09:56,B,172.168.1.8
       54,05/03/2019,09:57,B,172.168.1.8
       42,05/03/2019,09:57,B,172.168.1.8
      289,05/03/2019,09:58,B,172.168.1.8
      310,05/03/2019,09:59,B,172.168.1.8
      271,05/03/2019,10:03,B,172.168.1.8
      117,05/03/2019,10:04,B,172.168.1.8
       35,05/03/2019,10:04,B,172.168.1.8
      114,05/03/2019,10:05,B,172.168.1.8
       36,05/03/2019,10:10,B,172.168.1.8
        1,05/03/2019,10:21,B,172.168.1.8
      116,05/03/2019,10:23,B,172.168.1.8
      101,05/03/2019,10:27,B,172.168.1.8
       28,05/03/2019,10:27,B,172.168.1.8
       14,05/03/2019,10:33,B,172.168.1.8
        8,05/03/2019,10:37,B,172.168.1.8
      258,05/03/2019,10:42,B,172.168.1.8
      251,05/03/2019,10:42,B,172.168.1.8
      254,05/03/2019,10:43,B,172.168.1.8
       17,05/03/2019,10:46,B,172.168.1.8
       26,05/03/2019,10:56,B,172.168.1.8
       27,05/03/2019,10:58,B,172.168.1.8
       19,05/03/2019,11:19,B,172.168.1.8
        2,05/03/2019,11:21,B,172.168.1.8
       30,05/03/2019,11:21,B,172.168.1.8
       10,05/03/2019,11:23,B,172.168.1.8
        9,05/03/2019,11:25,B,172.168.1.8
       22,05/03/2019,11:30,B,172.168.1.8
      311,05/03/2019,11:49,B,172.168.1.8
      305,05/03/2019,12:01,B,172.168.1.8
      215,05/03/2019,12:56,B,172.168.1.8
      119,05/03/2019,13:02,B,172.168.1.8
      262,05/03/2019,13:05,B,172.168.1.8
      293,05/03/2019,13:14,B,172.168.1.8
      304,05/03/2019,13:21,B,172.168.1.8
      214,05/03/2019,14:12,B,172.168.1.8
      207,05/03/2019,14:29,B,172.168.1.8
      216,05/03/2019,14:29,B,172.168.1.8
      211,05/03/2019,14:31,B,172.168.1.8
       16,05/03/2019,14:36,B,172.168.1.8
       72,05/03/2019,14:45,B,172.168.1.8
      213,05/03/2019,14:45,B,172.168.1.8
      203,05/03/2019,14:45,B,172.168.1.8
      201,05/03/2019,14:45,B,172.168.1.8
      209,05/03/2019,14:46,B,172.168.1.8
       52,05/03/2019,14:56,B,172.168.1.8
      121,05/03/2019,15:07,B,172.168.1.8
      206,05/03/2019,15:18,B,172.168.1.8
       35,05/03/2019,15:35,B,172.168.1.8
       36,05/03/2019,15:39,B,172.168.1.8
      305,05/03/2019,15:50,B,172.168.1.8
       20,05/03/2019,15:55,B,172.168.1.8
       29,05/03/2019,16:03,B,172.168.1.8
      125,05/03/2019,16:06,B,172.168.1.8
        8,05/03/2019,16:18,B,172.168.1.8
       28,05/03/2019,16:36,B,172.168.1.8
       14,05/03/2019,16:43,B,172.168.1.8
       32,05/03/2019,16:48,B,172.168.1.8
       19,05/03/2019,16:51,B,172.168.1.8
       23,05/03/2019,16:58,B,172.168.1.8
        9,05/03/2019,17:01,B,172.168.1.8
       11,05/03/2019,17:02,B,172.168.1.8
      110,05/03/2019,17:15,B,172.168.1.8
      289,05/03/2019,17:17,B,172.168.1.8
      127,05/03/2019,17:17,B,172.168.1.8
      297,05/03/2019,17:18,B,172.168.1.8
       10,05/03/2019,17:19,B,172.168.1.8
      120,05/03/2019,17:21,B,172.168.1.8
      311,05/03/2019,17:21,B,172.168.1.8
      109,05/03/2019,17:21,B,172.168.1.8
      258,05/03/2019,17:22,B,172.168.1.8
       27,05/03/2019,17:23,B,172.168.1.8
      312,05/03/2019,17:25,B,172.168.1.8
      273,05/03/2019,17:32,B,172.168.1.8
      295,05/03/2019,17:33,B,172.168.1.8
       17,05/03/2019,17:35,B,172.168.1.8
      123,05/03/2019,17:36,B,172.168.1.8
      254,05/03/2019,17:37,B,172.168.1.8
      115,05/03/2019,17:38,B,172.168.1.8
      251,05/03/2019,17:38,B,172.168.1.8
      254,05/03/2019,17:38,B,172.168.1.8
      260,05/03/2019,17:39,B,172.168.1.8
      271,05/03/2019,17:39,B,172.168.1.8
      114,05/03/2019,17:40,B,172.168.1.8
       26,05/03/2019,17:42,B,172.168.1.8
       37,05/03/2019,17:42,B,172.168.1.8
      280,05/03/2019,17:47,B,172.168.1.8
      287,05/03/2019,17:47,B,172.168.1.8
      287,05/03/2019,17:48,B,172.168.1.8
      268,05/03/2019,17:48,B,172.168.1.8
      296,05/03/2019,17:49,B,172.168.1.8
      101,05/03/2019,17:51,B,172.168.1.8
       30,05/03/2019,17:53,B,172.168.1.8
      293,05/03/2019,17:57,B,172.168.1.8
      290,05/03/2019,18:01,B,172.168.1.8
      117,05/03/2019,18:15,B,172.168.1.8
      116,05/03/2019,18:16,B,172.168.1.8
      112,05/03/2019,18:17,B,172.168.1.8
       12,05/03/2019,18:40,B,172.168.1.8
        2,05/03/2019,18:40,B,172.168.1.8
       22,05/03/2019,18:40,B,172.168.1.8
      310,05/03/2019,18:40,B,172.168.1.8
       22,05/03/2019,18:41,B,172.168.1.8
        1,05/03/2019,19:07,B,172.168.1.8
      256,05/03/2019,19:10,B,172.168.1.8
      255,05/03/2019,19:12,B,172.168.1.8
      121,06/03/2019,06:46,B,172.168.1.8
      273,06/03/2019,07:53,B,172.168.1.8
      287,06/03/2019,07:56,B,172.168.1.8
      125,06/03/2019,07:56,B,172.168.1.8
       42,06/03/2019,08:03,B,172.168.1.8
      255,06/03/2019,08:05,B,172.168.1.8
      296,06/03/2019,08:12,B,172.168.1.8
       52,06/03/2019,08:20,B,172.168.1.8
      260,06/03/2019,08:27,B,172.168.1.8
      301,06/03/2019,08:39,B,172.168.1.8
       36,06/03/2019,08:42,B,172.168.1.8
      312,06/03/2019,08:42,B,172.168.1.8
      119,06/03/2019,08:45,B,172.168.1.8
       23,06/03/2019,08:46,B,172.168.1.8
      212,06/03/2019,08:49,B,172.168.1.8
      216,06/03/2019,08:49,B,172.168.1.8
      115,06/03/2019,08:50,B,172.168.1.8
       18,06/03/2019,08:53,B,172.168.1.8
      262,06/03/2019,08:59,B,172.168.1.8
       11,06/03/2019,09:02,B,172.168.1.8
      268,06/03/2019,09:04,B,172.168.1.8
      280,06/03/2019,09:05,B,172.168.1.8
      214,06/03/2019,09:07,B,172.168.1.8
       25,06/03/2019,09:11,B,172.168.1.8
       20,06/03/2019,09:14,B,172.168.1.8
       72,06/03/2019,09:16,B,172.168.1.8
      122,06/03/2019,09:17,B,172.168.1.8
       12,06/03/2019,09:24,B,172.168.1.8
      256,06/03/2019,09:25,B,172.168.1.8
       32,06/03/2019,09:26,B,172.168.1.8
       30,06/03/2019,09:28,B,172.168.1.8
      201,06/03/2019,09:30,B,172.168.1.8
      203,06/03/2019,09:33,B,172.168.1.8
      215,06/03/2019,09:36,B,172.168.1.8
      211,06/03/2019,09:36,B,172.168.1.8
      123,06/03/2019,09:37,B,172.168.1.8
      209,06/03/2019,09:42,B,172.168.1.8
      208,06/03/2019,09:45,B,172.168.1.8
      206,06/03/2019,09:48,B,172.168.1.8
      213,06/03/2019,09:49,B,172.168.1.8
      290,06/03/2019,09:50,B,172.168.1.8
      117,06/03/2019,09:51,B,172.168.1.8
       10,06/03/2019,09:53,B,172.168.1.8
       51,06/03/2019,09:56,B,172.168.1.8
      109,06/03/2019,09:57,B,172.168.1.8
        9,06/03/2019,09:58,B,172.168.1.8
      289,06/03/2019,09:59,B,172.168.1.8
      112,06/03/2019,09:59,B,172.168.1.8
      297,06/03/2019,10:00,B,172.168.1.8
      110,06/03/2019,10:00,B,172.168.1.8
      310,06/03/2019,10:01,B,172.168.1.8
      295,06/03/2019,10:01,B,172.168.1.8
      116,06/03/2019,10:01,B,172.168.1.8
        8,06/03/2019,10:03,B,172.168.1.8
      271,06/03/2019,10:03,B,172.168.1.8
       16,06/03/2019,10:08,B,172.168.1.8
       17,06/03/2019,10:09,B,172.168.1.8
       17,06/03/2019,10:10,B,172.168.1.8
       35,06/03/2019,10:12,B,172.168.1.8
        1,06/03/2019,10:15,B,172.168.1.8
       14,06/03/2019,10:16,B,172.168.1.8
       26,06/03/2019,10:20,B,172.168.1.8
      101,06/03/2019,10:23,B,172.168.1.8
       28,06/03/2019,10:27,B,172.168.1.8
      114,06/03/2019,10:38,B,172.168.1.8
      254,06/03/2019,10:39,B,172.168.1.8
      251,06/03/2019,10:51,B,172.168.1.8
       57,06/03/2019,10:55,B,172.168.1.8
       27,06/03/2019,10:57,B,172.168.1.8
      210,06/03/2019,10:58,B,172.168.1.8
       19,06/03/2019,11:12,B,172.168.1.8
       51,06/03/2019,11:12,B,172.168.1.8
       42,06/03/2019,11:34,B,172.168.1.8
       65,06/03/2019,11:45,B,172.168.1.8
       22,06/03/2019,11:45,B,172.168.1.8
      293,06/03/2019,12:48,B,172.168.1.8
      127,06/03/2019,13:01,B,172.168.1.8
      304,06/03/2019,13:19,B,172.168.1.8
      211,06/03/2019,13:35,B,172.168.1.8
      210,06/03/2019,13:36,B,172.168.1.8
      211,06/03/2019,13:37,B,172.168.1.8
      208,06/03/2019,13:45,B,172.168.1.8
      311,06/03/2019,13:47,B,172.168.1.8
       52,06/03/2019,13:49,B,172.168.1.8
       64,06/03/2019,13:56,B,172.168.1.8
      212,06/03/2019,14:09,B,172.168.1.8
      216,06/03/2019,14:11,B,172.168.1.8
       36,06/03/2019,14:16,B,172.168.1.8
      119,06/03/2019,14:18,B,172.168.1.8
      215,06/03/2019,14:20,B,172.168.1.8
      203,06/03/2019,14:20,B,172.168.1.8
      214,06/03/2019,14:20,B,172.168.1.8
      215,06/03/2019,14:21,B,172.168.1.8
      201,06/03/2019,14:23,B,172.168.1.8
      203,06/03/2019,14:23,B,172.168.1.8
      209,06/03/2019,14:30,B,172.168.1.8
      206,06/03/2019,14:30,B,172.168.1.8
      213,06/03/2019,14:30,B,172.168.1.8
       72,06/03/2019,14:47,B,172.168.1.8
      122,06/03/2019,14:47,B,172.168.1.8
      121,06/03/2019,15:06,B,172.168.1.8
       23,06/03/2019,15:10,B,172.168.1.8
       16,06/03/2019,15:54,B,172.168.1.8
      125,06/03/2019,15:55,B,172.168.1.8
       35,06/03/2019,15:58,B,172.168.1.8
       64,06/03/2019,16:04,B,172.168.1.8
      311,06/03/2019,16:29,B,172.168.1.8
       27,06/03/2019,16:36,B,172.168.1.8
       28,06/03/2019,16:40,B,172.168.1.8
        9,06/03/2019,16:43,B,172.168.1.8
       19,06/03/2019,16:49,B,172.168.1.8
       20,06/03/2019,16:55,B,172.168.1.8
      312,06/03/2019,16:56,B,172.168.1.8
      262,06/03/2019,16:57,B,172.168.1.8
       25,06/03/2019,17:02,B,172.168.1.8
       10,06/03/2019,17:02,B,172.168.1.8
       65,06/03/2019,17:08,B,172.168.1.8
      127,06/03/2019,17:10,B,172.168.1.8
      289,06/03/2019,17:12,B,172.168.1.8
       32,06/03/2019,17:13,B,172.168.1.8
       26,06/03/2019,17:13,B,172.168.1.8
       18,06/03/2019,17:14,B,172.168.1.8
       22,06/03/2019,17:16,B,172.168.1.8
      301,06/03/2019,17:18,B,172.168.1.8
      297,06/03/2019,17:18,B,172.168.1.8
       12,06/03/2019,17:19,B,172.168.1.8
      120,06/03/2019,17:20,B,172.168.1.8
       14,06/03/2019,17:22,B,172.168.1.8
       11,06/03/2019,17:25,B,172.168.1.8
       18,06/03/2019,17:25,B,172.168.1.8
      254,06/03/2019,17:26,B,172.168.1.8
      273,06/03/2019,17:28,B,172.168.1.8
      271,06/03/2019,17:30,B,172.168.1.8
      114,06/03/2019,17:47,B,172.168.1.8
       17,06/03/2019,17:54,B,172.168.1.8
      280,06/03/2019,18:01,B,172.168.1.8
      123,06/03/2019,18:01,B,172.168.1.8
      260,06/03/2019,18:02,B,172.168.1.8
      293,06/03/2019,18:02,B,172.168.1.8
       30,06/03/2019,18:02,B,172.168.1.8
      268,06/03/2019,18:03,B,172.168.1.8
      117,06/03/2019,18:04,B,172.168.1.8
      290,06/03/2019,18:04,B,172.168.1.8
      116,06/03/2019,18:04,B,172.168.1.8
        8,06/03/2019,18:04,B,172.168.1.8
      296,06/03/2019,18:05,B,172.168.1.8
      112,06/03/2019,18:12,B,172.168.1.8
      255,06/03/2019,18:33,B,172.168.1.8
      310,06/03/2019,19:50,B,172.168.1.8
      109,06/03/2019,20:00,B,172.168.1.8
      295,06/03/2019,20:00,B,172.168.1.8
      287,06/03/2019,20:00,B,172.168.1.8
      310,06/03/2019,20:00,B,172.168.1.8
      251,06/03/2019,20:01,B,172.168.1.8
      109,06/03/2019,20:01,B,172.168.1.8
      101,06/03/2019,21:04,B,172.168.1.8
        1,06/03/2019,21:05,B,172.168.1.8
      256,06/03/2019,21:07,B,172.168.1.8
      115,06/03/2019,21:07,B,172.168.1.8
      121,07/03/2019,06:48,B,172.168.1.8
      125,07/03/2019,07:52,B,172.168.1.8
      215,07/03/2019,07:52,B,172.168.1.8
      273,07/03/2019,07:54,B,172.168.1.8
      255,07/03/2019,07:55,B,172.168.1.8
       42,07/03/2019,08:00,B,172.168.1.8
       54,07/03/2019,08:06,B,172.168.1.8
      118,07/03/2019,08:12,B,172.168.1.8
       52,07/03/2019,08:13,B,172.168.1.8
      287,07/03/2019,08:13,B,172.168.1.8
      260,07/03/2019,08:28,B,172.168.1.8
      296,07/03/2019,08:29,B,172.168.1.8
      312,07/03/2019,08:41,B,172.168.1.8
      211,07/03/2019,08:42,B,172.168.1.8
      268,07/03/2019,08:47,B,172.168.1.8
       36,07/03/2019,08:48,B,172.168.1.8
      119,07/03/2019,08:49,B,172.168.1.8
      115,07/03/2019,08:52,B,172.168.1.8
      120,07/03/2019,08:55,B,172.168.1.8
       72,07/03/2019,08:56,B,172.168.1.8
      207,07/03/2019,08:56,B,172.168.1.8
       16,07/03/2019,08:58,B,172.168.1.8
       32,07/03/2019,09:00,B,172.168.1.8
       70,07/03/2019,09:01,B,172.168.1.8
      208,07/03/2019,09:06,B,172.168.1.8
       64,07/03/2019,09:06,B,172.168.1.8
      202,07/03/2019,09:11,B,172.168.1.8
       12,07/03/2019,09:17,B,172.168.1.8
      303,07/03/2019,09:18,B,172.168.1.8
      303,07/03/2019,09:18,B,172.168.1.8
       20,07/03/2019,09:25,B,172.168.1.8
      122,07/03/2019,09:25,B,172.168.1.8
      280,07/03/2019,09:28,B,172.168.1.8
      101,07/03/2019,09:32,B,172.168.1.8
       25,07/03/2019,09:33,B,172.168.1.8
      203,07/03/2019,09:33,B,172.168.1.8
       24,07/03/2019,09:43,B,172.168.1.8
      214,07/03/2019,09:44,B,172.168.1.8
      110,07/03/2019,09:45,B,172.168.1.8
      258,07/03/2019,09:46,B,172.168.1.8
      127,07/03/2019,09:47,B,172.168.1.8
       14,07/03/2019,09:51,B,172.168.1.8
       17,07/03/2019,09:52,B,172.168.1.8
      112,07/03/2019,09:53,B,172.168.1.8
      256,07/03/2019,09:55,B,172.168.1.8
      123,07/03/2019,09:56,B,172.168.1.8
      109,07/03/2019,09:56,B,172.168.1.8
        1,07/03/2019,09:56,B,172.168.1.8
      290,07/03/2019,09:57,B,172.168.1.8
        2,07/03/2019,09:57,B,172.168.1.8
      289,07/03/2019,09:59,B,172.168.1.8
      297,07/03/2019,10:03,B,172.168.1.8
       29,07/03/2019,10:04,B,172.168.1.8
       28,07/03/2019,10:07,B,172.168.1.8
      293,07/03/2019,10:08,B,172.168.1.8
       10,07/03/2019,10:08,B,172.168.1.8
      129,07/03/2019,10:09,B,172.168.1.8
      295,07/03/2019,10:09,B,172.168.1.8
      310,07/03/2019,10:09,B,172.168.1.8
      271,07/03/2019,10:12,B,172.168.1.8
      117,07/03/2019,10:13,B,172.168.1.8
      209,07/03/2019,10:14,B,172.168.1.8
        8,07/03/2019,10:22,B,172.168.1.8
      261,07/03/2019,10:24,B,172.168.1.8
      213,07/03/2019,10:24,B,172.168.1.8
      213,07/03/2019,10:24,B,172.168.1.8
       35,07/03/2019,10:25,B,172.168.1.8
      201,07/03/2019,10:31,B,172.168.1.8
      114,07/03/2019,10:36,B,172.168.1.8
       30,07/03/2019,10:37,B,172.168.1.8
      254,07/03/2019,10:44,B,172.168.1.8
       18,07/03/2019,10:45,B,172.168.1.8
      251,07/03/2019,10:59,B,172.168.1.8
       54,07/03/2019,11:02,B,172.168.1.8
       26,07/03/2019,11:22,B,172.168.1.8
        9,07/03/2019,11:23,B,172.168.1.8
       27,07/03/2019,11:28,B,172.168.1.8
       19,07/03/2019,11:38,B,172.168.1.8
      110,07/03/2019,11:46,B,172.168.1.8
      129,07/03/2019,11:48,B,172.168.1.8
       65,07/03/2019,12:04,B,172.168.1.8
       64,07/03/2019,12:19,B,172.168.1.8
      305,07/03/2019,12:25,B,172.168.1.8
      215,07/03/2019,12:50,B,172.168.1.8
      201,07/03/2019,13:03,B,172.168.1.8
      207,07/03/2019,13:10,B,172.168.1.8
      208,07/03/2019,13:10,B,172.168.1.8
       42,07/03/2019,13:13,B,172.168.1.8
       52,07/03/2019,13:30,B,172.168.1.8
      210,07/03/2019,13:32,B,172.168.1.8
      210,07/03/2019,13:33,B,172.168.1.8
      213,07/03/2019,13:37,B,172.168.1.8
      209,07/03/2019,13:37,B,172.168.1.8
      304,07/03/2019,13:39,B,172.168.1.8
      202,07/03/2019,14:03,B,172.168.1.8
       36,07/03/2019,14:21,B,172.168.1.8
      203,07/03/2019,14:47,B,172.168.1.8
      214,07/03/2019,15:03,B,172.168.1.8
      121,07/03/2019,15:07,B,172.168.1.8
       72,07/03/2019,15:14,B,172.168.1.8
      303,07/03/2019,15:31,B,172.168.1.8
      305,07/03/2019,15:33,B,172.168.1.8
       35,07/03/2019,15:38,B,172.168.1.8
       24,07/03/2019,15:40,B,172.168.1.8
       24,07/03/2019,15:41,B,172.168.1.8
       16,07/03/2019,15:42,B,172.168.1.8
      303,07/03/2019,15:44,B,172.168.1.8
      125,07/03/2019,16:02,B,172.168.1.8
      122,07/03/2019,16:20,B,172.168.1.8
      119,07/03/2019,16:35,B,172.168.1.8
       20,07/03/2019,16:37,B,172.168.1.8
       28,07/03/2019,16:39,B,172.168.1.8
       19,07/03/2019,16:44,B,172.168.1.8
      312,07/03/2019,16:45,B,172.168.1.8
       29,07/03/2019,16:59,B,172.168.1.8
       32,07/03/2019,17:07,B,172.168.1.8
      127,07/03/2019,17:10,B,172.168.1.8
       27,07/03/2019,17:10,B,172.168.1.8
       14,07/03/2019,17:10,B,172.168.1.8
      109,07/03/2019,17:14,B,172.168.1.8
      297,07/03/2019,17:14,B,172.168.1.8
        8,07/03/2019,17:15,B,172.168.1.8
       65,07/03/2019,17:17,B,172.168.1.8
      258,07/03/2019,17:17,B,172.168.1.8
      289,07/03/2019,17:17,B,172.168.1.8
      295,07/03/2019,17:18,B,172.168.1.8
      261,07/03/2019,17:19,B,172.168.1.8
      120,07/03/2019,17:20,B,172.168.1.8
      271,07/03/2019,17:20,B,172.168.1.8
      273,07/03/2019,17:25,B,172.168.1.8
      101,07/03/2019,17:26,B,172.168.1.8
        9,07/03/2019,17:27,B,172.168.1.8
      254,07/03/2019,17:27,B,172.168.1.8
        9,07/03/2019,17:28,B,172.168.1.8
      251,07/03/2019,17:30,B,172.168.1.8
      115,07/03/2019,17:30,B,172.168.1.8
       17,07/03/2019,17:34,B,172.168.1.8
       18,07/03/2019,17:37,B,172.168.1.8
       26,07/03/2019,17:38,B,172.168.1.8
      260,07/03/2019,17:50,B,172.168.1.8
       10,07/03/2019,17:51,B,172.168.1.8
      123,07/03/2019,17:52,B,172.168.1.8
      290,07/03/2019,17:56,B,172.168.1.8
      296,07/03/2019,17:57,B,172.168.1.8
       30,07/03/2019,17:57,B,172.168.1.8
      287,07/03/2019,18:01,B,172.168.1.8
      268,07/03/2019,18:04,B,172.168.1.8
      114,07/03/2019,18:05,B,172.168.1.8
      256,07/03/2019,18:08,B,172.168.1.8
      280,07/03/2019,18:08,B,172.168.1.8
        1,07/03/2019,18:10,B,172.168.1.8
        2,07/03/2019,18:10,B,172.168.1.8
       22,07/03/2019,18:10,B,172.168.1.8
       12,07/03/2019,18:13,B,172.168.1.8
      293,07/03/2019,18:13,B,172.168.1.8
      112,07/03/2019,18:14,B,172.168.1.8
      310,07/03/2019,18:24,B,172.168.1.8
      117,07/03/2019,18:25,B,172.168.1.8
      255,07/03/2019,18:25,B,172.168.1.8
      112,07/03/2019,18:25,B,172.168.1.8
      121,08/03/2019,06:56,B,172.168.1.8
      273,08/03/2019,07:27,B,172.168.1.8
      125,08/03/2019,07:47,B,172.168.1.8
      112,08/03/2019,08:13,B,172.168.1.8
      296,08/03/2019,08:15,B,172.168.1.8
      255,08/03/2019,08:22,B,172.168.1.8
      301,08/03/2019,08:33,B,172.168.1.8
      211,08/03/2019,08:46,B,172.168.1.8
      210,08/03/2019,08:47,B,172.168.1.8
       14,08/03/2019,08:49,B,172.168.1.8
       64,08/03/2019,08:49,B,172.168.1.8
      260,08/03/2019,08:50,B,172.168.1.8
       23,08/03/2019,08:52,B,172.168.1.8
      262,08/03/2019,08:53,B,172.168.1.8
      287,08/03/2019,08:54,B,172.168.1.8
      268,08/03/2019,08:56,B,172.168.1.8
      120,08/03/2019,08:57,B,172.168.1.8
      207,08/03/2019,08:57,B,172.168.1.8
      212,08/03/2019,08:57,B,172.168.1.8
      115,08/03/2019,08:57,B,172.168.1.8
       72,08/03/2019,08:59,B,172.168.1.8
      303,08/03/2019,09:01,B,172.168.1.8
       16,08/03/2019,09:06,B,172.168.1.8
      119,08/03/2019,09:08,B,172.168.1.8
      214,08/03/2019,09:09,B,172.168.1.8
       52,08/03/2019,09:13,B,172.168.1.8
      312,08/03/2019,09:15,B,172.168.1.8
      280,08/03/2019,09:15,B,172.168.1.8
      208,08/03/2019,09:15,B,172.168.1.8
       20,08/03/2019,09:17,B,172.168.1.8
       30,08/03/2019,09:25,B,172.168.1.8
       28,08/03/2019,09:25,B,172.168.1.8
       25,08/03/2019,09:27,B,172.168.1.8
      256,08/03/2019,09:31,B,172.168.1.8
       11,08/03/2019,09:32,B,172.168.1.8
       32,08/03/2019,09:33,B,172.168.1.8
      127,08/03/2019,09:38,B,172.168.1.8
      110,08/03/2019,09:42,B,172.168.1.8
      209,08/03/2019,09:43,B,172.168.1.8
      122,08/03/2019,09:43,B,172.168.1.8
      206,08/03/2019,09:44,B,172.168.1.8
       12,08/03/2019,09:45,B,172.168.1.8
       17,08/03/2019,09:46,B,172.168.1.8
      290,08/03/2019,09:48,B,172.168.1.8
      117,08/03/2019,09:49,B,172.168.1.8
      295,08/03/2019,09:51,B,172.168.1.8
      109,08/03/2019,09:54,B,172.168.1.8
      123,08/03/2019,09:56,B,172.168.1.8
       26,08/03/2019,09:57,B,172.168.1.8
      289,08/03/2019,09:58,B,172.168.1.8
      202,08/03/2019,10:00,B,172.168.1.8
       35,08/03/2019,10:01,B,172.168.1.8
      293,08/03/2019,10:02,B,172.168.1.8
      297,08/03/2019,10:03,B,172.168.1.8
      203,08/03/2019,10:04,B,172.168.1.8
      201,08/03/2019,10:04,B,172.168.1.8
      213,08/03/2019,10:09,B,172.168.1.8
      271,08/03/2019,10:13,B,172.168.1.8
      310,08/03/2019,10:14,B,172.168.1.8
      101,08/03/2019,10:21,B,172.168.1.8
       18,08/03/2019,10:32,B,172.168.1.8
      261,08/03/2019,10:37,B,172.168.1.8
      129,08/03/2019,10:41,B,172.168.1.8
       57,08/03/2019,10:42,B,172.168.1.8
       22,08/03/2019,10:43,B,172.168.1.8
      254,08/03/2019,10:47,B,172.168.1.8
      114,08/03/2019,10:47,B,172.168.1.8
       29,08/03/2019,10:52,B,172.168.1.8
      262,08/03/2019,10:56,B,172.168.1.8
       67,08/03/2019,10:58,B,172.168.1.8
       27,08/03/2019,11:08,B,172.168.1.8
      216,08/03/2019,11:09,B,172.168.1.8
        8,08/03/2019,11:12,B,172.168.1.8
      251,08/03/2019,11:14,B,172.168.1.8
       24,08/03/2019,11:14,B,172.168.1.8
       51,08/03/2019,11:15,B,172.168.1.8
       10,08/03/2019,11:19,B,172.168.1.8
        9,08/03/2019,11:33,B,172.168.1.8
       19,08/03/2019,11:42,B,172.168.1.8
      305,08/03/2019,11:52,B,172.168.1.8
       64,08/03/2019,12:21,B,172.168.1.8
      301,08/03/2019,12:29,B,172.168.1.8
      256,08/03/2019,13:01,B,172.168.1.8
      210,08/03/2019,13:26,B,172.168.1.8
      211,08/03/2019,13:31,B,172.168.1.8
      208,08/03/2019,13:35,B,172.168.1.8
      211,08/03/2019,13:36,B,172.168.1.8
      122,08/03/2019,14:05,B,172.168.1.8
      258,08/03/2019,14:12,B,172.168.1.8
       67,08/03/2019,14:23,B,172.168.1.8
       51,08/03/2019,14:23,B,172.168.1.8
      202,08/03/2019,14:27,B,172.168.1.8
      216,08/03/2019,14:37,B,172.168.1.8
      212,08/03/2019,14:37,B,172.168.1.8
      207,08/03/2019,14:37,B,172.168.1.8
       16,08/03/2019,14:39,B,172.168.1.8
      209,08/03/2019,14:45,B,172.168.1.8
      206,08/03/2019,14:45,B,172.168.1.8
      213,08/03/2019,14:45,B,172.168.1.8
      303,08/03/2019,14:54,B,172.168.1.8
       72,08/03/2019,14:54,B,172.168.1.8
       36,08/03/2019,14:55,B,172.168.1.8
      203,08/03/2019,14:56,B,172.168.1.8
      201,08/03/2019,14:56,B,172.168.1.8
       35,08/03/2019,14:56,B,172.168.1.8
       35,08/03/2019,14:56,B,172.168.1.8
      110,08/03/2019,14:59,B,172.168.1.8
      121,08/03/2019,15:26,B,172.168.1.8
       20,08/03/2019,15:38,B,172.168.1.8
      125,08/03/2019,15:46,B,172.168.1.8
      214,08/03/2019,15:47,B,172.168.1.8
      305,08/03/2019,15:48,B,172.168.1.8
       23,08/03/2019,15:53,B,172.168.1.8
      109,08/03/2019,16:15,B,172.168.1.8
      258,08/03/2019,16:16,B,172.168.1.8
       12,08/03/2019,16:24,B,172.168.1.8
       14,08/03/2019,16:34,B,172.168.1.8
       28,08/03/2019,16:38,B,172.168.1.8
        8,08/03/2019,16:41,B,172.168.1.8
        9,08/03/2019,16:42,B,172.168.1.8
       19,08/03/2019,16:48,B,172.168.1.8
      127,08/03/2019,16:50,B,172.168.1.8
       32,08/03/2019,16:50,B,172.168.1.8
       24,08/03/2019,16:57,B,172.168.1.8
       25,08/03/2019,17:00,B,172.168.1.8
       11,08/03/2019,17:04,B,172.168.1.8
       18,08/03/2019,17:04,B,172.168.1.8
       17,08/03/2019,17:07,B,172.168.1.8
      295,08/03/2019,17:12,B,172.168.1.8
      271,08/03/2019,17:14,B,172.168.1.8
       22,08/03/2019,17:18,B,172.168.1.8
      289,08/03/2019,17:20,B,172.168.1.8
      261,08/03/2019,17:21,B,172.168.1.8
      120,08/03/2019,17:21,B,172.168.1.8
      254,08/03/2019,17:24,B,172.168.1.8
      293,08/03/2019,17:26,B,172.168.1.8
      273,08/03/2019,17:26,B,172.168.1.8
       10,08/03/2019,17:29,B,172.168.1.8
      280,08/03/2019,17:30,B,172.168.1.8
      293,08/03/2019,17:30,B,172.168.1.8
      268,08/03/2019,17:31,B,172.168.1.8
      287,08/03/2019,17:31,B,172.168.1.8
       26,08/03/2019,17:32,B,172.168.1.8
      297,08/03/2019,17:32,B,172.168.1.8
      260,08/03/2019,17:35,B,172.168.1.8
       27,08/03/2019,17:43,B,172.168.1.8
      129,08/03/2019,17:48,B,172.168.1.8
      312,08/03/2019,17:53,B,172.168.1.8
       30,08/03/2019,18:00,B,172.168.1.8
      290,08/03/2019,18:01,B,172.168.1.8
      290,08/03/2019,18:01,B,172.168.1.8
      296,08/03/2019,18:04,B,172.168.1.8
      123,08/03/2019,18:05,B,172.168.1.8
       58,08/03/2019,18:14,B,172.168.1.8
      114,08/03/2019,19:26,B,172.168.1.8
      310,08/03/2019,19:30,B,172.168.1.8
      112,08/03/2019,19:31,B,172.168.1.8
      115,08/03/2019,19:31,B,172.168.1.8
      251,08/03/2019,19:32,B,172.168.1.8
      255,08/03/2019,19:33,B,172.168.1.8
      121,09/03/2019,06:45,B,172.168.1.8
      112,09/03/2019,07:43,B,172.168.1.8
      273,09/03/2019,07:51,B,172.168.1.8
      255,09/03/2019,08:05,B,172.168.1.8
       65,09/03/2019,08:15,B,172.168.1.8
       28,09/03/2019,08:24,B,172.168.1.8
      210,09/03/2019,08:27,B,172.168.1.8
       27,09/03/2019,08:28,B,172.168.1.8
       23,09/03/2019,08:38,B,172.168.1.8
       36,09/03/2019,08:40,B,172.168.1.8
      312,09/03/2019,08:41,B,172.168.1.8
      260,09/03/2019,08:41,B,172.168.1.8
      287,09/03/2019,08:46,B,172.168.1.8
      280,09/03/2019,08:46,B,172.168.1.8
      268,09/03/2019,08:46,B,172.168.1.8
      115,09/03/2019,08:47,B,172.168.1.8
       72,09/03/2019,08:48,B,172.168.1.8
       14,09/03/2019,08:50,B,172.168.1.8
      119,09/03/2019,08:51,B,172.168.1.8
      296,09/03/2019,08:53,B,172.168.1.8
       20,09/03/2019,08:57,B,172.168.1.8
      212,09/03/2019,09:01,B,172.168.1.8
      207,09/03/2019,09:01,B,172.168.1.8
      207,09/03/2019,09:02,B,172.168.1.8
      207,09/03/2019,09:02,B,172.168.1.8
       18,09/03/2019,09:04,B,172.168.1.8
       12,09/03/2019,09:09,B,172.168.1.8
      211,09/03/2019,09:09,B,172.168.1.8
       35,09/03/2019,09:11,B,172.168.1.8
       30,09/03/2019,09:12,B,172.168.1.8
      122,09/03/2019,09:14,B,172.168.1.8
      201,09/03/2019,09:16,B,172.168.1.8
      214,09/03/2019,09:20,B,172.168.1.8
       32,09/03/2019,09:20,B,172.168.1.8
       25,09/03/2019,09:26,B,172.168.1.8
      216,09/03/2019,09:32,B,172.168.1.8
       17,09/03/2019,09:35,B,172.168.1.8
      116,09/03/2019,09:36,B,172.168.1.8
      208,09/03/2019,09:42,B,172.168.1.8
      110,09/03/2019,09:45,B,172.168.1.8
       24,09/03/2019,09:50,B,172.168.1.8
      206,09/03/2019,09:51,B,172.168.1.8
      203,09/03/2019,09:51,B,172.168.1.8
      213,09/03/2019,09:52,B,172.168.1.8
      209,09/03/2019,09:54,B,172.168.1.8
      290,09/03/2019,09:59,B,172.168.1.8
      215,09/03/2019,10:03,B,172.168.1.8
      128,09/03/2019,10:06,B,172.168.1.8
      271,09/03/2019,10:08,B,172.168.1.8
      293,09/03/2019,10:15,B,172.168.1.8
      114,09/03/2019,10:15,B,172.168.1.8
      258,09/03/2019,10:19,B,172.168.1.8
      303,09/03/2019,10:19,B,172.168.1.8
      303,09/03/2019,10:19,B,172.168.1.8
        5,09/03/2019,10:27,B,172.168.1.8
        9,09/03/2019,10:31,B,172.168.1.8
      101,09/03/2019,10:34,B,172.168.1.8
       10,09/03/2019,10:34,B,172.168.1.8
      109,09/03/2019,10:36,B,172.168.1.8
       16,09/03/2019,10:50,B,172.168.1.8
       52,09/03/2019,10:56,B,172.168.1.8
       29,09/03/2019,10:59,B,172.168.1.8
       36,09/03/2019,11:01,B,172.168.1.8
      251,09/03/2019,11:03,B,172.168.1.8
        8,09/03/2019,11:08,B,172.168.1.8
       19,09/03/2019,11:14,B,172.168.1.8
      256,09/03/2019,11:14,B,172.168.1.8
       11,09/03/2019,11:16,B,172.168.1.8
        2,09/03/2019,11:22,B,172.168.1.8
      310,09/03/2019,11:23,B,172.168.1.8
       22,09/03/2019,11:29,B,172.168.1.8
       28,09/03/2019,11:35,B,172.168.1.8
       20,09/03/2019,11:48,B,172.168.1.8
       26,09/03/2019,11:51,B,172.168.1.8
      303,09/03/2019,12:13,B,172.168.1.8
       72,09/03/2019,12:13,B,172.168.1.8
       71,09/03/2019,12:15,B,172.168.1.8
      121,09/03/2019,12:17,B,172.168.1.8
      209,09/03/2019,13:05,B,172.168.1.8
      213,09/03/2019,13:05,B,172.168.1.8
       12,09/03/2019,13:05,B,172.168.1.8
       16,09/03/2019,13:13,B,172.168.1.8
       65,09/03/2019,13:14,B,172.168.1.8
      211,09/03/2019,13:36,B,172.168.1.8
       23,09/03/2019,13:36,B,172.168.1.8
      293,09/03/2019,13:38,B,172.168.1.8
       58,09/03/2019,13:55,B,172.168.1.8
      128,09/03/2019,13:58,B,172.168.1.8
        5,09/03/2019,13:59,B,172.168.1.8
      212,09/03/2019,14:05,B,172.168.1.8
      207,09/03/2019,14:06,B,172.168.1.8
      216,09/03/2019,14:06,B,172.168.1.8
       22,09/03/2019,14:12,B,172.168.1.8
      215,09/03/2019,14:16,B,172.168.1.8
      214,09/03/2019,14:16,B,172.168.1.8
      206,09/03/2019,14:17,B,172.168.1.8
      203,09/03/2019,14:17,B,172.168.1.8
      208,09/03/2019,14:18,B,172.168.1.8
       29,09/03/2019,14:18,B,172.168.1.8
      210,09/03/2019,14:19,B,172.168.1.8
       27,09/03/2019,14:24,B,172.168.1.8
      201,09/03/2019,14:29,B,172.168.1.8
      110,09/03/2019,14:31,B,172.168.1.8
      122,09/03/2019,14:35,B,172.168.1.8
       10,09/03/2019,14:35,B,172.168.1.8
       71,09/03/2019,14:37,B,172.168.1.8
       19,09/03/2019,14:40,B,172.168.1.8
       17,09/03/2019,14:41,B,172.168.1.8
       11,09/03/2019,14:46,B,172.168.1.8
       52,09/03/2019,15:02,B,172.168.1.8
        9,09/03/2019,15:15,B,172.168.1.8
       35,09/03/2019,15:17,B,172.168.1.8
       35,09/03/2019,15:18,B,172.168.1.8
       18,09/03/2019,15:18,B,172.168.1.8
      312,09/03/2019,15:19,B,172.168.1.8
       30,09/03/2019,15:42,B,172.168.1.8
       24,09/03/2019,15:59,B,172.168.1.8
       24,09/03/2019,16:00,B,172.168.1.8
      262,09/03/2019,16:16,B,172.168.1.8
       26,09/03/2019,16:41,B,172.168.1.8
        2,09/03/2019,16:49,B,172.168.1.8
       32,09/03/2019,16:49,B,172.168.1.8
      251,09/03/2019,16:52,B,172.168.1.8
      115,09/03/2019,16:52,B,172.168.1.8
      101,09/03/2019,16:52,B,172.168.1.8
      109,09/03/2019,16:52,B,172.168.1.8
      262,09/03/2019,16:54,B,172.168.1.8
       25,09/03/2019,17:01,B,172.168.1.8
      271,09/03/2019,17:10,B,172.168.1.8
      258,09/03/2019,17:11,B,172.168.1.8
        8,09/03/2019,17:30,B,172.168.1.8
      114,09/03/2019,17:38,B,172.168.1.8
      273,09/03/2019,17:41,B,172.168.1.8
      290,09/03/2019,17:42,B,172.168.1.8
      296,09/03/2019,17:42,B,172.168.1.8
      287,09/03/2019,17:46,B,172.168.1.8
      268,09/03/2019,17:48,B,172.168.1.8
      280,09/03/2019,17:50,B,172.168.1.8
      116,09/03/2019,17:50,B,172.168.1.8
      287,09/03/2019,17:50,B,172.168.1.8
      310,09/03/2019,17:50,B,172.168.1.8
      112,09/03/2019,17:50,B,172.168.1.8
      310,09/03/2019,17:51,B,172.168.1.8
      256,09/03/2019,17:53,B,172.168.1.8
      260,09/03/2019,17:57,B,172.168.1.8
      255,09/03/2019,17:57,B,172.168.1.8
      255,10/03/2019,08:44,B,172.168.1.8
      260,10/03/2019,08:44,B,172.168.1.8
      255,10/03/2019,17:46,B,172.168.1.8
      260,10/03/2019,17:46,B,172.168.1.8
      121,11/03/2019,06:40,B,172.168.1.8
      125,11/03/2019,07:47,B,172.168.1.8
      273,11/03/2019,07:54,B,172.168.1.8
       42,11/03/2019,07:59,B,172.168.1.8
      301,11/03/2019,08:03,B,172.168.1.8
      208,11/03/2019,08:04,B,172.168.1.8
       63,11/03/2019,08:08,B,172.168.1.8
      287,11/03/2019,08:12,B,172.168.1.8
       16,11/03/2019,08:30,B,172.168.1.8
      260,11/03/2019,08:32,B,172.168.1.8
      255,11/03/2019,08:32,B,172.168.1.8
       52,11/03/2019,08:34,B,172.168.1.8
       65,11/03/2019,08:34,B,172.168.1.8
      296,11/03/2019,08:40,B,172.168.1.8
      112,11/03/2019,08:40,B,172.168.1.8
      280,11/03/2019,08:45,B,172.168.1.8
      115,11/03/2019,08:47,B,172.168.1.8
      312,11/03/2019,08:47,B,172.168.1.8
       23,11/03/2019,08:51,B,172.168.1.8
       72,11/03/2019,08:53,B,172.168.1.8
       32,11/03/2019,08:54,B,172.168.1.8
      120,11/03/2019,08:56,B,172.168.1.8
      212,11/03/2019,08:58,B,172.168.1.8
      207,11/03/2019,08:58,B,172.168.1.8
       18,11/03/2019,09:01,B,172.168.1.8
      268,11/03/2019,09:04,B,172.168.1.8
       25,11/03/2019,09:09,B,172.168.1.8
      303,11/03/2019,09:09,B,172.168.1.8
      303,11/03/2019,09:09,B,172.168.1.8
       36,11/03/2019,09:10,B,172.168.1.8
      211,11/03/2019,09:16,B,172.168.1.8
       20,11/03/2019,09:19,B,172.168.1.8
      215,11/03/2019,09:19,B,172.168.1.8
      122,11/03/2019,09:24,B,172.168.1.8
      203,11/03/2019,09:25,B,172.168.1.8
      118,11/03/2019,09:29,B,172.168.1.8
      262,11/03/2019,09:29,B,172.168.1.8
        5,11/03/2019,09:32,B,172.168.1.8
      309,11/03/2019,09:35,B,172.168.1.8
      209,11/03/2019,09:40,B,172.168.1.8
       28,11/03/2019,09:40,B,172.168.1.8
      206,11/03/2019,09:43,B,172.168.1.8
      214,11/03/2019,09:44,B,172.168.1.8
      116,11/03/2019,09:44,B,172.168.1.8
      110,11/03/2019,09:45,B,172.168.1.8
       12,11/03/2019,09:46,B,172.168.1.8
      290,11/03/2019,09:47,B,172.168.1.8
      123,11/03/2019,09:47,B,172.168.1.8
      297,11/03/2019,09:51,B,172.168.1.8
        8,11/03/2019,09:54,B,172.168.1.8
      127,11/03/2019,09:56,B,172.168.1.8
      202,11/03/2019,09:59,B,172.168.1.8
      129,11/03/2019,09:59,B,172.168.1.8
      213,11/03/2019,10:01,B,172.168.1.8
      256,11/03/2019,10:02,B,172.168.1.8
      293,11/03/2019,10:04,B,172.168.1.8
      109,11/03/2019,10:05,B,172.168.1.8
      114,11/03/2019,10:05,B,172.168.1.8
      271,11/03/2019,10:06,B,172.168.1.8
      310,11/03/2019,10:06,B,172.168.1.8
       10,11/03/2019,10:12,B,172.168.1.8
      101,11/03/2019,10:25,B,172.168.1.8
      254,11/03/2019,10:27,B,172.168.1.8
      261,11/03/2019,10:27,B,172.168.1.8
      201,11/03/2019,10:28,B,172.168.1.8
        1,11/03/2019,10:43,B,172.168.1.8
      251,11/03/2019,10:49,B,172.168.1.8
       51,11/03/2019,10:57,B,172.168.1.8
       27,11/03/2019,11:06,B,172.168.1.8
        9,11/03/2019,11:13,B,172.168.1.8
       42,11/03/2019,11:15,B,172.168.1.8
       29,11/03/2019,11:22,B,172.168.1.8
       19,11/03/2019,11:29,B,172.168.1.8
       22,11/03/2019,11:29,B,172.168.1.8
       30,11/03/2019,11:36,B,172.168.1.8
       26,11/03/2019,11:48,B,172.168.1.8
        2,11/03/2019,12:05,B,172.168.1.8
       71,11/03/2019,12:16,B,172.168.1.8
      216,11/03/2019,12:19,B,172.168.1.8
      215,11/03/2019,12:55,B,172.168.1.8
      254,11/03/2019,12:58,B,172.168.1.8
       67,11/03/2019,12:58,B,172.168.1.8
      208,11/03/2019,13:04,B,172.168.1.8
       65,11/03/2019,13:17,B,172.168.1.8
      214,11/03/2019,13:23,B,172.168.1.8
      258,11/03/2019,13:28,B,172.168.1.8
      122,11/03/2019,13:41,B,172.168.1.8
      301,11/03/2019,13:49,B,172.168.1.8
       64,11/03/2019,13:57,B,172.168.1.8
       18,11/03/2019,14:04,B,172.168.1.8
       28,11/03/2019,14:12,B,172.168.1.8
       16,11/03/2019,14:20,B,172.168.1.8
      211,11/03/2019,14:26,B,172.168.1.8
      212,11/03/2019,14:29,B,172.168.1.8
      216,11/03/2019,14:29,B,172.168.1.8
      207,11/03/2019,14:29,B,172.168.1.8
       72,11/03/2019,14:34,B,172.168.1.8
      202,11/03/2019,14:54,B,172.168.1.8
      203,11/03/2019,14:54,B,172.168.1.8
      202,11/03/2019,14:54,B,172.168.1.8
      206,11/03/2019,14:58,B,172.168.1.8
      209,11/03/2019,14:58,B,172.168.1.8
      209,11/03/2019,14:58,B,172.168.1.8
      213,11/03/2019,14:58,B,172.168.1.8
       51,11/03/2019,14:58,B,172.168.1.8
       67,11/03/2019,14:58,B,172.168.1.8
      203,11/03/2019,14:59,B,172.168.1.8
      201,11/03/2019,14:59,B,172.168.1.8
      303,11/03/2019,15:11,B,172.168.1.8
      303,11/03/2019,15:11,B,172.168.1.8
      125,11/03/2019,15:41,B,172.168.1.8
       20,11/03/2019,15:47,B,172.168.1.8
      121,11/03/2019,15:57,B,172.168.1.8
      273,11/03/2019,15:57,B,172.168.1.8
      121,11/03/2019,16:02,B,172.168.1.8
       23,11/03/2019,16:29,B,172.168.1.8
       71,11/03/2019,16:33,B,172.168.1.8
      114,11/03/2019,16:52,B,172.168.1.8
       19,11/03/2019,16:56,B,172.168.1.8
        9,11/03/2019,17:09,B,172.168.1.8
        9,11/03/2019,17:10,B,172.168.1.8
      110,11/03/2019,17:11,B,172.168.1.8
      109,11/03/2019,17:11,B,172.168.1.8
      280,11/03/2019,17:13,B,172.168.1.8
      268,11/03/2019,17:14,B,172.168.1.8
      293,11/03/2019,17:14,B,172.168.1.8
      262,11/03/2019,17:18,B,172.168.1.8
        5,11/03/2019,17:21,B,172.168.1.8
      261,11/03/2019,17:22,B,172.168.1.8
      120,11/03/2019,17:22,B,172.168.1.8
       25,11/03/2019,17:23,B,172.168.1.8
       29,11/03/2019,17:23,B,172.168.1.8
      271,11/03/2019,17:24,B,172.168.1.8
       36,11/03/2019,17:25,B,172.168.1.8
      118,11/03/2019,17:26,B,172.168.1.8
      127,11/03/2019,17:27,B,172.168.1.8
      312,11/03/2019,17:27,B,172.168.1.8
       22,11/03/2019,17:28,B,172.168.1.8
      271,11/03/2019,17:29,B,172.168.1.8
      297,11/03/2019,17:34,B,172.168.1.8
      123,11/03/2019,17:41,B,172.168.1.8
        1,11/03/2019,17:44,B,172.168.1.8
        2,11/03/2019,17:45,B,172.168.1.8
       32,11/03/2019,17:46,B,172.168.1.8
       12,11/03/2019,17:46,B,172.168.1.8
       27,11/03/2019,17:50,B,172.168.1.8
      287,11/03/2019,17:51,B,172.168.1.8
      260,11/03/2019,17:52,B,172.168.1.8
      287,11/03/2019,17:53,B,172.168.1.8
      258,11/03/2019,17:53,B,172.168.1.8
       26,11/03/2019,17:59,B,172.168.1.8
      256,11/03/2019,17:59,B,172.168.1.8
       10,11/03/2019,18:00,B,172.168.1.8
      290,11/03/2019,18:09,B,172.168.1.8
      296,11/03/2019,18:09,B,172.168.1.8
      101,11/03/2019,18:11,B,172.168.1.8
       64,11/03/2019,18:14,B,172.168.1.8
      116,11/03/2019,18:21,B,172.168.1.8
       30,11/03/2019,18:30,B,172.168.1.8
      129,11/03/2019,18:35,B,172.168.1.8
      310,11/03/2019,18:35,B,172.168.1.8
      112,11/03/2019,18:45,B,172.168.1.8
      112,11/03/2019,18:45,B,172.168.1.8
        8,11/03/2019,18:52,B,172.168.1.8
      255,11/03/2019,18:57,B,172.168.1.8
      121,12/03/2019,06:43,B,172.168.1.8
      273,12/03/2019,07:23,B,172.168.1.8
      287,12/03/2019,08:02,B,172.168.1.8
      125,12/03/2019,08:02,B,172.168.1.8
       54,12/03/2019,08:13,B,172.168.1.8
      210,12/03/2019,08:17,B,172.168.1.8
      296,12/03/2019,08:17,B,172.168.1.8
       52,12/03/2019,08:18,B,172.168.1.8
      255,12/03/2019,08:36,B,172.168.1.8
      260,12/03/2019,08:41,B,172.168.1.8
      262,12/03/2019,08:42,B,172.168.1.8
      312,12/03/2019,08:45,B,172.168.1.8
      115,12/03/2019,08:47,B,172.168.1.8
      208,12/03/2019,08:48,B,172.168.1.8
       42,12/03/2019,08:51,B,172.168.1.8
      120,12/03/2019,08:54,B,172.168.1.8
      216,12/03/2019,08:55,B,172.168.1.8
      212,12/03/2019,08:55,B,172.168.1.8
      207,12/03/2019,08:55,B,172.168.1.8
       16,12/03/2019,08:57,B,172.168.1.8
       18,12/03/2019,08:57,B,172.168.1.8
       32,12/03/2019,08:58,B,172.168.1.8
      280,12/03/2019,09:00,B,172.168.1.8
      268,12/03/2019,09:00,B,172.168.1.8
      211,12/03/2019,09:02,B,172.168.1.8
      112,12/03/2019,09:05,B,172.168.1.8
       25,12/03/2019,09:12,B,172.168.1.8
       20,12/03/2019,09:16,B,172.168.1.8
      303,12/03/2019,09:17,B,172.168.1.8
       23,12/03/2019,09:18,B,172.168.1.8
      202,12/03/2019,09:20,B,172.168.1.8
      213,12/03/2019,09:24,B,172.168.1.8
       12,12/03/2019,09:25,B,172.168.1.8
      122,12/03/2019,09:27,B,172.168.1.8
      116,12/03/2019,09:38,B,172.168.1.8
      128,12/03/2019,09:39,B,172.168.1.8
      209,12/03/2019,09:40,B,172.168.1.8
      209,12/03/2019,09:40,B,172.168.1.8
      127,12/03/2019,09:44,B,172.168.1.8
       27,12/03/2019,09:46,B,172.168.1.8
      203,12/03/2019,09:48,B,172.168.1.8
      203,12/03/2019,09:48,B,172.168.1.8
      110,12/03/2019,09:48,B,172.168.1.8
       30,12/03/2019,09:52,B,172.168.1.8
       36,12/03/2019,09:52,B,172.168.1.8
      123,12/03/2019,09:52,B,172.168.1.8
      215,12/03/2019,09:55,B,172.168.1.8
      206,12/03/2019,09:56,B,172.168.1.8
      290,12/03/2019,09:57,B,172.168.1.8
      297,12/03/2019,09:58,B,172.168.1.8
      118,12/03/2019,09:58,B,172.168.1.8
      309,12/03/2019,09:59,B,172.168.1.8
      295,12/03/2019,10:03,B,172.168.1.8
      271,12/03/2019,10:03,B,172.168.1.8
        8,12/03/2019,10:05,B,172.168.1.8
      129,12/03/2019,10:05,B,172.168.1.8
      310,12/03/2019,10:06,B,172.168.1.8
      201,12/03/2019,10:12,B,172.168.1.8
       28,12/03/2019,10:14,B,172.168.1.8
       35,12/03/2019,10:15,B,172.168.1.8
      293,12/03/2019,10:16,B,172.168.1.8
      131,12/03/2019,10:21,B,172.168.1.8
      101,12/03/2019,10:25,B,172.168.1.8
      214,12/03/2019,10:27,B,172.168.1.8
        1,12/03/2019,10:29,B,172.168.1.8
      261,12/03/2019,10:35,B,172.168.1.8
      254,12/03/2019,10:44,B,172.168.1.8
      251,12/03/2019,10:48,B,172.168.1.8
        2,12/03/2019,11:04,B,172.168.1.8
       19,12/03/2019,11:13,B,172.168.1.8
      213,12/03/2019,11:17,B,172.168.1.8
      213,12/03/2019,11:18,B,172.168.1.8
        9,12/03/2019,11:20,B,172.168.1.8
       26,12/03/2019,11:20,B,172.168.1.8
       10,12/03/2019,11:26,B,172.168.1.8
       10,12/03/2019,11:27,B,172.168.1.8
        5,12/03/2019,11:45,B,172.168.1.8
       22,12/03/2019,11:46,B,172.168.1.8
       71,12/03/2019,11:59,B,172.168.1.8
      305,12/03/2019,12:03,B,172.168.1.8
      311,12/03/2019,12:11,B,172.168.1.8
      214,12/03/2019,12:34,B,172.168.1.8
      215,12/03/2019,12:34,B,172.168.1.8
      209,12/03/2019,12:35,B,172.168.1.8
       54,12/03/2019,12:40,B,172.168.1.8
      210,12/03/2019,13:30,B,172.168.1.8
      211,12/03/2019,13:31,B,172.168.1.8
      304,12/03/2019,13:44,B,172.168.1.8
      208,12/03/2019,13:48,B,172.168.1.8
      212,12/03/2019,14:03,B,172.168.1.8
      207,12/03/2019,14:03,B,172.168.1.8
      207,12/03/2019,14:04,B,172.168.1.8
      216,12/03/2019,14:05,B,172.168.1.8
      202,12/03/2019,14:19,B,172.168.1.8
      258,12/03/2019,14:27,B,172.168.1.8
       16,12/03/2019,14:36,B,172.168.1.8
      309,12/03/2019,14:44,B,172.168.1.8
       52,12/03/2019,14:53,B,172.168.1.8
      206,12/03/2019,14:55,B,172.168.1.8
      203,12/03/2019,15:04,B,172.168.1.8
      201,12/03/2019,15:04,B,172.168.1.8
      201,12/03/2019,15:04,B,172.168.1.8
       23,12/03/2019,15:06,B,172.168.1.8
       20,12/03/2019,15:10,B,172.168.1.8
      121,12/03/2019,15:14,B,172.168.1.8
       12,12/03/2019,15:16,B,172.168.1.8
      125,12/03/2019,15:45,B,172.168.1.8
      305,12/03/2019,15:49,B,172.168.1.8
       36,12/03/2019,16:00,B,172.168.1.8
       29,12/03/2019,16:06,B,172.168.1.8
       29,12/03/2019,16:14,B,172.168.1.8
       28,12/03/2019,16:38,B,172.168.1.8
       19,12/03/2019,16:50,B,172.168.1.8
       35,12/03/2019,16:53,B,172.168.1.8
        9,12/03/2019,16:59,B,172.168.1.8
       25,12/03/2019,17:00,B,172.168.1.8
        5,12/03/2019,17:02,B,172.168.1.8
       26,12/03/2019,17:03,B,172.168.1.8
      110,12/03/2019,17:15,B,172.168.1.8
       71,12/03/2019,17:15,B,172.168.1.8
      297,12/03/2019,17:18,B,172.168.1.8
      122,12/03/2019,17:20,B,172.168.1.8
      261,12/03/2019,17:20,B,172.168.1.8
      120,12/03/2019,17:20,B,172.168.1.8
      128,12/03/2019,17:21,B,172.168.1.8
      271,12/03/2019,17:26,B,172.168.1.8
      273,12/03/2019,17:28,B,172.168.1.8
      127,12/03/2019,17:29,B,172.168.1.8
      118,12/03/2019,17:29,B,172.168.1.8
      254,12/03/2019,17:38,B,172.168.1.8
      251,12/03/2019,17:38,B,172.168.1.8
      115,12/03/2019,17:39,B,172.168.1.8
       22,12/03/2019,17:40,B,172.168.1.8
        2,12/03/2019,17:40,B,172.168.1.8
      131,12/03/2019,17:44,B,172.168.1.8
      258,12/03/2019,17:45,B,172.168.1.8
      295,12/03/2019,17:48,B,172.168.1.8
      287,12/03/2019,17:51,B,172.168.1.8
      101,12/03/2019,17:52,B,172.168.1.8
      280,12/03/2019,17:52,B,172.168.1.8
      116,12/03/2019,17:53,B,172.168.1.8
      268,12/03/2019,17:56,B,172.168.1.8
      287,12/03/2019,17:56,B,172.168.1.8
      268,12/03/2019,17:56,B,172.168.1.8
      260,12/03/2019,18:00,B,172.168.1.8
      311,12/03/2019,18:00,B,172.168.1.8
      293,12/03/2019,18:00,B,172.168.1.8
       30,12/03/2019,18:03,B,172.168.1.8
      129,12/03/2019,18:05,B,172.168.1.8
      123,12/03/2019,18:05,B,172.168.1.8
      312,12/03/2019,18:07,B,172.168.1.8
       10,12/03/2019,18:08,B,172.168.1.8
      290,12/03/2019,18:12,B,172.168.1.8
      290,12/03/2019,18:12,B,172.168.1.8
      296,12/03/2019,18:15,B,172.168.1.8
       32,12/03/2019,18:22,B,172.168.1.8
        1,12/03/2019,18:28,B,172.168.1.8
      256,12/03/2019,18:30,B,172.168.1.8
       27,12/03/2019,18:57,B,172.168.1.8
       37,12/03/2019,18:57,B,172.168.1.8
      310,12/03/2019,19:15,B,172.168.1.8
        8,12/03/2019,19:48,B,172.168.1.8
      262,12/03/2019,20:00,B,172.168.1.8
      112,12/03/2019,20:00,B,172.168.1.8
      112,12/03/2019,20:01,B,172.168.1.8
      255,12/03/2019,20:01,B,172.168.1.8
      121,13/03/2019,06:42,B,172.168.1.8
      262,13/03/2019,07:00,B,172.168.1.8
      273,13/03/2019,07:29,B,172.168.1.8
      273,13/03/2019,07:31,B,172.168.1.8
      125,13/03/2019,07:37,B,172.168.1.8
      287,13/03/2019,08:04,B,172.168.1.8
      215,13/03/2019,08:11,B,172.168.1.8
      296,13/03/2019,08:15,B,172.168.1.8
      255,13/03/2019,08:22,B,172.168.1.8
       52,13/03/2019,08:22,B,172.168.1.8
      301,13/03/2019,08:23,B,172.168.1.8
      260,13/03/2019,08:30,B,172.168.1.8
      291,13/03/2019,08:33,B,172.168.1.8
       18,13/03/2019,08:36,B,172.168.1.8
      115,13/03/2019,08:46,B,172.168.1.8
       23,13/03/2019,08:48,B,172.168.1.8
      216,13/03/2019,08:50,B,172.168.1.8
      207,13/03/2019,08:50,B,172.168.1.8
      280,13/03/2019,08:50,B,172.168.1.8
      268,13/03/2019,08:51,B,172.168.1.8
      312,13/03/2019,08:52,B,172.168.1.8
       72,13/03/2019,09:10,B,172.168.1.8
       36,13/03/2019,09:12,B,172.168.1.8
      122,13/03/2019,09:14,B,172.168.1.8
      211,13/03/2019,09:18,B,172.168.1.8
      202,13/03/2019,09:21,B,172.168.1.8
      118,13/03/2019,09:23,B,172.168.1.8
      118,13/03/2019,09:23,B,172.168.1.8
       54,13/03/2019,09:23,B,172.168.1.8
       30,13/03/2019,09:24,B,172.168.1.8
      303,13/03/2019,09:25,B,172.168.1.8
      214,13/03/2019,09:30,B,172.168.1.8
      112,13/03/2019,09:37,B,172.168.1.8
        5,13/03/2019,09:40,B,172.168.1.8
       10,13/03/2019,09:41,B,172.168.1.8
      127,13/03/2019,09:42,B,172.168.1.8
      209,13/03/2019,09:45,B,172.168.1.8
       12,13/03/2019,09:45,B,172.168.1.8
      123,13/03/2019,09:45,B,172.168.1.8
      203,13/03/2019,09:47,B,172.168.1.8
      206,13/03/2019,09:48,B,172.168.1.8
      295,13/03/2019,09:53,B,172.168.1.8
      297,13/03/2019,09:54,B,172.168.1.8
      109,13/03/2019,09:56,B,172.168.1.8
       28,13/03/2019,09:56,B,172.168.1.8
      256,13/03/2019,09:57,B,172.168.1.8
      293,13/03/2019,09:59,B,172.168.1.8
      201,13/03/2019,10:01,B,172.168.1.8
      290,13/03/2019,10:02,B,172.168.1.8
        9,13/03/2019,10:02,B,172.168.1.8
      310,13/03/2019,10:02,B,172.168.1.8
      271,13/03/2019,10:03,B,172.168.1.8
      129,13/03/2019,10:08,B,172.168.1.8
       16,13/03/2019,10:10,B,172.168.1.8
      101,13/03/2019,10:15,B,172.168.1.8
       32,13/03/2019,10:17,B,172.168.1.8
      261,13/03/2019,10:18,B,172.168.1.8
      213,13/03/2019,10:18,B,172.168.1.8
      110,13/03/2019,10:25,B,172.168.1.8
        1,13/03/2019,10:36,B,172.168.1.8
       35,13/03/2019,10:39,B,172.168.1.8
       57,13/03/2019,10:42,B,172.168.1.8
       51,13/03/2019,10:46,B,172.168.1.8
      210,13/03/2019,10:46,B,172.168.1.8
      254,13/03/2019,10:47,B,172.168.1.8
      309,13/03/2019,10:53,B,172.168.1.8
       26,13/03/2019,10:57,B,172.168.1.8
       19,13/03/2019,11:13,B,172.168.1.8
       27,13/03/2019,11:24,B,172.168.1.8
        2,13/03/2019,11:26,B,172.168.1.8
        2,13/03/2019,11:26,B,172.168.1.8
        8,13/03/2019,11:27,B,172.168.1.8
      251,13/03/2019,11:28,B,172.168.1.8
       71,13/03/2019,11:37,B,172.168.1.8
       65,13/03/2019,11:49,B,172.168.1.8
       42,13/03/2019,12:20,B,172.168.1.8
      258,13/03/2019,12:53,B,172.168.1.8
      121,13/03/2019,13:02,B,172.168.1.8
      215,13/03/2019,13:05,B,172.168.1.8
      121,13/03/2019,13:09,B,172.168.1.8
      311,13/03/2019,13:21,B,172.168.1.8
      213,13/03/2019,13:56,B,172.168.1.8
       52,13/03/2019,13:58,B,172.168.1.8
       64,13/03/2019,13:58,B,172.168.1.8
      207,13/03/2019,14:04,B,172.168.1.8
      216,13/03/2019,14:07,B,172.168.1.8
      207,13/03/2019,14:07,B,172.168.1.8
      216,13/03/2019,14:07,B,172.168.1.8
      207,13/03/2019,14:07,B,172.168.1.8
      202,13/03/2019,14:20,B,172.168.1.8
      211,13/03/2019,14:35,B,172.168.1.8
       36,13/03/2019,14:38,B,172.168.1.8
      211,13/03/2019,14:44,B,172.168.1.8
      201,13/03/2019,14:50,B,172.168.1.8
      203,13/03/2019,14:50,B,172.168.1.8
      214,13/03/2019,14:50,B,172.168.1.8
      209,13/03/2019,14:50,B,172.168.1.8
      206,13/03/2019,14:51,B,172.168.1.8
        5,13/03/2019,15:12,B,172.168.1.8
       72,13/03/2019,15:20,B,172.168.1.8
      303,13/03/2019,15:38,B,172.168.1.8
        9,13/03/2019,15:39,B,172.168.1.8
       35,13/03/2019,15:46,B,172.168.1.8
      210,13/03/2019,15:53,B,172.168.1.8
      125,13/03/2019,16:05,B,172.168.1.8
       64,13/03/2019,16:24,B,172.168.1.8
       28,13/03/2019,16:30,B,172.168.1.8
      280,13/03/2019,16:33,B,172.168.1.8
       23,13/03/2019,16:38,B,172.168.1.8
      205,13/03/2019,16:39,B,172.168.1.8
       19,13/03/2019,16:50,B,172.168.1.8
      291,13/03/2019,16:53,B,172.168.1.8
       65,13/03/2019,16:53,B,172.168.1.8
      256,13/03/2019,17:00,B,172.168.1.8
      110,13/03/2019,17:01,B,172.168.1.8
      115,13/03/2019,17:03,B,172.168.1.8
      295,13/03/2019,17:03,B,172.168.1.8
       11,13/03/2019,17:07,B,172.168.1.8
       18,13/03/2019,17:12,B,172.168.1.8
      271,13/03/2019,17:16,B,172.168.1.8
      122,13/03/2019,17:20,B,172.168.1.8
      118,13/03/2019,17:20,B,172.168.1.8
      301,13/03/2019,17:21,B,172.168.1.8
      261,13/03/2019,17:23,B,172.168.1.8
      127,13/03/2019,17:23,B,172.168.1.8
      297,13/03/2019,17:24,B,172.168.1.8
      273,13/03/2019,17:27,B,172.168.1.8
      311,13/03/2019,17:50,B,172.168.1.8
      293,13/03/2019,17:54,B,172.168.1.8
       71,13/03/2019,17:57,B,172.168.1.8
      109,13/03/2019,17:58,B,172.168.1.8
       12,13/03/2019,18:00,B,172.168.1.8
      290,13/03/2019,18:06,B,172.168.1.8
       32,13/03/2019,18:07,B,172.168.1.8
      129,13/03/2019,18:08,B,172.168.1.8
      268,13/03/2019,18:09,B,172.168.1.8
      101,13/03/2019,18:09,B,172.168.1.8
      268,13/03/2019,18:12,B,172.168.1.8
      296,13/03/2019,18:14,B,172.168.1.8
      268,13/03/2019,18:14,B,172.168.1.8
      123,13/03/2019,18:15,B,172.168.1.8
       10,13/03/2019,18:17,B,172.168.1.8
       26,13/03/2019,18:20,B,172.168.1.8
      258,13/03/2019,18:29,B,172.168.1.8
       30,13/03/2019,18:30,B,172.168.1.8
        1,13/03/2019,18:31,B,172.168.1.8
      260,13/03/2019,18:34,B,172.168.1.8
      260,13/03/2019,18:37,B,172.168.1.8
      312,13/03/2019,19:04,B,172.168.1.8
       22,13/03/2019,19:07,B,172.168.1.8
        8,13/03/2019,19:45,B,172.168.1.8
       37,13/03/2019,19:58,B,172.168.1.8
       27,13/03/2019,20:00,B,172.168.1.8
        2,13/03/2019,20:12,B,172.168.1.8
      310,13/03/2019,20:12,B,172.168.1.8
      112,13/03/2019,20:13,B,172.168.1.8
      287,13/03/2019,20:33,B,172.168.1.8
      287,13/03/2019,20:34,B,172.168.1.8
      255,13/03/2019,20:45,B,172.168.1.8
      287,13/03/2019,20:45,B,172.168.1.8
      262,13/03/2019,20:45,B,172.168.1.8
      112,13/03/2019,20:45,B,172.168.1.8
      121,14/03/2019,06:46,B,172.168.1.8
      262,14/03/2019,07:06,B,172.168.1.8
      126,14/03/2019,07:20,B,172.168.1.8
      273,14/03/2019,07:24,B,172.168.1.8
      255,14/03/2019,07:41,B,172.168.1.8
      287,14/03/2019,07:50,B,172.168.1.8
      125,14/03/2019,07:50,B,172.168.1.8
      296,14/03/2019,08:17,B,172.168.1.8
      208,14/03/2019,08:19,B,172.168.1.8
      215,14/03/2019,08:20,B,172.168.1.8
      260,14/03/2019,08:24,B,172.168.1.8
       52,14/03/2019,08:34,B,172.168.1.8
      280,14/03/2019,08:48,B,172.168.1.8
      268,14/03/2019,08:50,B,172.168.1.8
      214,14/03/2019,08:51,B,172.168.1.8
       26,14/03/2019,08:51,B,172.168.1.8
      115,14/03/2019,08:52,B,172.168.1.8
      120,14/03/2019,08:52,B,172.168.1.8
       23,14/03/2019,08:54,B,172.168.1.8
       11,14/03/2019,08:57,B,172.168.1.8
      216,14/03/2019,08:59,B,172.168.1.8
      207,14/03/2019,09:00,B,172.168.1.8
       36,14/03/2019,09:04,B,172.168.1.8
      122,14/03/2019,09:10,B,172.168.1.8
      202,14/03/2019,09:18,B,172.168.1.8
       32,14/03/2019,09:20,B,172.168.1.8
       12,14/03/2019,09:22,B,172.168.1.8
       25,14/03/2019,09:25,B,172.168.1.8
      209,14/03/2019,09:28,B,172.168.1.8
      206,14/03/2019,09:32,B,172.168.1.8
      211,14/03/2019,09:35,B,172.168.1.8
       16,14/03/2019,09:35,B,172.168.1.8
       18,14/03/2019,09:35,B,172.168.1.8
      283,14/03/2019,09:36,B,172.168.1.8
      118,14/03/2019,09:39,B,172.168.1.8
      213,14/03/2019,09:40,B,172.168.1.8
      110,14/03/2019,09:41,B,172.168.1.8
       28,14/03/2019,09:41,B,172.168.1.8
        9,14/03/2019,09:45,B,172.168.1.8
      109,14/03/2019,09:46,B,172.168.1.8
      203,14/03/2019,09:46,B,172.168.1.8
      101,14/03/2019,09:51,B,172.168.1.8
      128,14/03/2019,09:51,B,172.168.1.8
      112,14/03/2019,09:53,B,172.168.1.8
      123,14/03/2019,09:56,B,172.168.1.8
       30,14/03/2019,09:56,B,172.168.1.8
      101,14/03/2019,09:59,B,172.168.1.8
      297,14/03/2019,10:01,B,172.168.1.8
      256,14/03/2019,10:01,B,172.168.1.8
      303,14/03/2019,10:02,B,172.168.1.8
        8,14/03/2019,10:03,B,172.168.1.8
      293,14/03/2019,10:07,B,172.168.1.8
      127,14/03/2019,10:07,B,172.168.1.8
      129,14/03/2019,10:07,B,172.168.1.8
      310,14/03/2019,10:07,B,172.168.1.8
      290,14/03/2019,10:08,B,172.168.1.8
      201,14/03/2019,10:08,B,172.168.1.8
      295,14/03/2019,10:12,B,172.168.1.8
       35,14/03/2019,10:12,B,172.168.1.8
      271,14/03/2019,10:16,B,172.168.1.8
       22,14/03/2019,10:24,B,172.168.1.8
        1,14/03/2019,10:25,B,172.168.1.8
       22,14/03/2019,10:25,B,172.168.1.8
      261,14/03/2019,10:31,B,172.168.1.8
      291,14/03/2019,10:33,B,172.168.1.8
      254,14/03/2019,10:35,B,172.168.1.8
        5,14/03/2019,10:39,B,172.168.1.8
       10,14/03/2019,10:39,B,172.168.1.8
       27,14/03/2019,10:40,B,172.168.1.8
       20,14/03/2019,10:41,B,172.168.1.8
       72,14/03/2019,10:45,B,172.168.1.8
      210,14/03/2019,10:50,B,172.168.1.8
      251,14/03/2019,11:13,B,172.168.1.8
       71,14/03/2019,11:14,B,172.168.1.8
       29,14/03/2019,11:18,B,172.168.1.8
        2,14/03/2019,11:20,B,172.168.1.8
       19,14/03/2019,11:23,B,172.168.1.8
      305,14/03/2019,12:00,B,172.168.1.8
       65,14/03/2019,12:04,B,172.168.1.8
      213,14/03/2019,12:22,B,172.168.1.8
      258,14/03/2019,12:57,B,172.168.1.8
      301,14/03/2019,13:10,B,172.168.1.8
      215,14/03/2019,13:18,B,172.168.1.8
      208,14/03/2019,13:19,B,172.168.1.8
       52,14/03/2019,13:25,B,172.168.1.8
      215,14/03/2019,13:26,B,172.168.1.8
      122,14/03/2019,13:32,B,172.168.1.8
      216,14/03/2019,13:45,B,172.168.1.8
      207,14/03/2019,13:45,B,172.168.1.8
      304,14/03/2019,13:56,B,172.168.1.8
      202,14/03/2019,14:20,B,172.168.1.8
      214,14/03/2019,14:20,B,172.168.1.8
      301,14/03/2019,14:26,B,172.168.1.8
      206,14/03/2019,14:30,B,172.168.1.8
      209,14/03/2019,14:30,B,172.168.1.8
      311,14/03/2019,14:37,B,172.168.1.8
      211,14/03/2019,14:58,B,172.168.1.8
      203,14/03/2019,15:01,B,172.168.1.8
      201,14/03/2019,15:01,B,172.168.1.8
      201,14/03/2019,15:02,B,172.168.1.8
       36,14/03/2019,15:14,B,172.168.1.8
      121,14/03/2019,15:17,B,172.168.1.8
      305,14/03/2019,15:32,B,172.168.1.8
      210,14/03/2019,15:53,B,172.168.1.8
      210,14/03/2019,15:55,B,172.168.1.8
       35,14/03/2019,16:01,B,172.168.1.8
      309,14/03/2019,16:05,B,172.168.1.8
       16,14/03/2019,16:05,B,172.168.1.8
       18,14/03/2019,16:07,B,172.168.1.8
       18,14/03/2019,16:07,B,172.168.1.8
       20,14/03/2019,16:08,B,172.168.1.8
      303,14/03/2019,16:08,B,172.168.1.8
      303,14/03/2019,16:08,B,172.168.1.8
       72,14/03/2019,16:15,B,172.168.1.8
       32,14/03/2019,16:21,B,172.168.1.8
       71,14/03/2019,16:43,B,172.168.1.8
       23,14/03/2019,16:49,B,172.168.1.8
       28,14/03/2019,16:49,B,172.168.1.8
        9,14/03/2019,16:52,B,172.168.1.8
        5,14/03/2019,16:57,B,172.168.1.8
      291,14/03/2019,16:58,B,172.168.1.8
       29,14/03/2019,16:59,B,172.168.1.8
       25,14/03/2019,16:59,B,172.168.1.8
       65,14/03/2019,17:00,B,172.168.1.8
       19,14/03/2019,17:05,B,172.168.1.8
      127,14/03/2019,17:16,B,172.168.1.8
      261,14/03/2019,17:17,B,172.168.1.8
      120,14/03/2019,17:18,B,172.168.1.8
      110,14/03/2019,17:18,B,172.168.1.8
      128,14/03/2019,17:21,B,172.168.1.8
      297,14/03/2019,17:21,B,172.168.1.8
      271,14/03/2019,17:28,B,172.168.1.8
      254,14/03/2019,17:32,B,172.168.1.8
      251,14/03/2019,17:32,B,172.168.1.8
      295,14/03/2019,17:32,B,172.168.1.8
      115,14/03/2019,17:32,B,172.168.1.8
      109,14/03/2019,17:32,B,172.168.1.8
      118,14/03/2019,17:33,B,172.168.1.8
       11,14/03/2019,17:49,B,172.168.1.8
      273,14/03/2019,17:50,B,172.168.1.8
      129,14/03/2019,17:51,B,172.168.1.8
       12,14/03/2019,18:00,B,172.168.1.8
       22,14/03/2019,18:00,B,172.168.1.8
       26,14/03/2019,18:10,B,172.168.1.8
       10,14/03/2019,18:17,B,172.168.1.8
      258,14/03/2019,18:20,B,172.168.1.8
      283,14/03/2019,18:20,B,172.168.1.8
      293,14/03/2019,18:27,B,172.168.1.8
      101,14/03/2019,18:34,B,172.168.1.8
        1,14/03/2019,18:50,B,172.168.1.8
       30,14/03/2019,18:52,B,172.168.1.8
      280,14/03/2019,18:55,B,172.168.1.8
      268,14/03/2019,18:55,B,172.168.1.8
      125,14/03/2019,18:55,B,172.168.1.8
      123,14/03/2019,19:03,B,172.168.1.8
        2,14/03/2019,19:04,B,172.168.1.8
      311,14/03/2019,19:09,B,172.168.1.8
      126,14/03/2019,19:31,B,172.168.1.8
      256,14/03/2019,20:08,B,172.168.1.8
      290,14/03/2019,20:30,B,172.168.1.8
      290,14/03/2019,20:30,B,172.168.1.8
      310,14/03/2019,20:30,B,172.168.1.8
      310,14/03/2019,20:31,B,172.168.1.8
      112,14/03/2019,20:31,B,172.168.1.8
      296,14/03/2019,20:32,B,172.168.1.8
       27,14/03/2019,21:33,B,172.168.1.8
        8,14/03/2019,21:34,B,172.168.1.8
      255,14/03/2019,22:37,B,172.168.1.8
      262,14/03/2019,22:37,B,172.168.1.8
      260,14/03/2019,22:38,B,172.168.1.8
      287,14/03/2019,22:38,B,172.168.1.8
      255,14/03/2019,22:39,B,172.168.1.8
      262,14/03/2019,22:39,B,172.168.1.8
      287,14/03/2019,22:39,B,172.168.1.8
      260,14/03/2019,22:39,B,172.168.1.8
      121,15/03/2019,06:55,B,172.168.1.8
      262,15/03/2019,07:14,B,172.168.1.8
      126,15/03/2019,07:23,B,172.168.1.8
      112,15/03/2019,07:36,B,172.168.1.8
      273,15/03/2019,07:40,B,172.168.1.8
      287,15/03/2019,08:02,B,172.168.1.8
      125,15/03/2019,08:09,B,172.168.1.8
      260,15/03/2019,08:09,B,172.168.1.8
      255,15/03/2019,08:21,B,172.168.1.8
      255,15/03/2019,08:23,B,172.168.1.8
      280,15/03/2019,08:35,B,172.168.1.8
      268,15/03/2019,08:35,B,172.168.1.8
      296,15/03/2019,08:41,B,172.168.1.8
      215,15/03/2019,08:44,B,172.168.1.8
      312,15/03/2019,08:45,B,172.168.1.8
      115,15/03/2019,08:49,B,172.168.1.8
      208,15/03/2019,08:51,B,172.168.1.8
       23,15/03/2019,08:53,B,172.168.1.8
       18,15/03/2019,08:54,B,172.168.1.8
       16,15/03/2019,08:54,B,172.168.1.8
      120,15/03/2019,08:55,B,172.168.1.8
      216,15/03/2019,08:56,B,172.168.1.8
      207,15/03/2019,08:56,B,172.168.1.8
      212,15/03/2019,08:57,B,172.168.1.8
        1,15/03/2019,08:58,B,172.168.1.8
       11,15/03/2019,08:58,B,172.168.1.8
       32,15/03/2019,08:59,B,172.168.1.8
      202,15/03/2019,09:05,B,172.168.1.8
       20,15/03/2019,09:09,B,172.168.1.8
      122,15/03/2019,09:13,B,172.168.1.8
      209,15/03/2019,09:15,B,172.168.1.8
       36,15/03/2019,09:15,B,172.168.1.8
      211,15/03/2019,09:24,B,172.168.1.8
      201,15/03/2019,09:26,B,172.168.1.8
       52,15/03/2019,09:27,B,172.168.1.8
       35,15/03/2019,09:28,B,172.168.1.8
      283,15/03/2019,09:31,B,172.168.1.8
      206,15/03/2019,09:32,B,172.168.1.8
      309,15/03/2019,09:41,B,172.168.1.8
      128,15/03/2019,09:42,B,172.168.1.8
      127,15/03/2019,09:45,B,172.168.1.8
       26,15/03/2019,09:49,B,172.168.1.8
        2,15/03/2019,09:50,B,172.168.1.8
      295,15/03/2019,09:53,B,172.168.1.8
      213,15/03/2019,09:53,B,172.168.1.8
      123,15/03/2019,09:53,B,172.168.1.8
      310,15/03/2019,09:53,B,172.168.1.8
      303,15/03/2019,09:54,B,172.168.1.8
      109,15/03/2019,09:54,B,172.168.1.8
      203,15/03/2019,09:56,B,172.168.1.8
      114,15/03/2019,09:59,B,172.168.1.8
      117,15/03/2019,10:01,B,172.168.1.8
      297,15/03/2019,10:02,B,172.168.1.8
       72,15/03/2019,10:05,B,172.168.1.8
      271,15/03/2019,10:05,B,172.168.1.8
       27,15/03/2019,10:06,B,172.168.1.8
      293,15/03/2019,10:06,B,172.168.1.8
      214,15/03/2019,10:07,B,172.168.1.8
      291,15/03/2019,10:10,B,172.168.1.8
      290,15/03/2019,10:12,B,172.168.1.8
       30,15/03/2019,10:12,B,172.168.1.8
      129,15/03/2019,10:14,B,172.168.1.8
      101,15/03/2019,10:18,B,172.168.1.8
      118,15/03/2019,10:22,B,172.168.1.8
      261,15/03/2019,10:40,B,172.168.1.8
       28,15/03/2019,10:41,B,172.168.1.8
      254,15/03/2019,10:41,B,172.168.1.8
       57,15/03/2019,10:41,B,172.168.1.8
        5,15/03/2019,10:42,B,172.168.1.8
       10,15/03/2019,10:43,B,172.168.1.8
        9,15/03/2019,10:44,B,172.168.1.8
      210,15/03/2019,11:00,B,172.168.1.8
       71,15/03/2019,11:10,B,172.168.1.8
      254,15/03/2019,11:11,B,172.168.1.8
       29,15/03/2019,11:17,B,172.168.1.8
       22,15/03/2019,11:20,B,172.168.1.8
       19,15/03/2019,11:21,B,172.168.1.8
      251,15/03/2019,11:23,B,172.168.1.8
       12,15/03/2019,11:45,B,172.168.1.8
      305,15/03/2019,12:02,B,172.168.1.8
      258,15/03/2019,12:44,B,172.168.1.8
      213,15/03/2019,12:57,B,172.168.1.8
      304,15/03/2019,13:35,B,172.168.1.8
      215,15/03/2019,13:39,B,172.168.1.8
      122,15/03/2019,13:42,B,172.168.1.8
      118,15/03/2019,13:42,B,172.168.1.8
      208,15/03/2019,13:51,B,172.168.1.8
      212,15/03/2019,14:16,B,172.168.1.8
      207,15/03/2019,14:16,B,172.168.1.8
      202,15/03/2019,14:21,B,172.168.1.8
      216,15/03/2019,14:23,B,172.168.1.8
      207,15/03/2019,14:23,B,172.168.1.8
      209,15/03/2019,14:38,B,172.168.1.8
      206,15/03/2019,14:38,B,172.168.1.8
      211,15/03/2019,14:40,B,172.168.1.8
      211,15/03/2019,14:41,B,172.168.1.8
      203,15/03/2019,14:41,B,172.168.1.8
      201,15/03/2019,14:42,B,172.168.1.8
      262,15/03/2019,14:42,B,172.168.1.8
      211,15/03/2019,14:42,B,172.168.1.8
       35,15/03/2019,14:46,B,172.168.1.8
       36,15/03/2019,14:47,B,172.168.1.8
      121,15/03/2019,15:11,B,172.168.1.8
      214,15/03/2019,15:21,B,172.168.1.8
      126,15/03/2019,15:30,B,172.168.1.8
      125,15/03/2019,15:46,B,172.168.1.8
      210,15/03/2019,16:01,B,172.168.1.8
      115,15/03/2019,16:02,B,172.168.1.8
      125,15/03/2019,16:04,B,172.168.1.8
       20,15/03/2019,16:15,B,172.168.1.8
       72,15/03/2019,16:23,B,172.168.1.8
      291,15/03/2019,16:45,B,172.168.1.8
      303,15/03/2019,16:59,B,172.168.1.8
      309,15/03/2019,16:59,B,172.168.1.8
       32,15/03/2019,17:04,B,172.168.1.8
       32,15/03/2019,17:09,B,172.168.1.8
       12,15/03/2019,17:12,B,172.168.1.8
       22,15/03/2019,17:12,B,172.168.1.8
        5,15/03/2019,17:14,B,172.168.1.8
      109,15/03/2019,17:15,B,172.168.1.8
      297,15/03/2019,17:15,B,172.168.1.8
      295,15/03/2019,17:16,B,172.168.1.8
      261,15/03/2019,17:19,B,172.168.1.8
      271,15/03/2019,17:19,B,172.168.1.8
      120,15/03/2019,17:20,B,172.168.1.8
      271,15/03/2019,17:20,B,172.168.1.8
      305,15/03/2019,17:25,B,172.168.1.8
       32,15/03/2019,17:25,B,172.168.1.8
      128,15/03/2019,17:25,B,172.168.1.8
       19,15/03/2019,17:25,B,172.168.1.8
      273,15/03/2019,17:27,B,172.168.1.8
       16,15/03/2019,17:30,B,172.168.1.8
      283,15/03/2019,17:30,B,172.168.1.8
       23,15/03/2019,17:37,B,172.168.1.8
      129,15/03/2019,17:37,B,172.168.1.8
      293,15/03/2019,17:43,B,172.168.1.8
       26,15/03/2019,17:44,B,172.168.1.8
       27,15/03/2019,17:47,B,172.168.1.8
      101,15/03/2019,17:51,B,172.168.1.8
      251,15/03/2019,17:51,B,172.168.1.8
       10,15/03/2019,17:53,B,172.168.1.8
      260,15/03/2019,17:54,B,172.168.1.8
       28,15/03/2019,18:01,B,172.168.1.8
       52,15/03/2019,18:05,B,172.168.1.8
      114,15/03/2019,18:06,B,172.168.1.8
      268,15/03/2019,18:06,B,172.168.1.8
       30,15/03/2019,18:07,B,172.168.1.8
        9,15/03/2019,18:07,B,172.168.1.8
        2,15/03/2019,18:18,B,172.168.1.8
      117,15/03/2019,18:23,B,172.168.1.8
        1,15/03/2019,18:24,B,172.168.1.8
        1,15/03/2019,18:26,B,172.168.1.8
      256,15/03/2019,18:26,B,172.168.1.8
       71,15/03/2019,18:27,B,172.168.1.8
      127,15/03/2019,18:32,B,172.168.1.8
      258,15/03/2019,18:34,B,172.168.1.8
       11,15/03/2019,18:34,B,172.168.1.8
      268,15/03/2019,18:34,B,172.168.1.8
      280,15/03/2019,18:35,B,172.168.1.8
      268,15/03/2019,18:35,B,172.168.1.8
      258,15/03/2019,18:35,B,172.168.1.8
       18,15/03/2019,18:36,B,172.168.1.8
      123,15/03/2019,18:40,B,172.168.1.8
        8,15/03/2019,18:41,B,172.168.1.8
      287,15/03/2019,19:21,B,172.168.1.8
      112,15/03/2019,19:23,B,172.168.1.8
      287,15/03/2019,19:23,B,172.168.1.8
      290,15/03/2019,19:24,B,172.168.1.8
      290,15/03/2019,19:24,B,172.168.1.8
      112,15/03/2019,19:25,B,172.168.1.8
      112,15/03/2019,19:25,B,172.168.1.8
      310,15/03/2019,19:25,B,172.168.1.8
      287,15/03/2019,19:25,B,172.168.1.8
      112,15/03/2019,19:25,B,172.168.1.8
      296,15/03/2019,19:25,B,172.168.1.8
      255,15/03/2019,19:25,B,172.168.1.8
      126,16/03/2019,07:31,B,172.168.1.8
      273,16/03/2019,07:39,B,172.168.1.8
      125,16/03/2019,07:52,B,172.168.1.8
      287,16/03/2019,08:04,B,172.168.1.8
      112,16/03/2019,08:18,B,172.168.1.8
      296,16/03/2019,08:29,B,172.168.1.8
      260,16/03/2019,08:42,B,172.168.1.8
      115,16/03/2019,08:46,B,172.168.1.8
       36,16/03/2019,08:47,B,172.168.1.8
       32,16/03/2019,08:49,B,172.168.1.8
       35,16/03/2019,08:50,B,172.168.1.8
       23,16/03/2019,08:51,B,172.168.1.8
      312,16/03/2019,08:56,B,172.168.1.8
      120,16/03/2019,08:57,B,172.168.1.8
       16,16/03/2019,09:03,B,172.168.1.8
       18,16/03/2019,09:03,B,172.168.1.8
       20,16/03/2019,09:06,B,172.168.1.8
       12,16/03/2019,09:06,B,172.168.1.8
      216,16/03/2019,09:07,B,172.168.1.8
      212,16/03/2019,09:07,B,172.168.1.8
      207,16/03/2019,09:07,B,172.168.1.8
      215,16/03/2019,09:08,B,172.168.1.8
       30,16/03/2019,09:12,B,172.168.1.8
       30,16/03/2019,09:13,B,172.168.1.8
       65,16/03/2019,09:15,B,172.168.1.8
      280,16/03/2019,09:15,B,172.168.1.8
      268,16/03/2019,09:15,B,172.168.1.8
      122,16/03/2019,09:15,B,172.168.1.8
      202,16/03/2019,09:18,B,172.168.1.8
       11,16/03/2019,09:18,B,172.168.1.8
       21,16/03/2019,09:22,B,172.168.1.8
      123,16/03/2019,09:43,B,172.168.1.8
      309,16/03/2019,09:44,B,172.168.1.8
      283,16/03/2019,09:45,B,172.168.1.8
      214,16/03/2019,09:46,B,172.168.1.8
      295,16/03/2019,09:48,B,172.168.1.8
      127,16/03/2019,09:51,B,172.168.1.8
      297,16/03/2019,09:53,B,172.168.1.8
      114,16/03/2019,09:53,B,172.168.1.8
      128,16/03/2019,09:57,B,172.168.1.8
      256,16/03/2019,09:57,B,172.168.1.8
      209,16/03/2019,09:57,B,172.168.1.8
      258,16/03/2019,09:57,B,172.168.1.8
      109,16/03/2019,09:59,B,172.168.1.8
      291,16/03/2019,10:00,B,172.168.1.8
      206,16/03/2019,10:02,B,172.168.1.8
      211,16/03/2019,10:05,B,172.168.1.8
      117,16/03/2019,10:05,B,172.168.1.8
      271,16/03/2019,10:08,B,172.168.1.8
      213,16/03/2019,10:09,B,172.168.1.8
      203,16/03/2019,10:11,B,172.168.1.8
      201,16/03/2019,10:11,B,172.168.1.8
       72,16/03/2019,10:12,B,172.168.1.8
        5,16/03/2019,10:14,B,172.168.1.8
      303,16/03/2019,10:17,B,172.168.1.8
      255,16/03/2019,10:18,B,172.168.1.8
       10,16/03/2019,10:25,B,172.168.1.8
      101,16/03/2019,10:27,B,172.168.1.8
      261,16/03/2019,10:36,B,172.168.1.8
      254,16/03/2019,10:37,B,172.168.1.8
      129,16/03/2019,10:41,B,172.168.1.8
      310,16/03/2019,10:41,B,172.168.1.8
       26,16/03/2019,10:42,B,172.168.1.8
       28,16/03/2019,10:43,B,172.168.1.8
      290,16/03/2019,10:44,B,172.168.1.8
      210,16/03/2019,10:44,B,172.168.1.8
       22,16/03/2019,11:04,B,172.168.1.8
       22,16/03/2019,11:05,B,172.168.1.8
       36,16/03/2019,11:09,B,172.168.1.8
       35,16/03/2019,11:09,B,172.168.1.8
       19,16/03/2019,11:14,B,172.168.1.8
      208,16/03/2019,11:17,B,172.168.1.8
      251,16/03/2019,11:18,B,172.168.1.8
       27,16/03/2019,11:19,B,172.168.1.8
        9,16/03/2019,11:27,B,172.168.1.8
        8,16/03/2019,11:34,B,172.168.1.8
       29,16/03/2019,11:38,B,172.168.1.8
      128,16/03/2019,11:53,B,172.168.1.8
      129,16/03/2019,11:56,B,172.168.1.8
      215,16/03/2019,11:59,B,172.168.1.8
      212,16/03/2019,12:01,B,172.168.1.8
      207,16/03/2019,12:02,B,172.168.1.8
      216,16/03/2019,12:02,B,172.168.1.8
      208,16/03/2019,12:03,B,172.168.1.8
      202,16/03/2019,12:13,B,172.168.1.8
       30,16/03/2019,12:18,B,172.168.1.8
       30,16/03/2019,12:19,B,172.168.1.8
      214,16/03/2019,12:19,B,172.168.1.8
      206,16/03/2019,12:25,B,172.168.1.8
      213,16/03/2019,12:25,B,172.168.1.8
      209,16/03/2019,12:25,B,172.168.1.8
        1,16/03/2019,12:26,B,172.168.1.8
        5,16/03/2019,12:39,B,172.168.1.8
      201,16/03/2019,12:40,B,172.168.1.8
       63,16/03/2019,12:41,B,172.168.1.8
       20,16/03/2019,13:00,B,172.168.1.8
      211,16/03/2019,13:13,B,172.168.1.8
       21,16/03/2019,13:16,B,172.168.1.8
      210,16/03/2019,13:17,B,172.168.1.8
      203,16/03/2019,13:19,B,172.168.1.8
       10,16/03/2019,13:39,B,172.168.1.8
       29,16/03/2019,13:49,B,172.168.1.8
      311,16/03/2019,14:08,B,172.168.1.8
       72,16/03/2019,14:10,B,172.168.1.8
        2,16/03/2019,14:17,B,172.168.1.8
        2,16/03/2019,14:17,B,172.168.1.8
       63,16/03/2019,14:31,B,172.168.1.8
        9,16/03/2019,14:33,B,172.168.1.8
       16,16/03/2019,15:01,B,172.168.1.8
       18,16/03/2019,15:13,B,172.168.1.8
       65,16/03/2019,15:14,B,172.168.1.8
       19,16/03/2019,15:24,B,172.168.1.8
      126,16/03/2019,15:34,B,172.168.1.8
       28,16/03/2019,16:02,B,172.168.1.8
       32,16/03/2019,16:16,B,172.168.1.8
      312,16/03/2019,16:22,B,172.168.1.8
       12,16/03/2019,16:26,B,172.168.1.8
       23,16/03/2019,16:28,B,172.168.1.8
      123,16/03/2019,16:32,B,172.168.1.8
        1,16/03/2019,16:55,B,172.168.1.8
      258,16/03/2019,16:57,B,172.168.1.8
      258,16/03/2019,16:58,B,172.168.1.8
      309,16/03/2019,16:59,B,172.168.1.8
      303,16/03/2019,17:07,B,172.168.1.8
      295,16/03/2019,17:13,B,172.168.1.8
      297,16/03/2019,17:17,B,172.168.1.8
      122,16/03/2019,17:20,B,172.168.1.8
      120,16/03/2019,17:20,B,172.168.1.8
      261,16/03/2019,17:20,B,172.168.1.8
      271,16/03/2019,17:26,B,172.168.1.8
       11,16/03/2019,17:32,B,172.168.1.8
      291,16/03/2019,17:35,B,172.168.1.8
      254,16/03/2019,17:35,B,172.168.1.8
      115,16/03/2019,17:35,B,172.168.1.8
      251,16/03/2019,17:35,B,172.168.1.8
       26,16/03/2019,17:38,B,172.168.1.8
        2,16/03/2019,17:38,B,172.168.1.8
        8,16/03/2019,17:45,B,172.168.1.8
      125,16/03/2019,17:46,B,172.168.1.8
      125,16/03/2019,17:47,B,172.168.1.8
      101,16/03/2019,17:50,B,172.168.1.8
      127,16/03/2019,17:51,B,172.168.1.8
       27,16/03/2019,17:59,B,172.168.1.8
      109,16/03/2019,18:01,B,172.168.1.8
      273,16/03/2019,18:02,B,172.168.1.8
      114,16/03/2019,18:02,B,172.168.1.8
      117,16/03/2019,18:03,B,172.168.1.8
      283,16/03/2019,18:03,B,172.168.1.8
      125,16/03/2019,18:03,B,172.168.1.8
      256,16/03/2019,18:50,B,172.168.1.8
      268,16/03/2019,19:08,B,172.168.1.8
      287,16/03/2019,19:11,B,172.168.1.8
      310,16/03/2019,19:11,B,172.168.1.8
       37,16/03/2019,19:13,B,172.168.1.8
      112,16/03/2019,19:13,B,172.168.1.8
      290,16/03/2019,19:14,B,172.168.1.8
      280,16/03/2019,19:15,B,172.168.1.8
      310,16/03/2019,19:15,B,172.168.1.8
      287,16/03/2019,19:15,B,172.168.1.8
      112,16/03/2019,19:15,B,172.168.1.8
      268,16/03/2019,19:15,B,172.168.1.8
      296,16/03/2019,19:15,B,172.168.1.8
      126,16/03/2019,19:22,B,172.168.1.8
      255,16/03/2019,19:22,B,172.168.1.8
      260,16/03/2019,19:22,B,172.168.1.8
      255,16/03/2019,19:25,B,172.168.1.8
      260,16/03/2019,19:25,B,172.168.1.8
      126,16/03/2019,19:25,B,172.168.1.8
      255,17/03/2019,08:48,B,172.168.1.8
      273,17/03/2019,08:49,B,172.168.1.8
      260,17/03/2019,08:56,B,172.168.1.8
       18,17/03/2019,09:00,B,172.168.1.8
      287,17/03/2019,09:18,B,172.168.1.8
      123,17/03/2019,09:24,B,172.168.1.8
      114,17/03/2019,09:37,B,172.168.1.8
       11,17/03/2019,10:12,B,172.168.1.8
      115,17/03/2019,10:20,B,172.168.1.8
      101,17/03/2019,10:32,B,172.168.1.8
       72,17/03/2019,10:33,B,172.168.1.8
      303,17/03/2019,10:40,B,172.168.1.8
      280,17/03/2019,10:49,B,172.168.1.8
      251,17/03/2019,10:54,B,172.168.1.8
       27,17/03/2019,10:56,B,172.168.1.8
      312,17/03/2019,10:58,B,172.168.1.8
       17,17/03/2019,11:04,B,172.168.1.8
       16,17/03/2019,11:07,B,172.168.1.8
       16,17/03/2019,11:07,B,172.168.1.8
      290,17/03/2019,11:15,B,172.168.1.8
      296,17/03/2019,11:17,B,172.168.1.8
       24,17/03/2019,12:14,B,172.168.1.8
      310,17/03/2019,13:01,B,172.168.1.8
      101,17/03/2019,13:35,B,172.168.1.8
      115,17/03/2019,13:36,B,172.168.1.8
      251,17/03/2019,13:36,B,172.168.1.8
      303,17/03/2019,13:50,B,172.168.1.8
      303,17/03/2019,13:50,B,172.168.1.8
      309,17/03/2019,13:50,B,172.168.1.8
      312,17/03/2019,15:53,B,172.168.1.8
       32,17/03/2019,15:53,B,172.168.1.8
        8,17/03/2019,17:07,B,172.168.1.8
       16,17/03/2019,17:38,B,172.168.1.8
       17,17/03/2019,17:39,B,172.168.1.8
       11,17/03/2019,17:39,B,172.168.1.8
       18,17/03/2019,17:40,B,172.168.1.8
       24,17/03/2019,18:02,B,172.168.1.8
       27,17/03/2019,18:03,B,172.168.1.8
      123,17/03/2019,19:00,B,172.168.1.8
      114,17/03/2019,19:00,B,172.168.1.8
      273,17/03/2019,19:00,B,172.168.1.8
       37,17/03/2019,19:17,B,172.168.1.8
      290,17/03/2019,19:31,B,172.168.1.8
      280,17/03/2019,19:35,B,172.168.1.8
      310,17/03/2019,19:35,B,172.168.1.8
      296,17/03/2019,19:36,B,172.168.1.8
      287,17/03/2019,19:45,B,172.168.1.8
      260,17/03/2019,19:45,B,172.168.1.8
      255,17/03/2019,19:46,B,172.168.1.8
      121,18/03/2019,06:46,B,172.168.1.8
      273,18/03/2019,07:29,B,172.168.1.8
      126,18/03/2019,07:30,B,172.168.1.8
      125,18/03/2019,07:46,B,172.168.1.8
      287,18/03/2019,08:08,B,172.168.1.8
      301,18/03/2019,08:14,B,172.168.1.8
      208,18/03/2019,08:15,B,172.168.1.8
      260,18/03/2019,08:15,B,172.168.1.8
      215,18/03/2019,08:23,B,172.168.1.8
      118,18/03/2019,08:24,B,172.168.1.8
      112,18/03/2019,08:28,B,172.168.1.8
       65,18/03/2019,08:30,B,172.168.1.8
       52,18/03/2019,08:42,B,172.168.1.8
       14,18/03/2019,08:42,B,172.168.1.8
      115,18/03/2019,08:47,B,172.168.1.8
      209,18/03/2019,08:49,B,172.168.1.8
      296,18/03/2019,08:49,B,172.168.1.8
      312,18/03/2019,08:51,B,172.168.1.8
       11,18/03/2019,08:53,B,172.168.1.8
      120,18/03/2019,08:54,B,172.168.1.8
      207,18/03/2019,08:54,B,172.168.1.8
      216,18/03/2019,08:54,B,172.168.1.8
      212,18/03/2019,08:54,B,172.168.1.8
       32,18/03/2019,08:55,B,172.168.1.8
       23,18/03/2019,08:58,B,172.168.1.8
       72,18/03/2019,08:59,B,172.168.1.8
      255,18/03/2019,08:59,B,172.168.1.8
      214,18/03/2019,09:01,B,172.168.1.8
      119,18/03/2019,09:04,B,172.168.1.8
      303,18/03/2019,09:09,B,172.168.1.8
      122,18/03/2019,09:15,B,172.168.1.8
      280,18/03/2019,09:17,B,172.168.1.8
       12,18/03/2019,09:18,B,172.168.1.8
       25,18/03/2019,09:25,B,172.168.1.8
      283,18/03/2019,09:30,B,172.168.1.8
      206,18/03/2019,09:32,B,172.168.1.8
      291,18/03/2019,09:34,B,172.168.1.8
      211,18/03/2019,09:36,B,172.168.1.8
      116,18/03/2019,09:36,B,172.168.1.8
       28,18/03/2019,09:43,B,172.168.1.8
      117,18/03/2019,09:43,B,172.168.1.8
      203,18/03/2019,09:44,B,172.168.1.8
       18,18/03/2019,09:44,B,172.168.1.8
      201,18/03/2019,09:47,B,172.168.1.8
      127,18/03/2019,09:50,B,172.168.1.8
      202,18/03/2019,09:51,B,172.168.1.8
      202,18/03/2019,09:51,B,172.168.1.8
        5,18/03/2019,09:53,B,172.168.1.8
       10,18/03/2019,09:54,B,172.168.1.8
      256,18/03/2019,09:55,B,172.168.1.8
      128,18/03/2019,09:58,B,172.168.1.8
      297,18/03/2019,10:00,B,172.168.1.8
      295,18/03/2019,10:02,B,172.168.1.8
       35,18/03/2019,10:02,B,172.168.1.8
      114,18/03/2019,10:02,B,172.168.1.8
      213,18/03/2019,10:04,B,172.168.1.8
      271,18/03/2019,10:06,B,172.168.1.8
      309,18/03/2019,10:12,B,172.168.1.8
       21,18/03/2019,10:13,B,172.168.1.8
      123,18/03/2019,10:16,B,172.168.1.8
      129,18/03/2019,10:21,B,172.168.1.8
      118,18/03/2019,10:21,B,172.168.1.8
      293,18/03/2019,10:23,B,172.168.1.8
        8,18/03/2019,10:28,B,172.168.1.8
      261,18/03/2019,10:30,B,172.168.1.8
       26,18/03/2019,10:31,B,172.168.1.8
      254,18/03/2019,10:40,B,172.168.1.8
      251,18/03/2019,10:42,B,172.168.1.8
       27,18/03/2019,10:58,B,172.168.1.8
      210,18/03/2019,11:00,B,172.168.1.8
        1,18/03/2019,11:04,B,172.168.1.8
        2,18/03/2019,11:11,B,172.168.1.8
       24,18/03/2019,11:14,B,172.168.1.8
       19,18/03/2019,11:24,B,172.168.1.8
       22,18/03/2019,11:41,B,172.168.1.8
       30,18/03/2019,11:42,B,172.168.1.8
       51,18/03/2019,11:47,B,172.168.1.8
       67,18/03/2019,12:42,B,172.168.1.8
      311,18/03/2019,12:42,B,172.168.1.8
      202,18/03/2019,12:54,B,172.168.1.8
       70,18/03/2019,12:54,B,172.168.1.8
      258,18/03/2019,13:12,B,172.168.1.8
      208,18/03/2019,13:15,B,172.168.1.8
      280,18/03/2019,13:18,B,172.168.1.8
      301,18/03/2019,13:19,B,172.168.1.8
      211,18/03/2019,13:36,B,172.168.1.8
      215,18/03/2019,13:37,B,172.168.1.8
       52,18/03/2019,13:58,B,172.168.1.8
       65,18/03/2019,14:02,B,172.168.1.8
      207,18/03/2019,14:02,B,172.168.1.8
      212,18/03/2019,14:02,B,172.168.1.8
      216,18/03/2019,14:03,B,172.168.1.8
      122,18/03/2019,14:13,B,172.168.1.8
      206,18/03/2019,14:28,B,172.168.1.8
      209,18/03/2019,14:28,B,172.168.1.8
      214,18/03/2019,14:29,B,172.168.1.8
       51,18/03/2019,14:32,B,172.168.1.8
       67,18/03/2019,14:32,B,172.168.1.8
      211,18/03/2019,14:38,B,172.168.1.8
       72,18/03/2019,14:41,B,172.168.1.8
      303,18/03/2019,14:43,B,172.168.1.8
      203,18/03/2019,14:47,B,172.168.1.8
      201,18/03/2019,14:47,B,172.168.1.8
      311,18/03/2019,15:10,B,172.168.1.8
       35,18/03/2019,15:15,B,172.168.1.8
      121,18/03/2019,15:22,B,172.168.1.8
        5,18/03/2019,15:35,B,172.168.1.8
      210,18/03/2019,16:02,B,172.168.1.8
      125,18/03/2019,16:03,B,172.168.1.8
      295,18/03/2019,16:08,B,172.168.1.8
      312,18/03/2019,16:15,B,172.168.1.8
      291,18/03/2019,16:15,B,172.168.1.8
       37,18/03/2019,16:23,B,172.168.1.8
       23,18/03/2019,16:33,B,172.168.1.8
       18,18/03/2019,16:36,B,172.168.1.8
       10,18/03/2019,16:38,B,172.168.1.8
       21,18/03/2019,16:39,B,172.168.1.8
       29,18/03/2019,16:56,B,172.168.1.8
       30,18/03/2019,16:57,B,172.168.1.8
       24,18/03/2019,16:59,B,172.168.1.8
       19,18/03/2019,17:00,B,172.168.1.8
       25,18/03/2019,17:05,B,172.168.1.8
       28,18/03/2019,17:07,B,172.168.1.8
      127,18/03/2019,17:18,B,172.168.1.8
       37,18/03/2019,17:20,B,172.168.1.8
      120,18/03/2019,17:21,B,172.168.1.8
      261,18/03/2019,17:21,B,172.168.1.8
      271,18/03/2019,17:25,B,172.168.1.8
      118,18/03/2019,17:25,B,172.168.1.8
      296,18/03/2019,17:30,B,172.168.1.8
       26,18/03/2019,17:35,B,172.168.1.8
       26,18/03/2019,17:35,B,172.168.1.8
      287,18/03/2019,17:39,B,172.168.1.8
       11,18/03/2019,17:39,B,172.168.1.8
      273,18/03/2019,17:43,B,172.168.1.8
       14,18/03/2019,17:43,B,172.168.1.8
      260,18/03/2019,17:45,B,172.168.1.8
      254,18/03/2019,17:45,B,172.168.1.8
       12,18/03/2019,17:46,B,172.168.1.8
      297,18/03/2019,17:46,B,172.168.1.8
      115,18/03/2019,17:47,B,172.168.1.8
      293,18/03/2019,17:47,B,172.168.1.8
      251,18/03/2019,17:47,B,172.168.1.8
      254,18/03/2019,17:47,B,172.168.1.8
       27,18/03/2019,17:47,B,172.168.1.8
      116,18/03/2019,17:48,B,172.168.1.8
        2,18/03/2019,17:50,B,172.168.1.8
       32,18/03/2019,17:50,B,172.168.1.8
      114,18/03/2019,17:51,B,172.168.1.8
      117,18/03/2019,17:53,B,172.168.1.8
      283,18/03/2019,17:54,B,172.168.1.8
      101,18/03/2019,17:55,B,172.168.1.8
      129,18/03/2019,17:58,B,172.168.1.8
       17,18/03/2019,17:59,B,172.168.1.8
      123,18/03/2019,18:03,B,172.168.1.8
      112,18/03/2019,18:07,B,172.168.1.8
      258,18/03/2019,18:07,B,172.168.1.8
        1,18/03/2019,19:11,B,172.168.1.8
      256,18/03/2019,19:12,B,172.168.1.8
      121,19/03/2019,06:45,B,172.168.1.8
      273,19/03/2019,07:22,B,172.168.1.8
      296,19/03/2019,07:41,B,172.168.1.8
       42,19/03/2019,07:45,B,172.168.1.8
      210,19/03/2019,07:51,B,172.168.1.8
      287,19/03/2019,07:58,B,172.168.1.8
      287,19/03/2019,07:58,B,172.168.1.8
       54,19/03/2019,08:01,B,172.168.1.8
      125,19/03/2019,08:06,B,172.168.1.8
      260,19/03/2019,08:27,B,172.168.1.8
      126,19/03/2019,08:29,B,172.168.1.8
       52,19/03/2019,08:34,B,172.168.1.8
      211,19/03/2019,08:41,B,172.168.1.8
      118,19/03/2019,08:44,B,172.168.1.8
      115,19/03/2019,08:45,B,172.168.1.8
      208,19/03/2019,08:46,B,172.168.1.8
       23,19/03/2019,08:53,B,172.168.1.8
      216,19/03/2019,08:55,B,172.168.1.8
      212,19/03/2019,08:55,B,172.168.1.8
      207,19/03/2019,08:55,B,172.168.1.8
      112,19/03/2019,08:55,B,172.168.1.8
      119,19/03/2019,08:56,B,172.168.1.8
      268,19/03/2019,09:00,B,172.168.1.8
      214,19/03/2019,09:02,B,172.168.1.8
       25,19/03/2019,09:05,B,172.168.1.8
       36,19/03/2019,09:09,B,172.168.1.8
       72,19/03/2019,09:14,B,172.168.1.8
       16,19/03/2019,09:18,B,172.168.1.8
       18,19/03/2019,09:18,B,172.168.1.8
      209,19/03/2019,09:19,B,172.168.1.8
       32,19/03/2019,09:19,B,172.168.1.8
      303,19/03/2019,09:19,B,172.168.1.8
      283,19/03/2019,09:28,B,172.168.1.8
      122,19/03/2019,09:30,B,172.168.1.8
      203,19/03/2019,09:33,B,172.168.1.8
       30,19/03/2019,09:33,B,172.168.1.8
       12,19/03/2019,09:33,B,172.168.1.8
      202,19/03/2019,09:37,B,172.168.1.8
       11,19/03/2019,09:37,B,172.168.1.8
      202,19/03/2019,09:38,B,172.168.1.8
      116,19/03/2019,09:45,B,172.168.1.8
      206,19/03/2019,09:46,B,172.168.1.8
      309,19/03/2019,09:46,B,172.168.1.8
      127,19/03/2019,09:47,B,172.168.1.8
      117,19/03/2019,09:48,B,172.168.1.8
       14,19/03/2019,09:49,B,172.168.1.8
      109,19/03/2019,09:51,B,172.168.1.8
      213,19/03/2019,09:54,B,172.168.1.8
      256,19/03/2019,09:54,B,172.168.1.8
      201,19/03/2019,09:58,B,172.168.1.8
      297,19/03/2019,09:59,B,172.168.1.8
      128,19/03/2019,10:00,B,172.168.1.8
       21,19/03/2019,10:01,B,172.168.1.8
       35,19/03/2019,10:02,B,172.168.1.8
      293,19/03/2019,10:08,B,172.168.1.8
      271,19/03/2019,10:08,B,172.168.1.8
      310,19/03/2019,10:08,B,172.168.1.8
       42,19/03/2019,10:11,B,172.168.1.8
       54,19/03/2019,10:11,B,172.168.1.8
      291,19/03/2019,10:11,B,172.168.1.8
       28,19/03/2019,10:12,B,172.168.1.8
      129,19/03/2019,10:13,B,172.168.1.8
      295,19/03/2019,10:13,B,172.168.1.8
        1,19/03/2019,10:20,B,172.168.1.8
       24,19/03/2019,10:21,B,172.168.1.8
      101,19/03/2019,10:25,B,172.168.1.8
      101,19/03/2019,10:27,B,172.168.1.8
       17,19/03/2019,10:31,B,172.168.1.8
       27,19/03/2019,10:33,B,172.168.1.8
        5,19/03/2019,10:34,B,172.168.1.8
        5,19/03/2019,10:34,B,172.168.1.8
       26,19/03/2019,10:35,B,172.168.1.8
      114,19/03/2019,10:43,B,172.168.1.8
      254,19/03/2019,10:45,B,172.168.1.8
      261,19/03/2019,10:45,B,172.168.1.8
      215,19/03/2019,10:46,B,172.168.1.8
      251,19/03/2019,10:47,B,172.168.1.8
      312,19/03/2019,11:10,B,172.168.1.8
       19,19/03/2019,11:13,B,172.168.1.8
       29,19/03/2019,11:13,B,172.168.1.8
       22,19/03/2019,11:14,B,172.168.1.8
        9,19/03/2019,11:22,B,172.168.1.8
       10,19/03/2019,11:32,B,172.168.1.8
       69,19/03/2019,11:39,B,172.168.1.8
        2,19/03/2019,11:42,B,172.168.1.8
      210,19/03/2019,12:22,B,172.168.1.8
       71,19/03/2019,12:32,B,172.168.1.8
       52,19/03/2019,12:34,B,172.168.1.8
      311,19/03/2019,12:43,B,172.168.1.8
      201,19/03/2019,12:50,B,172.168.1.8
        8,19/03/2019,13:19,B,172.168.1.8
      211,19/03/2019,13:24,B,172.168.1.8
      213,19/03/2019,13:33,B,172.168.1.8
      304,19/03/2019,13:43,B,172.168.1.8
      212,19/03/2019,13:46,B,172.168.1.8
      207,19/03/2019,13:47,B,172.168.1.8
      208,19/03/2019,13:47,B,172.168.1.8
      202,19/03/2019,14:22,B,172.168.1.8
      203,19/03/2019,14:22,B,172.168.1.8
      209,19/03/2019,14:32,B,172.168.1.8
      209,19/03/2019,14:32,B,172.168.1.8
      206,19/03/2019,14:34,B,172.168.1.8
      215,19/03/2019,14:45,B,172.168.1.8
      214,19/03/2019,14:45,B,172.168.1.8
      303,19/03/2019,15:04,B,172.168.1.8
       72,19/03/2019,15:05,B,172.168.1.8
       16,19/03/2019,15:14,B,172.168.1.8
       36,19/03/2019,15:15,B,172.168.1.8
       35,19/03/2019,15:45,B,172.168.1.8
      121,19/03/2019,15:49,B,172.168.1.8
       24,19/03/2019,16:04,B,172.168.1.8
      291,19/03/2019,16:16,B,172.168.1.8
      125,19/03/2019,16:16,B,172.168.1.8
       21,19/03/2019,16:17,B,172.168.1.8
      122,19/03/2019,16:23,B,172.168.1.8
        5,19/03/2019,16:26,B,172.168.1.8
       23,19/03/2019,16:40,B,172.168.1.8
      312,19/03/2019,16:49,B,172.168.1.8
       19,19/03/2019,16:50,B,172.168.1.8
      126,19/03/2019,17:03,B,172.168.1.8
       29,19/03/2019,17:04,B,172.168.1.8
       28,19/03/2019,17:05,B,172.168.1.8
       25,19/03/2019,17:07,B,172.168.1.8
       18,19/03/2019,17:07,B,172.168.1.8
      311,19/03/2019,17:09,B,172.168.1.8
        9,19/03/2019,17:10,B,172.168.1.8
       14,19/03/2019,17:14,B,172.168.1.8
       32,19/03/2019,17:16,B,172.168.1.8
      297,19/03/2019,17:18,B,172.168.1.8
      128,19/03/2019,17:22,B,172.168.1.8
      271,19/03/2019,17:23,B,172.168.1.8
      254,19/03/2019,17:23,B,172.168.1.8
      261,19/03/2019,17:24,B,172.168.1.8
      295,19/03/2019,17:27,B,172.168.1.8
       11,19/03/2019,17:30,B,172.168.1.8
      118,19/03/2019,17:31,B,172.168.1.8
       71,19/03/2019,17:32,B,172.168.1.8
      127,19/03/2019,17:33,B,172.168.1.8
      273,19/03/2019,17:36,B,172.168.1.8
       30,19/03/2019,17:41,B,172.168.1.8
      114,19/03/2019,17:45,B,172.168.1.8
      116,19/03/2019,17:45,B,172.168.1.8
      293,19/03/2019,17:48,B,172.168.1.8
        2,19/03/2019,17:51,B,172.168.1.8
       17,19/03/2019,17:51,B,172.168.1.8
       22,19/03/2019,17:51,B,172.168.1.8
       12,19/03/2019,17:55,B,172.168.1.8
       27,19/03/2019,18:01,B,172.168.1.8
      129,19/03/2019,18:05,B,172.168.1.8
       37,19/03/2019,18:06,B,172.168.1.8
      260,19/03/2019,18:12,B,172.168.1.8
      268,19/03/2019,18:16,B,172.168.1.8
       10,19/03/2019,18:16,B,172.168.1.8
       26,19/03/2019,18:17,B,172.168.1.8
        1,19/03/2019,18:19,B,172.168.1.8
      310,19/03/2019,18:20,B,172.168.1.8
      117,19/03/2019,18:20,B,172.168.1.8
      283,19/03/2019,18:21,B,172.168.1.8
      310,19/03/2019,18:21,B,172.168.1.8
      268,19/03/2019,18:22,B,172.168.1.8
      296,19/03/2019,18:22,B,172.168.1.8
      256,19/03/2019,18:30,B,172.168.1.8
      112,19/03/2019,18:30,B,172.168.1.8
        8,19/03/2019,19:09,B,172.168.1.8
      109,19/03/2019,19:38,B,172.168.1.8
      101,19/03/2019,19:38,B,172.168.1.8
      251,19/03/2019,19:38,B,172.168.1.8
      115,19/03/2019,19:38,B,172.168.1.8
      287,19/03/2019,19:39,B,172.168.1.8
      121,20/03/2019,06:44,B,172.168.1.8
      273,20/03/2019,07:20,B,172.168.1.8
      125,20/03/2019,07:57,B,172.168.1.8
      287,20/03/2019,08:07,B,172.168.1.8
      301,20/03/2019,08:08,B,172.168.1.8
      126,20/03/2019,08:08,B,172.168.1.8
      255,20/03/2019,08:26,B,172.168.1.8
      260,20/03/2019,08:29,B,172.168.1.8
       18,20/03/2019,08:47,B,172.168.1.8
       23,20/03/2019,08:50,B,172.168.1.8
      119,20/03/2019,08:50,B,172.168.1.8
      296,20/03/2019,08:50,B,172.168.1.8
      115,20/03/2019,08:52,B,172.168.1.8
       32,20/03/2019,08:53,B,172.168.1.8
      120,20/03/2019,08:55,B,172.168.1.8
       11,20/03/2019,08:58,B,172.168.1.8
      216,20/03/2019,08:58,B,172.168.1.8
      207,20/03/2019,08:58,B,172.168.1.8
      212,20/03/2019,08:59,B,172.168.1.8
      280,20/03/2019,09:07,B,172.168.1.8
      268,20/03/2019,09:07,B,172.168.1.8
      303,20/03/2019,09:08,B,172.168.1.8
      256,20/03/2019,09:10,B,172.168.1.8
      214,20/03/2019,09:11,B,172.168.1.8
       25,20/03/2019,09:13,B,172.168.1.8
      116,20/03/2019,09:19,B,172.168.1.8
       10,20/03/2019,09:20,B,172.168.1.8
       26,20/03/2019,09:21,B,172.168.1.8
      203,20/03/2019,09:24,B,172.168.1.8
      202,20/03/2019,09:24,B,172.168.1.8
      283,20/03/2019,09:26,B,172.168.1.8
      122,20/03/2019,09:26,B,172.168.1.8
      101,20/03/2019,09:27,B,172.168.1.8
       36,20/03/2019,09:27,B,172.168.1.8
      206,20/03/2019,09:28,B,172.168.1.8
      118,20/03/2019,09:31,B,172.168.1.8
      211,20/03/2019,09:32,B,172.168.1.8
        5,20/03/2019,09:33,B,172.168.1.8
      215,20/03/2019,09:34,B,172.168.1.8
       12,20/03/2019,09:36,B,172.168.1.8
      201,20/03/2019,09:37,B,172.168.1.8
      112,20/03/2019,09:39,B,172.168.1.8
      109,20/03/2019,09:39,B,172.168.1.8
      117,20/03/2019,09:40,B,172.168.1.8
      262,20/03/2019,09:42,B,172.168.1.8
      209,20/03/2019,09:44,B,172.168.1.8
      213,20/03/2019,09:48,B,172.168.1.8
       30,20/03/2019,09:49,B,172.168.1.8
       30,20/03/2019,09:50,B,172.168.1.8
        9,20/03/2019,09:52,B,172.168.1.8
        1,20/03/2019,09:53,B,172.168.1.8
      128,20/03/2019,09:55,B,172.168.1.8
       51,20/03/2019,09:55,B,172.168.1.8
      297,20/03/2019,09:56,B,172.168.1.8
      310,20/03/2019,09:59,B,172.168.1.8
       27,20/03/2019,10:01,B,172.168.1.8
       35,20/03/2019,10:03,B,172.168.1.8
      114,20/03/2019,10:03,B,172.168.1.8
      271,20/03/2019,10:06,B,172.168.1.8
       72,20/03/2019,10:06,B,172.168.1.8
       14,20/03/2019,10:09,B,172.168.1.8
       24,20/03/2019,10:10,B,172.168.1.8
      295,20/03/2019,10:16,B,172.168.1.8
      293,20/03/2019,10:17,B,172.168.1.8
        2,20/03/2019,10:25,B,172.168.1.8
      129,20/03/2019,10:28,B,172.168.1.8
      261,20/03/2019,10:31,B,172.168.1.8
       28,20/03/2019,10:36,B,172.168.1.8
      254,20/03/2019,10:38,B,172.168.1.8
       17,20/03/2019,10:40,B,172.168.1.8
      291,20/03/2019,10:42,B,172.168.1.8
       51,20/03/2019,10:51,B,172.168.1.8
      210,20/03/2019,10:55,B,172.168.1.8
      312,20/03/2019,11:02,B,172.168.1.8
       21,20/03/2019,11:11,B,172.168.1.8
       19,20/03/2019,11:15,B,172.168.1.8
        8,20/03/2019,11:27,B,172.168.1.8
       65,20/03/2019,11:46,B,172.168.1.8
      305,20/03/2019,11:47,B,172.168.1.8
       71,20/03/2019,12:17,B,172.168.1.8
      309,20/03/2019,12:19,B,172.168.1.8
      213,20/03/2019,13:30,B,172.168.1.8
      122,20/03/2019,13:54,B,172.168.1.8
       52,20/03/2019,13:54,B,172.168.1.8
       64,20/03/2019,13:58,B,172.168.1.8
      212,20/03/2019,14:05,B,172.168.1.8
      216,20/03/2019,14:05,B,172.168.1.8
      207,20/03/2019,14:05,B,172.168.1.8
      311,20/03/2019,14:05,B,172.168.1.8
      202,20/03/2019,14:16,B,172.168.1.8
      309,20/03/2019,14:18,B,172.168.1.8
      203,20/03/2019,14:35,B,172.168.1.8
      201,20/03/2019,14:35,B,172.168.1.8
      260,20/03/2019,14:38,B,172.168.1.8
      206,20/03/2019,14:40,B,172.168.1.8
      214,20/03/2019,14:44,B,172.168.1.8
      215,20/03/2019,14:44,B,172.168.1.8
      209,20/03/2019,14:45,B,172.168.1.8
      303,20/03/2019,14:59,B,172.168.1.8
      119,20/03/2019,15:09,B,172.168.1.8
      125,20/03/2019,15:10,B,172.168.1.8
      121,20/03/2019,15:11,B,172.168.1.8
      305,20/03/2019,15:20,B,172.168.1.8
       72,20/03/2019,15:30,B,172.168.1.8
        5,20/03/2019,15:48,B,172.168.1.8
       24,20/03/2019,15:50,B,172.168.1.8
      126,20/03/2019,15:52,B,172.168.1.8
       35,20/03/2019,15:55,B,172.168.1.8
      210,20/03/2019,15:58,B,172.168.1.8
      210,20/03/2019,15:59,B,172.168.1.8
      126,20/03/2019,16:00,B,172.168.1.8
       23,20/03/2019,16:29,B,172.168.1.8
       21,20/03/2019,16:30,B,172.168.1.8
        9,20/03/2019,16:50,B,172.168.1.8
        9,20/03/2019,16:51,B,172.168.1.8
       19,20/03/2019,16:51,B,172.168.1.8
      301,20/03/2019,16:56,B,172.168.1.8
      311,20/03/2019,17:02,B,172.168.1.8
       65,20/03/2019,17:04,B,172.168.1.8
       18,20/03/2019,17:08,B,172.168.1.8
       25,20/03/2019,17:13,B,172.168.1.8
       28,20/03/2019,17:13,B,172.168.1.8
      118,20/03/2019,17:19,B,172.168.1.8
      128,20/03/2019,17:19,B,172.168.1.8
        2,20/03/2019,17:20,B,172.168.1.8
       12,20/03/2019,17:20,B,172.168.1.8
      261,20/03/2019,17:21,B,172.168.1.8
       71,20/03/2019,17:23,B,172.168.1.8
      271,20/03/2019,17:26,B,172.168.1.8
      296,20/03/2019,17:30,B,172.168.1.8
       14,20/03/2019,17:32,B,172.168.1.8
      291,20/03/2019,17:32,B,172.168.1.8
      120,20/03/2019,17:32,B,172.168.1.8
      268,20/03/2019,17:33,B,172.168.1.8
      116,20/03/2019,17:34,B,172.168.1.8
       32,20/03/2019,17:35,B,172.168.1.8
        8,20/03/2019,17:37,B,172.168.1.8
      254,20/03/2019,17:38,B,172.168.1.8
      115,20/03/2019,17:38,B,172.168.1.8
        8,20/03/2019,17:39,B,172.168.1.8
        1,20/03/2019,17:39,B,172.168.1.8
      129,20/03/2019,17:40,B,172.168.1.8
       30,20/03/2019,17:40,B,172.168.1.8
      273,20/03/2019,17:40,B,172.168.1.8
      101,20/03/2019,17:45,B,172.168.1.8
       11,20/03/2019,17:45,B,172.168.1.8
       64,20/03/2019,17:46,B,172.168.1.8
       17,20/03/2019,17:47,B,172.168.1.8
      310,20/03/2019,17:48,B,172.168.1.8
      117,20/03/2019,17:48,B,172.168.1.8
      114,20/03/2019,17:49,B,172.168.1.8
      310,20/03/2019,17:51,B,172.168.1.8
      117,20/03/2019,17:52,B,172.168.1.8
      283,20/03/2019,17:52,B,172.168.1.8
      280,20/03/2019,17:53,B,172.168.1.8
      280,20/03/2019,17:54,B,172.168.1.8
      256,20/03/2019,18:00,B,172.168.1.8
      112,20/03/2019,18:00,B,172.168.1.8
       27,20/03/2019,18:01,B,172.168.1.8
      280,20/03/2019,18:02,B,172.168.1.8
      293,20/03/2019,18:03,B,172.168.1.8
      112,20/03/2019,18:03,B,172.168.1.8
       10,20/03/2019,18:16,B,172.168.1.8
       26,20/03/2019,18:17,B,172.168.1.8
      262,20/03/2019,18:30,B,172.168.1.8
      255,20/03/2019,18:30,B,172.168.1.8
      121,22/03/2019,06:44,B,172.168.1.8
      262,22/03/2019,07:15,B,172.168.1.8
      126,22/03/2019,07:19,B,172.168.1.8
      273,22/03/2019,07:23,B,172.168.1.8
      125,22/03/2019,07:41,B,172.168.1.8
      215,22/03/2019,07:58,B,172.168.1.8
      215,22/03/2019,07:58,B,172.168.1.8
      255,22/03/2019,08:06,B,172.168.1.8
      301,22/03/2019,08:26,B,172.168.1.8
      296,22/03/2019,08:37,B,172.168.1.8
       14,22/03/2019,08:42,B,172.168.1.8
      303,22/03/2019,08:45,B,172.168.1.8
      115,22/03/2019,08:47,B,172.168.1.8
       23,22/03/2019,08:50,B,172.168.1.8
      208,22/03/2019,08:51,B,172.168.1.8
       36,22/03/2019,08:53,B,172.168.1.8
      216,22/03/2019,08:54,B,172.168.1.8
      207,22/03/2019,08:54,B,172.168.1.8
      212,22/03/2019,08:54,B,172.168.1.8
      287,22/03/2019,08:54,B,172.168.1.8
      120,22/03/2019,08:55,B,172.168.1.8
      119,22/03/2019,09:00,B,172.168.1.8
       26,22/03/2019,09:00,B,172.168.1.8
       64,22/03/2019,09:02,B,172.168.1.8
       52,22/03/2019,09:04,B,172.168.1.8
      268,22/03/2019,09:04,B,172.168.1.8
       11,22/03/2019,09:04,B,172.168.1.8
      214,22/03/2019,09:06,B,172.168.1.8
       25,22/03/2019,09:06,B,172.168.1.8
       16,22/03/2019,09:08,B,172.168.1.8
       18,22/03/2019,09:08,B,172.168.1.8
      112,22/03/2019,09:14,B,172.168.1.8
       32,22/03/2019,09:16,B,172.168.1.8
      202,22/03/2019,09:18,B,172.168.1.8
       17,22/03/2019,09:19,B,172.168.1.8
       20,22/03/2019,09:20,B,172.168.1.8
      122,22/03/2019,09:23,B,172.168.1.8
       12,22/03/2019,09:23,B,172.168.1.8
       72,22/03/2019,09:24,B,172.168.1.8
      283,22/03/2019,09:25,B,172.168.1.8
      118,22/03/2019,09:33,B,172.168.1.8
      116,22/03/2019,09:34,B,172.168.1.8
      206,22/03/2019,09:35,B,172.168.1.8
      310,22/03/2019,09:40,B,172.168.1.8
      209,22/03/2019,09:44,B,172.168.1.8
      213,22/03/2019,09:46,B,172.168.1.8
      203,22/03/2019,09:48,B,172.168.1.8
      211,22/03/2019,09:48,B,172.168.1.8
      123,22/03/2019,09:51,B,172.168.1.8
       28,22/03/2019,09:53,B,172.168.1.8
      109,22/03/2019,09:54,B,172.168.1.8
      310,22/03/2019,09:58,B,172.168.1.8
      128,22/03/2019,09:58,B,172.168.1.8
       10,22/03/2019,10:03,B,172.168.1.8
      297,22/03/2019,10:03,B,172.168.1.8
      201,22/03/2019,10:04,B,172.168.1.8
        5,22/03/2019,10:05,B,172.168.1.8
       35,22/03/2019,10:08,B,172.168.1.8
      271,22/03/2019,10:10,B,172.168.1.8
       21,22/03/2019,10:12,B,172.168.1.8
      129,22/03/2019,10:21,B,172.168.1.8
       29,22/03/2019,10:24,B,172.168.1.8
      101,22/03/2019,10:25,B,172.168.1.8
      114,22/03/2019,10:28,B,172.168.1.8
      295,22/03/2019,10:28,B,172.168.1.8
       51,22/03/2019,10:29,B,172.168.1.8
      261,22/03/2019,10:30,B,172.168.1.8
      254,22/03/2019,10:35,B,172.168.1.8
      291,22/03/2019,10:39,B,172.168.1.8
      291,22/03/2019,10:39,B,172.168.1.8
      312,22/03/2019,10:40,B,172.168.1.8
       22,22/03/2019,10:43,B,172.168.1.8
        8,22/03/2019,10:48,B,172.168.1.8
      210,22/03/2019,10:50,B,172.168.1.8
        2,22/03/2019,10:55,B,172.168.1.8
       27,22/03/2019,10:56,B,172.168.1.8
      131,22/03/2019,11:03,B,172.168.1.8
      309,22/03/2019,11:05,B,172.168.1.8
        9,22/03/2019,11:12,B,172.168.1.8
      251,22/03/2019,11:16,B,172.168.1.8
       19,22/03/2019,11:16,B,172.168.1.8
       30,22/03/2019,11:20,B,172.168.1.8
       30,22/03/2019,11:21,B,172.168.1.8
       67,22/03/2019,11:29,B,172.168.1.8
      256,22/03/2019,11:43,B,172.168.1.8
      305,22/03/2019,11:48,B,172.168.1.8
      211,22/03/2019,11:50,B,172.168.1.8
      293,22/03/2019,12:12,B,172.168.1.8
      301,22/03/2019,12:22,B,172.168.1.8
      280,22/03/2019,12:26,B,172.168.1.8
      258,22/03/2019,12:26,B,172.168.1.8
      122,22/03/2019,12:39,B,172.168.1.8
      215,22/03/2019,12:44,B,172.168.1.8
      262,22/03/2019,13:03,B,172.168.1.8
      304,22/03/2019,13:38,B,172.168.1.8
      207,22/03/2019,14:01,B,172.168.1.8
      212,22/03/2019,14:03,B,172.168.1.8
      216,22/03/2019,14:03,B,172.168.1.8
      208,22/03/2019,14:03,B,172.168.1.8
      214,22/03/2019,14:06,B,172.168.1.8
      202,22/03/2019,14:25,B,172.168.1.8
        5,22/03/2019,14:29,B,172.168.1.8
       51,22/03/2019,14:38,B,172.168.1.8
       67,22/03/2019,14:38,B,172.168.1.8
       16,22/03/2019,14:45,B,172.168.1.8
      203,22/03/2019,14:47,B,172.168.1.8
      201,22/03/2019,14:47,B,172.168.1.8
      209,22/03/2019,14:47,B,172.168.1.8
      206,22/03/2019,14:47,B,172.168.1.8
      213,22/03/2019,14:48,B,172.168.1.8
      303,22/03/2019,14:49,B,172.168.1.8
       72,22/03/2019,14:55,B,172.168.1.8
       72,22/03/2019,14:57,B,172.168.1.8
      121,22/03/2019,15:03,B,172.168.1.8
       12,22/03/2019,15:09,B,172.168.1.8
      126,22/03/2019,15:35,B,172.168.1.8
      109,22/03/2019,15:42,B,172.168.1.8
       36,22/03/2019,15:43,B,172.168.1.8
       35,22/03/2019,15:47,B,172.168.1.8
       20,22/03/2019,15:49,B,172.168.1.8
      305,22/03/2019,15:49,B,172.168.1.8
      210,22/03/2019,15:51,B,172.168.1.8
       35,22/03/2019,15:53,B,172.168.1.8
       23,22/03/2019,15:58,B,172.168.1.8
       22,22/03/2019,15:58,B,172.168.1.8
      101,22/03/2019,16:02,B,172.168.1.8
      261,22/03/2019,16:03,B,172.168.1.8
      125,22/03/2019,16:04,B,172.168.1.8
        9,22/03/2019,16:24,B,172.168.1.8
        9,22/03/2019,16:25,B,172.168.1.8
       29,22/03/2019,16:30,B,172.168.1.8
       29,22/03/2019,16:30,B,172.168.1.8
       28,22/03/2019,16:31,B,172.168.1.8
       19,22/03/2019,16:46,B,172.168.1.8
       14,22/03/2019,16:48,B,172.168.1.8
       21,22/03/2019,16:48,B,172.168.1.8
      291,22/03/2019,16:52,B,172.168.1.8
       25,22/03/2019,17:00,B,172.168.1.8
      312,22/03/2019,17:01,B,172.168.1.8
        2,22/03/2019,17:03,B,172.168.1.8
        8,22/03/2019,17:06,B,172.168.1.8
       10,22/03/2019,17:13,B,172.168.1.8
      120,22/03/2019,17:17,B,172.168.1.8
       32,22/03/2019,17:17,B,172.168.1.8
      297,22/03/2019,17:18,B,172.168.1.8
      131,22/03/2019,17:20,B,172.168.1.8
      128,22/03/2019,17:20,B,172.168.1.8
      309,22/03/2019,17:20,B,172.168.1.8
      271,22/03/2019,17:21,B,172.168.1.8
      118,22/03/2019,17:21,B,172.168.1.8
      283,22/03/2019,17:23,B,172.168.1.8
      271,22/03/2019,17:23,B,172.168.1.8
      295,22/03/2019,17:24,B,172.168.1.8
       18,22/03/2019,17:32,B,172.168.1.8
      254,22/03/2019,17:33,B,172.168.1.8
      115,22/03/2019,17:35,B,172.168.1.8
      254,22/03/2019,17:35,B,172.168.1.8
      256,22/03/2019,17:41,B,172.168.1.8
      273,22/03/2019,17:51,B,172.168.1.8
      114,22/03/2019,17:54,B,172.168.1.8
       30,22/03/2019,17:58,B,172.168.1.8
      287,22/03/2019,18:02,B,172.168.1.8
      280,22/03/2019,18:03,B,172.168.1.8
      268,22/03/2019,18:04,B,172.168.1.8
      287,22/03/2019,18:04,B,172.168.1.8
      296,22/03/2019,18:04,B,172.168.1.8
      116,22/03/2019,18:09,B,172.168.1.8
      258,22/03/2019,18:10,B,172.168.1.8
       26,22/03/2019,18:11,B,172.168.1.8
      293,22/03/2019,18:12,B,172.168.1.8
      129,22/03/2019,18:16,B,172.168.1.8
      123,22/03/2019,18:19,B,172.168.1.8
      310,22/03/2019,18:29,B,172.168.1.8
      117,22/03/2019,18:29,B,172.168.1.8
      112,22/03/2019,18:30,B,172.168.1.8
      255,22/03/2019,18:30,B,172.168.1.8
      255,22/03/2019,18:31,B,172.168.1.8
      121,23/03/2019,06:49,B,172.168.1.8
      287,23/03/2019,07:31,B,172.168.1.8
      126,23/03/2019,07:47,B,172.168.1.8
      273,23/03/2019,07:49,B,172.168.1.8
      255,23/03/2019,08:34,B,172.168.1.8
       72,23/03/2019,08:38,B,172.168.1.8
      207,23/03/2019,08:44,B,172.168.1.8
      312,23/03/2019,08:44,B,172.168.1.8
      205,23/03/2019,08:45,B,172.168.1.8
      115,23/03/2019,08:50,B,172.168.1.8
      208,23/03/2019,08:51,B,172.168.1.8
      209,23/03/2019,08:55,B,172.168.1.8
       16,23/03/2019,08:55,B,172.168.1.8
       35,23/03/2019,08:55,B,172.168.1.8
       65,23/03/2019,08:55,B,172.168.1.8
      119,23/03/2019,08:56,B,172.168.1.8
       14,23/03/2019,09:01,B,172.168.1.8
      203,23/03/2019,09:01,B,172.168.1.8
       11,23/03/2019,09:03,B,172.168.1.8
       32,23/03/2019,09:04,B,172.168.1.8
       18,23/03/2019,09:04,B,172.168.1.8
       18,23/03/2019,09:04,B,172.168.1.8
      215,23/03/2019,09:11,B,172.168.1.8
      118,23/03/2019,09:11,B,172.168.1.8
      202,23/03/2019,09:13,B,172.168.1.8
       20,23/03/2019,09:15,B,172.168.1.8
       12,23/03/2019,09:16,B,172.168.1.8
      114,23/03/2019,09:19,B,172.168.1.8
       25,23/03/2019,09:19,B,172.168.1.8
      280,23/03/2019,09:23,B,172.168.1.8
      268,23/03/2019,09:23,B,172.168.1.8
      206,23/03/2019,09:25,B,172.168.1.8
       30,23/03/2019,09:30,B,172.168.1.8
      214,23/03/2019,09:34,B,172.168.1.8
      213,23/03/2019,09:35,B,172.168.1.8
      283,23/03/2019,09:39,B,172.168.1.8
      116,23/03/2019,09:42,B,172.168.1.8
        8,23/03/2019,09:50,B,172.168.1.8
       64,23/03/2019,09:51,B,172.168.1.8
       17,23/03/2019,09:53,B,172.168.1.8
       10,23/03/2019,09:57,B,172.168.1.8
      112,23/03/2019,09:58,B,172.168.1.8
      128,23/03/2019,09:58,B,172.168.1.8
      271,23/03/2019,10:06,B,172.168.1.8
      290,23/03/2019,10:07,B,172.168.1.8
      293,23/03/2019,10:10,B,172.168.1.8
      201,23/03/2019,10:11,B,172.168.1.8
        9,23/03/2019,10:13,B,172.168.1.8
       21,23/03/2019,10:20,B,172.168.1.8
      211,23/03/2019,10:20,B,172.168.1.8
      101,23/03/2019,10:31,B,172.168.1.8
       27,23/03/2019,10:34,B,172.168.1.8
        2,23/03/2019,10:34,B,172.168.1.8
       71,23/03/2019,10:45,B,172.168.1.8
      291,23/03/2019,10:50,B,172.168.1.8
       28,23/03/2019,10:56,B,172.168.1.8
      251,23/03/2019,11:05,B,172.168.1.8
      210,23/03/2019,11:08,B,172.168.1.8
      212,23/03/2019,11:15,B,172.168.1.8
       19,23/03/2019,11:15,B,172.168.1.8
       72,23/03/2019,11:22,B,172.168.1.8
      205,23/03/2019,11:28,B,172.168.1.8
       29,23/03/2019,11:28,B,172.168.1.8
      205,23/03/2019,11:29,B,172.168.1.8
       26,23/03/2019,11:29,B,172.168.1.8
       16,23/03/2019,11:32,B,172.168.1.8
      209,23/03/2019,11:46,B,172.168.1.8
      209,23/03/2019,11:46,B,172.168.1.8
      206,23/03/2019,11:47,B,172.168.1.8
      213,23/03/2019,11:47,B,172.168.1.8
      203,23/03/2019,11:47,B,172.168.1.8
      202,23/03/2019,11:48,B,172.168.1.8
      215,23/03/2019,11:48,B,172.168.1.8
       22,23/03/2019,11:50,B,172.168.1.8
      208,23/03/2019,11:56,B,172.168.1.8
       20,23/03/2019,12:02,B,172.168.1.8
        5,23/03/2019,12:18,B,172.168.1.8
      201,23/03/2019,12:26,B,172.168.1.8
      214,23/03/2019,12:36,B,172.168.1.8
       64,23/03/2019,12:39,B,172.168.1.8
       23,23/03/2019,12:51,B,172.168.1.8
      211,23/03/2019,13:04,B,172.168.1.8
        9,23/03/2019,13:23,B,172.168.1.8
      118,23/03/2019,13:34,B,172.168.1.8
      295,23/03/2019,13:42,B,172.168.1.8
      121,23/03/2019,13:43,B,172.168.1.8
       36,23/03/2019,13:54,B,172.168.1.8
       19,23/03/2019,14:30,B,172.168.1.8
       27,23/03/2019,14:50,B,172.168.1.8
       29,23/03/2019,15:00,B,172.168.1.8
       29,23/03/2019,15:00,B,172.168.1.8
      126,23/03/2019,15:02,B,172.168.1.8
      118,23/03/2019,15:08,B,172.168.1.8
      126,23/03/2019,15:15,B,172.168.1.8
       37,23/03/2019,15:17,B,172.168.1.8
      291,23/03/2019,15:25,B,172.168.1.8
       30,23/03/2019,15:32,B,172.168.1.8
      119,23/03/2019,15:38,B,172.168.1.8
       17,23/03/2019,15:43,B,172.168.1.8
      312,23/03/2019,16:02,B,172.168.1.8
      128,23/03/2019,16:03,B,172.168.1.8
       21,23/03/2019,16:11,B,172.168.1.8
      271,23/03/2019,16:13,B,172.168.1.8
       22,23/03/2019,16:20,B,172.168.1.8
        2,23/03/2019,16:28,B,172.168.1.8
       28,23/03/2019,16:32,B,172.168.1.8
       10,23/03/2019,16:35,B,172.168.1.8
       12,23/03/2019,16:38,B,172.168.1.8
       11,23/03/2019,16:39,B,172.168.1.8
        5,23/03/2019,16:40,B,172.168.1.8
      283,23/03/2019,16:41,B,172.168.1.8
       25,23/03/2019,17:00,B,172.168.1.8
        8,23/03/2019,17:05,B,172.168.1.8
       23,23/03/2019,17:15,B,172.168.1.8
       35,23/03/2019,17:15,B,172.168.1.8
       65,23/03/2019,17:16,B,172.168.1.8
       14,23/03/2019,17:20,B,172.168.1.8
       36,23/03/2019,17:22,B,172.168.1.8
      118,23/03/2019,17:22,B,172.168.1.8
       32,23/03/2019,17:25,B,172.168.1.8
      295,23/03/2019,17:30,B,172.168.1.8
      290,23/03/2019,17:31,B,172.168.1.8
       26,23/03/2019,17:44,B,172.168.1.8
      116,23/03/2019,17:47,B,172.168.1.8
      114,23/03/2019,17:50,B,172.168.1.8
      273,23/03/2019,17:52,B,172.168.1.8
      251,23/03/2019,17:54,B,172.168.1.8
      101,23/03/2019,17:54,B,172.168.1.8
      115,23/03/2019,17:55,B,172.168.1.8
      280,23/03/2019,17:58,B,172.168.1.8
      293,23/03/2019,17:58,B,172.168.1.8
      268,23/03/2019,17:59,B,172.168.1.8
      115,23/03/2019,18:00,B,172.168.1.8
       18,23/03/2019,18:01,B,172.168.1.8
      287,23/03/2019,18:11,B,172.168.1.8
      255,23/03/2019,18:13,B,172.168.1.8
      112,23/03/2019,18:13,B,172.168.1.8
      121,25/03/2019,06:45,B,172.168.1.8
      273,25/03/2019,07:26,B,172.168.1.8
      287,25/03/2019,07:43,B,172.168.1.8
      126,25/03/2019,07:46,B,172.168.1.8
      206,25/03/2019,07:51,B,172.168.1.8
      125,25/03/2019,07:52,B,172.168.1.8
       42,25/03/2019,07:54,B,172.168.1.8
      112,25/03/2019,08:00,B,172.168.1.8
      209,25/03/2019,08:08,B,172.168.1.8
      215,25/03/2019,08:17,B,172.168.1.8
      255,25/03/2019,08:29,B,172.168.1.8
      210,25/03/2019,08:33,B,172.168.1.8
      260,25/03/2019,08:41,B,172.168.1.8
      211,25/03/2019,08:44,B,172.168.1.8
      205,25/03/2019,08:44,B,172.168.1.8
      115,25/03/2019,08:49,B,172.168.1.8
      208,25/03/2019,08:50,B,172.168.1.8
       32,25/03/2019,08:53,B,172.168.1.8
      296,25/03/2019,08:54,B,172.168.1.8
      120,25/03/2019,08:54,B,172.168.1.8
      280,25/03/2019,08:54,B,172.168.1.8
      268,25/03/2019,08:54,B,172.168.1.8
       26,25/03/2019,08:55,B,172.168.1.8
      216,25/03/2019,08:57,B,172.168.1.8
      207,25/03/2019,08:57,B,172.168.1.8
      212,25/03/2019,08:57,B,172.168.1.8
      201,25/03/2019,09:04,B,172.168.1.8
      303,25/03/2019,09:05,B,172.168.1.8
       36,25/03/2019,09:06,B,172.168.1.8
      119,25/03/2019,09:11,B,172.168.1.8
      309,25/03/2019,09:13,B,172.168.1.8
      101,25/03/2019,09:15,B,172.168.1.8
       72,25/03/2019,09:16,B,172.168.1.8
       25,25/03/2019,09:20,B,172.168.1.8
       23,25/03/2019,09:21,B,172.168.1.8
      203,25/03/2019,09:22,B,172.168.1.8
      204,25/03/2019,09:23,B,172.168.1.8
       20,25/03/2019,09:24,B,172.168.1.8
      256,25/03/2019,09:25,B,172.168.1.8
      262,25/03/2019,09:27,B,172.168.1.8
       22,25/03/2019,09:31,B,172.168.1.8
        1,25/03/2019,09:36,B,172.168.1.8
      128,25/03/2019,09:40,B,172.168.1.8
      283,25/03/2019,09:40,B,172.168.1.8
      202,25/03/2019,09:43,B,172.168.1.8
      213,25/03/2019,09:45,B,172.168.1.8
       14,25/03/2019,09:45,B,172.168.1.8
       17,25/03/2019,09:46,B,172.168.1.8
       12,25/03/2019,09:47,B,172.168.1.8
      116,25/03/2019,09:48,B,172.168.1.8
        5,25/03/2019,09:48,B,172.168.1.8
       28,25/03/2019,09:50,B,172.168.1.8
      123,25/03/2019,09:50,B,172.168.1.8
      109,25/03/2019,09:53,B,172.168.1.8
      114,25/03/2019,09:53,B,172.168.1.8
      131,25/03/2019,09:54,B,172.168.1.8
        2,25/03/2019,09:55,B,172.168.1.8
       16,25/03/2019,09:58,B,172.168.1.8
      297,25/03/2019,09:59,B,172.168.1.8
      289,25/03/2019,10:00,B,172.168.1.8
      310,25/03/2019,10:02,B,172.168.1.8
       18,25/03/2019,10:04,B,172.168.1.8
      258,25/03/2019,10:04,B,172.168.1.8
      295,25/03/2019,10:04,B,172.168.1.8
       65,25/03/2019,10:04,B,172.168.1.8
       19,25/03/2019,10:08,B,172.168.1.8
      271,25/03/2019,10:08,B,172.168.1.8
       27,25/03/2019,10:11,B,172.168.1.8
      290,25/03/2019,10:12,B,172.168.1.8
       10,25/03/2019,10:17,B,172.168.1.8
       21,25/03/2019,10:21,B,172.168.1.8
      254,25/03/2019,10:26,B,172.168.1.8
       35,25/03/2019,10:30,B,172.168.1.8
       35,25/03/2019,10:31,B,172.168.1.8
        9,25/03/2019,10:32,B,172.168.1.8
      209,25/03/2019,10:40,B,172.168.1.8
      251,25/03/2019,10:40,B,172.168.1.8
       42,25/03/2019,10:42,B,172.168.1.8
       24,25/03/2019,10:53,B,172.168.1.8
       11,25/03/2019,10:54,B,172.168.1.8
        1,25/03/2019,11:01,B,172.168.1.8
       30,25/03/2019,11:23,B,172.168.1.8
      215,25/03/2019,12:44,B,172.168.1.8
      206,25/03/2019,12:57,B,172.168.1.8
       71,25/03/2019,13:01,B,172.168.1.8
      202,25/03/2019,13:34,B,172.168.1.8
      213,25/03/2019,13:45,B,172.168.1.8
      204,25/03/2019,13:45,B,172.168.1.8
      211,25/03/2019,13:46,B,172.168.1.8
      205,25/03/2019,13:46,B,172.168.1.8
      205,25/03/2019,13:46,B,172.168.1.8
       65,25/03/2019,13:56,B,172.168.1.8
      207,25/03/2019,13:58,B,172.168.1.8
      216,25/03/2019,13:58,B,172.168.1.8
      208,25/03/2019,13:58,B,172.168.1.8
      203,25/03/2019,14:04,B,172.168.1.8
      201,25/03/2019,14:04,B,172.168.1.8
      203,25/03/2019,14:07,B,172.168.1.8
      201,25/03/2019,14:07,B,172.168.1.8
      210,25/03/2019,14:28,B,172.168.1.8
      309,25/03/2019,15:13,B,172.168.1.8
      121,25/03/2019,15:14,B,172.168.1.8
      303,25/03/2019,15:15,B,172.168.1.8
      125,25/03/2019,15:27,B,172.168.1.8
      126,25/03/2019,15:36,B,172.168.1.8
       72,25/03/2019,15:46,B,172.168.1.8
       35,25/03/2019,16:37,B,172.168.1.8
       36,25/03/2019,16:37,B,172.168.1.8
       71,25/03/2019,16:44,B,172.168.1.8
        5,25/03/2019,17:06,B,172.168.1.8
       25,25/03/2019,17:11,B,172.168.1.8
      109,25/03/2019,17:13,B,172.168.1.8
      297,25/03/2019,17:17,B,172.168.1.8
      131,25/03/2019,17:17,B,172.168.1.8
      289,25/03/2019,17:18,B,172.168.1.8
       23,25/03/2019,17:20,B,172.168.1.8
      295,25/03/2019,17:22,B,172.168.1.8
      271,25/03/2019,17:22,B,172.168.1.8
       20,25/03/2019,17:22,B,172.168.1.8
       21,25/03/2019,17:22,B,172.168.1.8
       22,25/03/2019,17:23,B,172.168.1.8
      273,25/03/2019,17:26,B,172.168.1.8
       28,25/03/2019,17:27,B,172.168.1.8
       16,25/03/2019,17:27,B,172.168.1.8
      256,25/03/2019,17:30,B,172.168.1.8
      114,25/03/2019,17:30,B,172.168.1.8
      296,25/03/2019,17:30,B,172.168.1.8
      287,25/03/2019,17:33,B,172.168.1.8
      280,25/03/2019,17:35,B,172.168.1.8
      268,25/03/2019,17:36,B,172.168.1.8
      120,25/03/2019,17:37,B,172.168.1.8
      115,25/03/2019,17:37,B,172.168.1.8
      251,25/03/2019,17:37,B,172.168.1.8
      254,25/03/2019,17:37,B,172.168.1.8
      287,25/03/2019,17:37,B,172.168.1.8
      258,25/03/2019,17:37,B,172.168.1.8
      101,25/03/2019,17:48,B,172.168.1.8
       14,25/03/2019,17:51,B,172.168.1.8
       27,25/03/2019,17:54,B,172.168.1.8
        9,25/03/2019,17:54,B,172.168.1.8
       19,25/03/2019,17:55,B,172.168.1.8
       10,25/03/2019,17:55,B,172.168.1.8
      255,25/03/2019,18:01,B,172.168.1.8
      312,25/03/2019,18:01,B,172.168.1.8
       12,25/03/2019,18:01,B,172.168.1.8
       24,25/03/2019,18:02,B,172.168.1.8
        2,25/03/2019,18:02,B,172.168.1.8
       18,25/03/2019,18:04,B,172.168.1.8
      290,25/03/2019,18:04,B,172.168.1.8
       17,25/03/2019,18:06,B,172.168.1.8
       26,25/03/2019,18:08,B,172.168.1.8
      116,25/03/2019,18:09,B,172.168.1.8
       11,25/03/2019,18:09,B,172.168.1.8
      123,25/03/2019,18:11,B,172.168.1.8
       30,25/03/2019,18:17,B,172.168.1.8
      310,25/03/2019,18:22,B,172.168.1.8
      283,25/03/2019,18:22,B,172.168.1.8
      112,25/03/2019,18:23,B,172.168.1.8
      260,25/03/2019,18:30,B,172.168.1.8
      262,25/03/2019,18:30,B,172.168.1.8
      121,26/03/2019,06:45,B,172.168.1.8
      126,26/03/2019,07:22,B,172.168.1.8
      273,26/03/2019,07:44,B,172.168.1.8
      287,26/03/2019,07:48,B,172.168.1.8
      215,26/03/2019,08:02,B,172.168.1.8
       54,26/03/2019,08:03,B,172.168.1.8
       42,26/03/2019,08:06,B,172.168.1.8
      260,26/03/2019,08:10,B,172.168.1.8
      260,26/03/2019,08:10,B,172.168.1.8
      296,26/03/2019,08:30,B,172.168.1.8
      255,26/03/2019,08:31,B,172.168.1.8
      203,26/03/2019,08:37,B,172.168.1.8
      112,26/03/2019,08:37,B,172.168.1.8
      208,26/03/2019,08:46,B,172.168.1.8
      115,26/03/2019,08:48,B,172.168.1.8
       23,26/03/2019,08:53,B,172.168.1.8
      120,26/03/2019,08:55,B,172.168.1.8
      216,26/03/2019,08:56,B,172.168.1.8
      207,26/03/2019,08:56,B,172.168.1.8
      207,26/03/2019,08:56,B,172.168.1.8
      212,26/03/2019,08:56,B,172.168.1.8
      205,26/03/2019,08:58,B,172.168.1.8
       36,26/03/2019,08:59,B,172.168.1.8
      268,26/03/2019,09:03,B,172.168.1.8
      280,26/03/2019,09:03,B,172.168.1.8
       72,26/03/2019,09:04,B,172.168.1.8
       11,26/03/2019,09:09,B,172.168.1.8
      309,26/03/2019,09:10,B,172.168.1.8
      303,26/03/2019,09:11,B,172.168.1.8
      312,26/03/2019,09:14,B,172.168.1.8
      122,26/03/2019,09:19,B,172.168.1.8
       21,26/03/2019,09:19,B,172.168.1.8
      118,26/03/2019,09:20,B,172.168.1.8
       16,26/03/2019,09:23,B,172.168.1.8
       18,26/03/2019,09:23,B,172.168.1.8
       25,26/03/2019,09:23,B,172.168.1.8
      283,26/03/2019,09:26,B,172.168.1.8
       32,26/03/2019,09:28,B,172.168.1.8
        5,26/03/2019,09:29,B,172.168.1.8
       12,26/03/2019,09:30,B,172.168.1.8
       10,26/03/2019,09:32,B,172.168.1.8
      213,26/03/2019,09:33,B,172.168.1.8
      204,26/03/2019,09:33,B,172.168.1.8
      211,26/03/2019,09:35,B,172.168.1.8
      123,26/03/2019,09:35,B,172.168.1.8
       22,26/03/2019,09:36,B,172.168.1.8
       20,26/03/2019,09:37,B,172.168.1.8
       28,26/03/2019,09:39,B,172.168.1.8
       29,26/03/2019,09:41,B,172.168.1.8
       24,26/03/2019,09:42,B,172.168.1.8
       17,26/03/2019,09:46,B,172.168.1.8
      128,26/03/2019,09:47,B,172.168.1.8
      209,26/03/2019,09:47,B,172.168.1.8
      214,26/03/2019,09:47,B,172.168.1.8
      127,26/03/2019,09:49,B,172.168.1.8
       30,26/03/2019,09:50,B,172.168.1.8
       30,26/03/2019,09:50,B,172.168.1.8
       14,26/03/2019,09:51,B,172.168.1.8
       26,26/03/2019,09:54,B,172.168.1.8
        8,26/03/2019,09:55,B,172.168.1.8
      109,26/03/2019,09:57,B,172.168.1.8
      114,26/03/2019,09:58,B,172.168.1.8
      297,26/03/2019,09:59,B,172.168.1.8
      256,26/03/2019,10:01,B,172.168.1.8
      289,26/03/2019,10:02,B,172.168.1.8
       27,26/03/2019,10:03,B,172.168.1.8
      290,26/03/2019,10:03,B,172.168.1.8
      206,26/03/2019,10:05,B,172.168.1.8
      116,26/03/2019,10:08,B,172.168.1.8
        2,26/03/2019,10:09,B,172.168.1.8
      131,26/03/2019,10:09,B,172.168.1.8
      295,26/03/2019,10:18,B,172.168.1.8
       19,26/03/2019,10:18,B,172.168.1.8
       42,26/03/2019,10:21,B,172.168.1.8
       54,26/03/2019,10:21,B,172.168.1.8
      201,26/03/2019,10:22,B,172.168.1.8
      101,26/03/2019,10:23,B,172.168.1.8
       35,26/03/2019,10:40,B,172.168.1.8
        9,26/03/2019,10:41,B,172.168.1.8
      261,26/03/2019,10:43,B,172.168.1.8
      291,26/03/2019,10:50,B,172.168.1.8
      210,26/03/2019,10:53,B,172.168.1.8
      251,26/03/2019,11:09,B,172.168.1.8
      305,26/03/2019,11:33,B,172.168.1.8
      258,26/03/2019,12:40,B,172.168.1.8
      309,26/03/2019,12:55,B,172.168.1.8
      215,26/03/2019,13:23,B,172.168.1.8
      213,26/03/2019,13:23,B,172.168.1.8
      203,26/03/2019,13:37,B,172.168.1.8
      208,26/03/2019,13:49,B,172.168.1.8
      304,26/03/2019,13:54,B,172.168.1.8
      205,26/03/2019,13:59,B,172.168.1.8
      212,26/03/2019,14:00,B,172.168.1.8
      216,26/03/2019,14:00,B,172.168.1.8
      207,26/03/2019,14:00,B,172.168.1.8
      211,26/03/2019,14:37,B,172.168.1.8
      201,26/03/2019,14:41,B,172.168.1.8
      204,26/03/2019,14:53,B,172.168.1.8
      209,26/03/2019,14:54,B,172.168.1.8
      209,26/03/2019,14:54,B,172.168.1.8
      206,26/03/2019,14:55,B,172.168.1.8
      214,26/03/2019,14:59,B,172.168.1.8
      121,26/03/2019,15:11,B,172.168.1.8
      303,26/03/2019,15:12,B,172.168.1.8
      305,26/03/2019,15:18,B,172.168.1.8
      126,26/03/2019,15:30,B,172.168.1.8
      210,26/03/2019,15:54,B,172.168.1.8
      255,26/03/2019,15:57,B,172.168.1.8
       35,26/03/2019,16:04,B,172.168.1.8
       36,26/03/2019,16:05,B,172.168.1.8
       72,26/03/2019,16:07,B,172.168.1.8
      123,26/03/2019,16:42,B,172.168.1.8
        5,26/03/2019,16:45,B,172.168.1.8
      122,26/03/2019,16:48,B,172.168.1.8
      120,26/03/2019,16:48,B,172.168.1.8
      256,26/03/2019,16:48,B,172.168.1.8
       21,26/03/2019,16:56,B,172.168.1.8
      312,26/03/2019,16:59,B,172.168.1.8
      291,26/03/2019,17:01,B,172.168.1.8
       25,26/03/2019,17:03,B,172.168.1.8
      128,26/03/2019,17:04,B,172.168.1.8
      109,26/03/2019,17:08,B,172.168.1.8
       23,26/03/2019,17:09,B,172.168.1.8
      127,26/03/2019,17:13,B,172.168.1.8
      131,26/03/2019,17:15,B,172.168.1.8
      297,26/03/2019,17:16,B,172.168.1.8
      289,26/03/2019,17:18,B,172.168.1.8
      261,26/03/2019,17:19,B,172.168.1.8
      260,26/03/2019,17:19,B,172.168.1.8
      260,26/03/2019,17:19,B,172.168.1.8
       28,26/03/2019,17:20,B,172.168.1.8
       20,26/03/2019,17:20,B,172.168.1.8
      118,26/03/2019,17:22,B,172.168.1.8
       16,26/03/2019,17:22,B,172.168.1.8
      273,26/03/2019,17:26,B,172.168.1.8
       29,26/03/2019,17:27,B,172.168.1.8
       18,26/03/2019,17:30,B,172.168.1.8
      295,26/03/2019,17:32,B,172.168.1.8
      296,26/03/2019,17:33,B,172.168.1.8
      114,26/03/2019,17:34,B,172.168.1.8
      268,26/03/2019,17:37,B,172.168.1.8
      280,26/03/2019,17:39,B,172.168.1.8
       27,26/03/2019,17:39,B,172.168.1.8
      268,26/03/2019,17:39,B,172.168.1.8
       14,26/03/2019,17:40,B,172.168.1.8
       19,26/03/2019,17:42,B,172.168.1.8
      290,26/03/2019,17:44,B,172.168.1.8
       30,26/03/2019,17:44,B,172.168.1.8
        9,26/03/2019,17:46,B,172.168.1.8
       10,26/03/2019,17:49,B,172.168.1.8
      251,26/03/2019,17:52,B,172.168.1.8
      115,26/03/2019,17:52,B,172.168.1.8
       17,26/03/2019,17:55,B,172.168.1.8
      115,26/03/2019,17:57,B,172.168.1.8
      116,26/03/2019,17:57,B,172.168.1.8
      251,26/03/2019,17:57,B,172.168.1.8
        2,26/03/2019,18:00,B,172.168.1.8
       12,26/03/2019,18:01,B,172.168.1.8
        8,26/03/2019,18:01,B,172.168.1.8
       11,26/03/2019,18:02,B,172.168.1.8
       11,26/03/2019,18:02,B,172.168.1.8
      101,26/03/2019,18:03,B,172.168.1.8
       26,26/03/2019,18:04,B,172.168.1.8
       22,26/03/2019,18:04,B,172.168.1.8
       24,26/03/2019,18:09,B,172.168.1.8
      287,26/03/2019,18:14,B,172.168.1.8
      287,26/03/2019,18:14,B,172.168.1.8
      287,26/03/2019,18:15,B,172.168.1.8
      287,26/03/2019,18:15,B,172.168.1.8
      258,26/03/2019,18:16,B,172.168.1.8
      287,26/03/2019,18:16,B,172.168.1.8
      283,26/03/2019,18:16,B,172.168.1.8
      112,26/03/2019,18:16,B,172.168.1.8
      121,27/03/2019,06:44,B,172.168.1.8
      126,27/03/2019,07:19,B,172.168.1.8
      287,27/03/2019,07:33,B,172.168.1.8
      273,27/03/2019,07:40,B,172.168.1.8
      125,27/03/2019,07:54,B,172.168.1.8
      215,27/03/2019,07:58,B,172.168.1.8
      260,27/03/2019,08:15,B,172.168.1.8
      260,27/03/2019,08:15,B,172.168.1.8
      296,27/03/2019,08:25,B,172.168.1.8
       11,27/03/2019,08:42,B,172.168.1.8
      216,27/03/2019,08:43,B,172.168.1.8
      207,27/03/2019,08:43,B,172.168.1.8
      212,27/03/2019,08:43,B,172.168.1.8
      208,27/03/2019,08:48,B,172.168.1.8
      115,27/03/2019,08:49,B,172.168.1.8
       23,27/03/2019,08:53,B,172.168.1.8
      205,27/03/2019,08:55,B,172.168.1.8
      205,27/03/2019,08:55,B,172.168.1.8
      120,27/03/2019,08:57,B,172.168.1.8
      312,27/03/2019,08:59,B,172.168.1.8
      283,27/03/2019,09:01,B,172.168.1.8
       72,27/03/2019,09:02,B,172.168.1.8
      255,27/03/2019,09:08,B,172.168.1.8
      280,27/03/2019,09:08,B,172.168.1.8
      268,27/03/2019,09:08,B,172.168.1.8
      119,27/03/2019,09:09,B,172.168.1.8
       26,27/03/2019,09:09,B,172.168.1.8
       21,27/03/2019,09:09,B,172.168.1.8
      214,27/03/2019,09:09,B,172.168.1.8
       25,27/03/2019,09:09,B,172.168.1.8
       36,27/03/2019,09:10,B,172.168.1.8
      122,27/03/2019,09:14,B,172.168.1.8
      204,27/03/2019,09:20,B,172.168.1.8
      213,27/03/2019,09:23,B,172.168.1.8
       12,27/03/2019,09:23,B,172.168.1.8
       14,27/03/2019,09:23,B,172.168.1.8
       18,27/03/2019,09:27,B,172.168.1.8
       18,27/03/2019,09:27,B,172.168.1.8
      211,27/03/2019,09:28,B,172.168.1.8
      118,27/03/2019,09:28,B,172.168.1.8
      203,27/03/2019,09:33,B,172.168.1.8
       22,27/03/2019,09:35,B,172.168.1.8
      117,27/03/2019,09:36,B,172.168.1.8
       20,27/03/2019,09:38,B,172.168.1.8
       28,27/03/2019,09:39,B,172.168.1.8
      201,27/03/2019,09:40,B,172.168.1.8
      303,27/03/2019,09:43,B,172.168.1.8
      202,27/03/2019,09:43,B,172.168.1.8
      206,27/03/2019,09:46,B,172.168.1.8
      131,27/03/2019,09:47,B,172.168.1.8
      128,27/03/2019,09:49,B,172.168.1.8
      123,27/03/2019,09:50,B,172.168.1.8
      290,27/03/2019,09:53,B,172.168.1.8
        5,27/03/2019,09:54,B,172.168.1.8
       10,27/03/2019,09:54,B,172.168.1.8
       29,27/03/2019,09:57,B,172.168.1.8
      297,27/03/2019,09:57,B,172.168.1.8
      112,27/03/2019,09:59,B,172.168.1.8
       30,27/03/2019,10:00,B,172.168.1.8
       27,27/03/2019,10:00,B,172.168.1.8
      109,27/03/2019,10:00,B,172.168.1.8
      289,27/03/2019,10:00,B,172.168.1.8
       30,27/03/2019,10:01,B,172.168.1.8
      309,27/03/2019,10:03,B,172.168.1.8
      114,27/03/2019,10:04,B,172.168.1.8
      116,27/03/2019,10:06,B,172.168.1.8
      295,27/03/2019,10:07,B,172.168.1.8
      271,27/03/2019,10:07,B,172.168.1.8
       17,27/03/2019,10:08,B,172.168.1.8
       32,27/03/2019,10:10,B,172.168.1.8
      251,27/03/2019,10:16,B,172.168.1.8
       35,27/03/2019,10:17,B,172.168.1.8
      127,27/03/2019,10:17,B,172.168.1.8
       19,27/03/2019,10:17,B,172.168.1.8
       24,27/03/2019,10:18,B,172.168.1.8
        9,27/03/2019,10:23,B,172.168.1.8
      261,27/03/2019,10:24,B,172.168.1.8
      101,27/03/2019,10:33,B,172.168.1.8
      254,27/03/2019,10:41,B,172.168.1.8
        8,27/03/2019,10:43,B,172.168.1.8
       16,27/03/2019,10:48,B,172.168.1.8
       16,27/03/2019,10:48,B,172.168.1.8
      210,27/03/2019,10:51,B,172.168.1.8
      291,27/03/2019,11:13,B,172.168.1.8
        2,27/03/2019,11:36,B,172.168.1.8
        2,27/03/2019,11:37,B,172.168.1.8
      258,27/03/2019,12:17,B,172.168.1.8
      215,27/03/2019,12:23,B,172.168.1.8
      202,27/03/2019,12:59,B,172.168.1.8
      271,27/03/2019,13:00,B,172.168.1.8
       65,27/03/2019,13:01,B,172.168.1.8
      203,27/03/2019,13:11,B,172.168.1.8
      213,27/03/2019,13:33,B,172.168.1.8
      309,27/03/2019,13:33,B,172.168.1.8
      210,27/03/2019,13:37,B,172.168.1.8
      208,27/03/2019,13:43,B,172.168.1.8
      216,27/03/2019,13:44,B,172.168.1.8
      212,27/03/2019,13:44,B,172.168.1.8
      207,27/03/2019,13:44,B,172.168.1.8
      205,27/03/2019,13:56,B,172.168.1.8
      205,27/03/2019,13:56,B,172.168.1.8
      204,27/03/2019,14:05,B,172.168.1.8
      122,27/03/2019,14:12,B,172.168.1.8
      128,27/03/2019,14:17,B,172.168.1.8
      211,27/03/2019,14:30,B,172.168.1.8
      214,27/03/2019,14:38,B,172.168.1.8
      201,27/03/2019,14:42,B,172.168.1.8
      206,27/03/2019,14:43,B,172.168.1.8
      303,27/03/2019,15:00,B,172.168.1.8
      121,27/03/2019,15:14,B,172.168.1.8
       72,27/03/2019,15:14,B,172.168.1.8
      126,27/03/2019,15:52,B,172.168.1.8
      125,27/03/2019,15:58,B,172.168.1.8
      109,27/03/2019,15:59,B,172.168.1.8
       36,27/03/2019,16:07,B,172.168.1.8
       35,27/03/2019,16:24,B,172.168.1.8
      119,27/03/2019,16:45,B,172.168.1.8
      258,27/03/2019,16:45,B,172.168.1.8
       25,27/03/2019,17:00,B,172.168.1.8
      291,27/03/2019,17:05,B,172.168.1.8
       21,27/03/2019,17:10,B,172.168.1.8
      273,27/03/2019,17:10,B,172.168.1.8
      312,27/03/2019,17:12,B,172.168.1.8
       65,27/03/2019,17:13,B,172.168.1.8
        5,27/03/2019,17:14,B,172.168.1.8
       23,27/03/2019,17:19,B,172.168.1.8
      118,27/03/2019,17:20,B,172.168.1.8
       20,27/03/2019,17:21,B,172.168.1.8
       28,27/03/2019,17:21,B,172.168.1.8
      297,27/03/2019,17:23,B,172.168.1.8
       14,27/03/2019,17:23,B,172.168.1.8
      289,27/03/2019,17:24,B,172.168.1.8
      261,27/03/2019,17:25,B,172.168.1.8
      120,27/03/2019,17:26,B,172.168.1.8
       32,27/03/2019,17:27,B,172.168.1.8
      254,27/03/2019,17:30,B,172.168.1.8
      295,27/03/2019,17:30,B,172.168.1.8
      114,27/03/2019,17:40,B,172.168.1.8
      127,27/03/2019,17:46,B,172.168.1.8
      268,27/03/2019,17:50,B,172.168.1.8
      280,27/03/2019,17:51,B,172.168.1.8
      290,27/03/2019,17:52,B,172.168.1.8
      290,27/03/2019,17:52,B,172.168.1.8
      296,27/03/2019,17:52,B,172.168.1.8
       27,27/03/2019,17:53,B,172.168.1.8
       26,27/03/2019,17:53,B,172.168.1.8
      120,27/03/2019,17:54,B,172.168.1.8
       18,27/03/2019,17:55,B,172.168.1.8
       16,27/03/2019,17:55,B,172.168.1.8
       29,27/03/2019,17:57,B,172.168.1.8
       11,27/03/2019,17:57,B,172.168.1.8
       10,27/03/2019,17:57,B,172.168.1.8
        9,27/03/2019,17:59,B,172.168.1.8
       19,27/03/2019,18:00,B,172.168.1.8
        2,27/03/2019,18:02,B,172.168.1.8
       12,27/03/2019,18:04,B,172.168.1.8
       24,27/03/2019,18:05,B,172.168.1.8
       17,27/03/2019,18:05,B,172.168.1.8
       30,27/03/2019,18:05,B,172.168.1.8
       22,27/03/2019,18:07,B,172.168.1.8
      116,27/03/2019,18:08,B,172.168.1.8
        8,27/03/2019,18:08,B,172.168.1.8
      117,27/03/2019,18:11,B,172.168.1.8
      116,27/03/2019,18:11,B,172.168.1.8
      283,27/03/2019,18:11,B,172.168.1.8
      131,27/03/2019,18:14,B,172.168.1.8
      112,27/03/2019,18:16,B,172.168.1.8
      255,27/03/2019,18:42,B,172.168.1.8
      101,27/03/2019,19:03,B,172.168.1.8
      115,27/03/2019,19:03,B,172.168.1.8
      251,27/03/2019,19:03,B,172.168.1.8
      287,27/03/2019,19:04,B,172.168.1.8
      287,27/03/2019,19:08,B,172.168.1.8
      260,27/03/2019,19:10,B,172.168.1.8
      287,27/03/2019,19:10,B,172.168.1.8
      121,28/03/2019,06:45,B,172.168.1.8
      273,28/03/2019,07:19,B,172.168.1.8
      126,28/03/2019,07:32,B,172.168.1.8
      125,28/03/2019,07:53,B,172.168.1.8
       18,28/03/2019,08:03,B,172.168.1.8
       54,28/03/2019,08:10,B,172.168.1.8
       42,28/03/2019,08:10,B,172.168.1.8
      260,28/03/2019,08:13,B,172.168.1.8
      260,28/03/2019,08:13,B,172.168.1.8
      112,28/03/2019,08:42,B,172.168.1.8
      211,28/03/2019,08:45,B,172.168.1.8
      296,28/03/2019,08:46,B,172.168.1.8
      208,28/03/2019,08:48,B,172.168.1.8
      115,28/03/2019,08:49,B,172.168.1.8
      287,28/03/2019,08:51,B,172.168.1.8
       36,28/03/2019,08:56,B,172.168.1.8
      216,28/03/2019,08:58,B,172.168.1.8
      212,28/03/2019,08:58,B,172.168.1.8
      214,28/03/2019,08:58,B,172.168.1.8
      207,28/03/2019,08:58,B,172.168.1.8
       23,28/03/2019,08:59,B,172.168.1.8
      120,28/03/2019,09:00,B,172.168.1.8
       16,28/03/2019,09:01,B,172.168.1.8
      283,28/03/2019,09:02,B,172.168.1.8
      202,28/03/2019,09:02,B,172.168.1.8
      202,28/03/2019,09:02,B,172.168.1.8
      119,28/03/2019,09:06,B,172.168.1.8
      303,28/03/2019,09:08,B,172.168.1.8
      303,28/03/2019,09:08,B,172.168.1.8
      268,28/03/2019,09:09,B,172.168.1.8
      309,28/03/2019,09:11,B,172.168.1.8
      209,28/03/2019,09:17,B,172.168.1.8
       72,28/03/2019,09:20,B,172.168.1.8
       25,28/03/2019,09:23,B,172.168.1.8
       14,28/03/2019,09:24,B,172.168.1.8
       11,28/03/2019,09:28,B,172.168.1.8
      255,28/03/2019,09:29,B,172.168.1.8
       12,28/03/2019,09:30,B,172.168.1.8
       20,28/03/2019,09:31,B,172.168.1.8
      122,28/03/2019,09:31,B,172.168.1.8
      203,28/03/2019,09:32,B,172.168.1.8
       21,28/03/2019,09:46,B,172.168.1.8
       28,28/03/2019,09:48,B,172.168.1.8
      127,28/03/2019,09:48,B,172.168.1.8
      201,28/03/2019,09:50,B,172.168.1.8
       26,28/03/2019,09:51,B,172.168.1.8
       22,28/03/2019,09:51,B,172.168.1.8
       24,28/03/2019,09:53,B,172.168.1.8
      109,28/03/2019,09:55,B,172.168.1.8
      128,28/03/2019,09:56,B,172.168.1.8
      297,28/03/2019,09:57,B,172.168.1.8
      258,28/03/2019,09:58,B,172.168.1.8
      131,28/03/2019,09:58,B,172.168.1.8
      290,28/03/2019,09:58,B,172.168.1.8
      289,28/03/2019,09:59,B,172.168.1.8
      204,28/03/2019,09:59,B,172.168.1.8
      213,28/03/2019,09:59,B,172.168.1.8
      117,28/03/2019,09:59,B,172.168.1.8
      310,28/03/2019,10:00,B,172.168.1.8
      295,28/03/2019,10:00,B,172.168.1.8
      312,28/03/2019,10:03,B,172.168.1.8
       10,28/03/2019,10:04,B,172.168.1.8
      256,28/03/2019,10:05,B,172.168.1.8
      118,28/03/2019,10:06,B,172.168.1.8
      271,28/03/2019,10:09,B,172.168.1.8
       54,28/03/2019,10:10,B,172.168.1.8
       42,28/03/2019,10:11,B,172.168.1.8
       35,28/03/2019,10:15,B,172.168.1.8
      116,28/03/2019,10:15,B,172.168.1.8
       19,28/03/2019,10:17,B,172.168.1.8
      101,28/03/2019,10:17,B,172.168.1.8
       29,28/03/2019,10:21,B,172.168.1.8
        5,28/03/2019,10:25,B,172.168.1.8
      261,28/03/2019,10:25,B,172.168.1.8
        2,28/03/2019,10:25,B,172.168.1.8
       17,28/03/2019,10:26,B,172.168.1.8
        9,28/03/2019,10:27,B,172.168.1.8
      114,28/03/2019,10:29,B,172.168.1.8
      291,28/03/2019,10:32,B,172.168.1.8
      123,28/03/2019,10:34,B,172.168.1.8
        1,28/03/2019,10:34,B,172.168.1.8
      254,28/03/2019,10:38,B,172.168.1.8
       27,28/03/2019,10:42,B,172.168.1.8
      251,28/03/2019,10:42,B,172.168.1.8
      129,28/03/2019,10:45,B,172.168.1.8
       30,28/03/2019,10:50,B,172.168.1.8
      206,28/03/2019,10:50,B,172.168.1.8
        8,28/03/2019,11:00,B,172.168.1.8
      305,28/03/2019,11:51,B,172.168.1.8
       65,28/03/2019,11:56,B,172.168.1.8
      205,28/03/2019,12:20,B,172.168.1.8
      287,28/03/2019,13:02,B,172.168.1.8
      214,28/03/2019,13:14,B,172.168.1.8
      304,28/03/2019,13:28,B,172.168.1.8
      207,28/03/2019,13:43,B,172.168.1.8
      216,28/03/2019,13:43,B,172.168.1.8
      208,28/03/2019,13:43,B,172.168.1.8
      206,28/03/2019,13:43,B,172.168.1.8
      212,28/03/2019,13:44,B,172.168.1.8
      211,28/03/2019,13:48,B,172.168.1.8
      122,28/03/2019,14:18,B,172.168.1.8
      209,28/03/2019,14:21,B,172.168.1.8
      204,28/03/2019,14:21,B,172.168.1.8
      213,28/03/2019,14:21,B,172.168.1.8
      202,28/03/2019,14:31,B,172.168.1.8
      203,28/03/2019,14:36,B,172.168.1.8
      201,28/03/2019,14:37,B,172.168.1.8
      131,28/03/2019,15:02,B,172.168.1.8
      258,28/03/2019,15:02,B,172.168.1.8
      121,28/03/2019,15:16,B,172.168.1.8
      305,28/03/2019,15:27,B,172.168.1.8
      260,28/03/2019,15:29,B,172.168.1.8
      126,28/03/2019,15:37,B,172.168.1.8
      125,28/03/2019,15:42,B,172.168.1.8
      125,28/03/2019,15:47,B,172.168.1.8
      205,28/03/2019,15:56,B,172.168.1.8
      205,28/03/2019,15:56,B,172.168.1.8
       36,28/03/2019,15:57,B,172.168.1.8
       72,28/03/2019,16:00,B,172.168.1.8
      303,28/03/2019,16:12,B,172.168.1.8
      309,28/03/2019,16:12,B,172.168.1.8
       16,28/03/2019,16:54,B,172.168.1.8
       21,28/03/2019,16:55,B,172.168.1.8
      291,28/03/2019,17:00,B,172.168.1.8
       25,28/03/2019,17:06,B,172.168.1.8
        5,28/03/2019,17:11,B,172.168.1.8
      109,28/03/2019,17:12,B,172.168.1.8
       35,28/03/2019,17:15,B,172.168.1.8
      297,28/03/2019,17:16,B,172.168.1.8
      127,28/03/2019,17:18,B,172.168.1.8
       19,28/03/2019,17:18,B,172.168.1.8
      123,28/03/2019,17:23,B,172.168.1.8
      289,28/03/2019,17:24,B,172.168.1.8
      120,28/03/2019,17:24,B,172.168.1.8
      261,28/03/2019,17:25,B,172.168.1.8
      268,28/03/2019,17:25,B,172.168.1.8
      271,28/03/2019,17:25,B,172.168.1.8
      128,28/03/2019,17:25,B,172.168.1.8
       23,28/03/2019,17:26,B,172.168.1.8
       20,28/03/2019,17:26,B,172.168.1.8
      273,28/03/2019,17:26,B,172.168.1.8
      254,28/03/2019,17:27,B,172.168.1.8
      118,28/03/2019,17:28,B,172.168.1.8
       28,28/03/2019,17:28,B,172.168.1.8
      116,28/03/2019,17:29,B,172.168.1.8
      295,28/03/2019,17:44,B,172.168.1.8
      114,28/03/2019,17:49,B,172.168.1.8
       29,28/03/2019,17:50,B,172.168.1.8
       17,28/03/2019,17:55,B,172.168.1.8
       32,28/03/2019,17:56,B,172.168.1.8
        9,28/03/2019,17:56,B,172.168.1.8
       11,28/03/2019,17:57,B,172.168.1.8
      312,28/03/2019,17:57,B,172.168.1.8
       18,28/03/2019,17:57,B,172.168.1.8
      290,28/03/2019,17:58,B,172.168.1.8
       27,28/03/2019,17:58,B,172.168.1.8
       14,28/03/2019,17:58,B,172.168.1.8
       22,28/03/2019,17:59,B,172.168.1.8
      296,28/03/2019,18:00,B,172.168.1.8
        2,28/03/2019,18:00,B,172.168.1.8
        8,28/03/2019,18:01,B,172.168.1.8
       26,28/03/2019,18:01,B,172.168.1.8
       24,28/03/2019,18:01,B,172.168.1.8
       65,28/03/2019,18:02,B,172.168.1.8
       10,28/03/2019,18:03,B,172.168.1.8
       30,28/03/2019,18:05,B,172.168.1.8
       12,28/03/2019,18:07,B,172.168.1.8
      117,28/03/2019,18:14,B,172.168.1.8
      283,28/03/2019,18:15,B,172.168.1.8
      117,28/03/2019,18:15,B,172.168.1.8
        1,28/03/2019,18:18,B,172.168.1.8
      256,28/03/2019,18:22,B,172.168.1.8
      129,28/03/2019,18:23,B,172.168.1.8
      112,28/03/2019,18:30,B,172.168.1.8
      112,28/03/2019,18:32,B,172.168.1.8
      255,28/03/2019,18:45,B,172.168.1.8
      310,28/03/2019,18:47,B,172.168.1.8
      112,28/03/2019,18:47,B,172.168.1.8
      310,28/03/2019,18:48,B,172.168.1.8
      101,28/03/2019,19:30,B,172.168.1.8
      115,28/03/2019,19:30,B,172.168.1.8
      251,28/03/2019,19:30,B,172.168.1.8
      121,29/03/2019,06:42,B,172.168.1.8
      273,29/03/2019,07:22,B,172.168.1.8
      205,29/03/2019,07:48,B,172.168.1.8
      125,29/03/2019,07:50,B,172.168.1.8
      255,29/03/2019,07:54,B,172.168.1.8
      118,29/03/2019,07:56,B,172.168.1.8
      296,29/03/2019,08:17,B,172.168.1.8
      215,29/03/2019,08:18,B,172.168.1.8
      260,29/03/2019,08:21,B,172.168.1.8
      287,29/03/2019,08:50,B,172.168.1.8
      115,29/03/2019,08:51,B,172.168.1.8
      208,29/03/2019,08:52,B,172.168.1.8
      216,29/03/2019,08:56,B,172.168.1.8
      207,29/03/2019,08:56,B,172.168.1.8
      120,29/03/2019,08:56,B,172.168.1.8
      201,29/03/2019,08:58,B,172.168.1.8
      214,29/03/2019,09:00,B,172.168.1.8
       23,29/03/2019,09:03,B,172.168.1.8
      122,29/03/2019,09:06,B,172.168.1.8
      118,29/03/2019,09:09,B,172.168.1.8
       36,29/03/2019,09:10,B,172.168.1.8
       25,29/03/2019,09:10,B,172.168.1.8
      283,29/03/2019,09:15,B,172.168.1.8
       16,29/03/2019,09:19,B,172.168.1.8
      203,29/03/2019,09:20,B,172.168.1.8
      204,29/03/2019,09:22,B,172.168.1.8
       12,29/03/2019,09:23,B,172.168.1.8
      211,29/03/2019,09:24,B,172.168.1.8
      280,29/03/2019,09:25,B,172.168.1.8
      268,29/03/2019,09:25,B,172.168.1.8
       14,29/03/2019,09:30,B,172.168.1.8
       11,29/03/2019,09:34,B,172.168.1.8
      303,29/03/2019,09:37,B,172.168.1.8
      213,29/03/2019,09:38,B,172.168.1.8
       22,29/03/2019,09:38,B,172.168.1.8
       20,29/03/2019,09:40,B,172.168.1.8
       72,29/03/2019,09:41,B,172.168.1.8
       21,29/03/2019,09:41,B,172.168.1.8
      206,29/03/2019,09:44,B,172.168.1.8
      112,29/03/2019,09:45,B,172.168.1.8
      202,29/03/2019,09:45,B,172.168.1.8
      127,29/03/2019,09:47,B,172.168.1.8
       28,29/03/2019,09:48,B,172.168.1.8
       26,29/03/2019,09:48,B,172.168.1.8
      128,29/03/2019,09:51,B,172.168.1.8
       10,29/03/2019,09:51,B,172.168.1.8
        5,29/03/2019,09:51,B,172.168.1.8
        5,29/03/2019,09:52,B,172.168.1.8
      114,29/03/2019,09:54,B,172.168.1.8
       24,29/03/2019,09:59,B,172.168.1.8
       17,29/03/2019,09:59,B,172.168.1.8
      289,29/03/2019,10:00,B,172.168.1.8
      131,29/03/2019,10:00,B,172.168.1.8
      256,29/03/2019,10:00,B,172.168.1.8
       42,29/03/2019,10:01,B,172.168.1.8
      297,29/03/2019,10:02,B,172.168.1.8
       27,29/03/2019,10:03,B,172.168.1.8
        1,29/03/2019,10:06,B,172.168.1.8
      101,29/03/2019,10:07,B,172.168.1.8
      312,29/03/2019,10:08,B,172.168.1.8
        8,29/03/2019,10:10,B,172.168.1.8
      310,29/03/2019,10:10,B,172.168.1.8
       18,29/03/2019,10:13,B,172.168.1.8
      123,29/03/2019,10:14,B,172.168.1.8
      271,29/03/2019,10:17,B,172.168.1.8
      295,29/03/2019,10:21,B,172.168.1.8
       30,29/03/2019,10:22,B,172.168.1.8
      117,29/03/2019,10:22,B,172.168.1.8
      116,29/03/2019,10:24,B,172.168.1.8
      251,29/03/2019,10:27,B,172.168.1.8
      261,29/03/2019,10:30,B,172.168.1.8
       35,29/03/2019,10:35,B,172.168.1.8
       35,29/03/2019,10:35,B,172.168.1.8
      129,29/03/2019,10:36,B,172.168.1.8
      254,29/03/2019,10:39,B,172.168.1.8
      291,29/03/2019,10:46,B,172.168.1.8
       19,29/03/2019,11:02,B,172.168.1.8
        9,29/03/2019,11:09,B,172.168.1.8
      118,29/03/2019,11:25,B,172.168.1.8
      305,29/03/2019,11:34,B,172.168.1.8
      309,29/03/2019,11:46,B,172.168.1.8
      258,29/03/2019,12:17,B,172.168.1.8
      205,29/03/2019,13:10,B,172.168.1.8
      215,29/03/2019,13:11,B,172.168.1.8
      205,29/03/2019,13:11,B,172.168.1.8
      290,29/03/2019,13:16,B,172.168.1.8
      213,29/03/2019,13:34,B,172.168.1.8
      304,29/03/2019,13:37,B,172.168.1.8
      208,29/03/2019,13:38,B,172.168.1.8
      212,29/03/2019,13:38,B,172.168.1.8
      216,29/03/2019,13:38,B,172.168.1.8
      201,29/03/2019,13:42,B,172.168.1.8
      203,29/03/2019,13:42,B,172.168.1.8
      204,29/03/2019,13:54,B,172.168.1.8
      214,29/03/2019,14:01,B,172.168.1.8
      207,29/03/2019,14:02,B,172.168.1.8
      211,29/03/2019,14:27,B,172.168.1.8
      202,29/03/2019,14:29,B,172.168.1.8
      131,29/03/2019,14:46,B,172.168.1.8
      206,29/03/2019,14:46,B,172.168.1.8
      309,29/03/2019,14:58,B,172.168.1.8
      121,29/03/2019,15:13,B,172.168.1.8
      303,29/03/2019,15:38,B,172.168.1.8
      305,29/03/2019,15:57,B,172.168.1.8
      125,29/03/2019,16:02,B,172.168.1.8
       36,29/03/2019,16:19,B,172.168.1.8
       21,29/03/2019,16:44,B,172.168.1.8
      258,29/03/2019,17:00,B,172.168.1.8
      122,29/03/2019,17:00,B,172.168.1.8
       35,29/03/2019,17:01,B,172.168.1.8
       20,29/03/2019,17:06,B,172.168.1.8
       16,29/03/2019,17:07,B,172.168.1.8
       25,29/03/2019,17:12,B,172.168.1.8
       27,29/03/2019,17:13,B,172.168.1.8
      291,29/03/2019,17:17,B,172.168.1.8
      295,29/03/2019,17:17,B,172.168.1.8
      297,29/03/2019,17:17,B,172.168.1.8
       23,29/03/2019,17:19,B,172.168.1.8
        5,29/03/2019,17:21,B,172.168.1.8
      289,29/03/2019,17:24,B,172.168.1.8
      127,29/03/2019,17:24,B,172.168.1.8
      261,29/03/2019,17:25,B,172.168.1.8
      120,29/03/2019,17:25,B,172.168.1.8
      271,29/03/2019,17:30,B,172.168.1.8
      254,29/03/2019,17:30,B,172.168.1.8
       19,29/03/2019,17:31,B,172.168.1.8
      273,29/03/2019,17:32,B,172.168.1.8
      118,29/03/2019,17:39,B,172.168.1.8
       28,29/03/2019,17:48,B,172.168.1.8
       22,29/03/2019,17:49,B,172.168.1.8
       10,29/03/2019,17:54,B,172.168.1.8
      116,29/03/2019,17:54,B,172.168.1.8
      260,29/03/2019,17:54,B,172.168.1.8
        9,29/03/2019,17:55,B,172.168.1.8
       14,29/03/2019,17:58,B,172.168.1.8
      123,29/03/2019,18:01,B,172.168.1.8
       17,29/03/2019,18:02,B,172.168.1.8
       30,29/03/2019,18:02,B,172.168.1.8
       11,29/03/2019,18:03,B,172.168.1.8
       32,29/03/2019,18:05,B,172.168.1.8
       12,29/03/2019,18:11,B,172.168.1.8
       18,29/03/2019,18:11,B,172.168.1.8
       26,29/03/2019,18:17,B,172.168.1.8
      117,29/03/2019,18:23,B,172.168.1.8
      283,29/03/2019,18:23,B,172.168.1.8
        8,29/03/2019,18:24,B,172.168.1.8
       24,29/03/2019,18:24,B,172.168.1.8
      312,29/03/2019,18:26,B,172.168.1.8
      114,29/03/2019,18:30,B,172.168.1.8
        1,29/03/2019,18:41,B,172.168.1.8
      101,29/03/2019,18:46,B,172.168.1.8
      115,29/03/2019,18:49,B,172.168.1.8
      251,29/03/2019,18:49,B,172.168.1.8
      256,29/03/2019,18:50,B,172.168.1.8
      268,29/03/2019,18:54,B,172.168.1.8
      310,29/03/2019,18:54,B,172.168.1.8
      129,29/03/2019,18:55,B,172.168.1.8
      280,29/03/2019,18:56,B,172.168.1.8
      290,29/03/2019,18:57,B,172.168.1.8
      296,29/03/2019,18:57,B,172.168.1.8
      112,29/03/2019,19:00,B,172.168.1.8
      287,29/03/2019,19:00,B,172.168.1.8
      255,29/03/2019,19:00,B,172.168.1.8
      121,30/03/2019,06:41,B,172.168.1.8
      273,30/03/2019,07:09,B,172.168.1.8
      126,30/03/2019,07:37,B,172.168.1.8
      125,30/03/2019,07:54,B,172.168.1.8
      255,30/03/2019,08:06,B,172.168.1.8
      296,30/03/2019,08:20,B,172.168.1.8
      260,30/03/2019,08:22,B,172.168.1.8
      260,30/03/2019,08:23,B,172.168.1.8
      216,30/03/2019,08:41,B,172.168.1.8
      207,30/03/2019,08:41,B,172.168.1.8
       32,30/03/2019,08:45,B,172.168.1.8
      115,30/03/2019,08:49,B,172.168.1.8
       72,30/03/2019,08:49,B,172.168.1.8
      214,30/03/2019,08:51,B,172.168.1.8
       16,30/03/2019,08:56,B,172.168.1.8
      208,30/03/2019,08:58,B,172.168.1.8
      120,30/03/2019,08:59,B,172.168.1.8
      114,30/03/2019,08:59,B,172.168.1.8
       65,30/03/2019,09:00,B,172.168.1.8
       12,30/03/2019,09:07,B,172.168.1.8
      212,30/03/2019,09:09,B,172.168.1.8
       25,30/03/2019,09:11,B,172.168.1.8
      287,30/03/2019,09:14,B,172.168.1.8
      280,30/03/2019,09:14,B,172.168.1.8
      268,30/03/2019,09:14,B,172.168.1.8
       22,30/03/2019,09:15,B,172.168.1.8
      122,30/03/2019,09:19,B,172.168.1.8
      215,30/03/2019,09:20,B,172.168.1.8
       23,30/03/2019,09:21,B,172.168.1.8
      201,30/03/2019,09:25,B,172.168.1.8
      204,30/03/2019,09:26,B,172.168.1.8
       11,30/03/2019,09:28,B,172.168.1.8
      118,30/03/2019,09:30,B,172.168.1.8
      283,30/03/2019,09:30,B,172.168.1.8
      206,30/03/2019,09:31,B,172.168.1.8
      213,30/03/2019,09:34,B,172.168.1.8
      312,30/03/2019,09:38,B,172.168.1.8
      202,30/03/2019,09:40,B,172.168.1.8
      209,30/03/2019,09:41,B,172.168.1.8
      209,30/03/2019,09:41,B,172.168.1.8
      256,30/03/2019,09:41,B,172.168.1.8
      203,30/03/2019,09:42,B,172.168.1.8
        2,30/03/2019,09:43,B,172.168.1.8
      205,30/03/2019,09:46,B,172.168.1.8
       35,30/03/2019,09:47,B,172.168.1.8
      116,30/03/2019,09:48,B,172.168.1.8
      112,30/03/2019,09:49,B,172.168.1.8
       14,30/03/2019,09:56,B,172.168.1.8
      127,30/03/2019,09:56,B,172.168.1.8
      128,30/03/2019,09:56,B,172.168.1.8
       36,30/03/2019,09:56,B,172.168.1.8
      211,30/03/2019,09:57,B,172.168.1.8
      297,30/03/2019,09:57,B,172.168.1.8
      289,30/03/2019,09:58,B,172.168.1.8
       20,30/03/2019,09:59,B,172.168.1.8
      303,30/03/2019,09:59,B,172.168.1.8
      290,30/03/2019,10:03,B,172.168.1.8
       10,30/03/2019,10:06,B,172.168.1.8
      271,30/03/2019,10:06,B,172.168.1.8
      310,30/03/2019,10:08,B,172.168.1.8
       27,30/03/2019,10:10,B,172.168.1.8
        1,30/03/2019,10:11,B,172.168.1.8
      131,30/03/2019,10:12,B,172.168.1.8
       26,30/03/2019,10:17,B,172.168.1.8
        5,30/03/2019,10:17,B,172.168.1.8
      101,30/03/2019,10:18,B,172.168.1.8
      258,30/03/2019,10:18,B,172.168.1.8
       21,30/03/2019,10:21,B,172.168.1.8
        8,30/03/2019,10:21,B,172.168.1.8
      261,30/03/2019,10:21,B,172.168.1.8
      123,30/03/2019,10:21,B,172.168.1.8
       28,30/03/2019,10:23,B,172.168.1.8
      295,30/03/2019,10:24,B,172.168.1.8
      117,30/03/2019,10:25,B,172.168.1.8
       30,30/03/2019,10:26,B,172.168.1.8
      129,30/03/2019,10:28,B,172.168.1.8
      254,30/03/2019,10:30,B,172.168.1.8
       17,30/03/2019,10:37,B,172.168.1.8
      291,30/03/2019,10:46,B,172.168.1.8
      251,30/03/2019,10:54,B,172.168.1.8
      216,30/03/2019,10:55,B,172.168.1.8
      309,30/03/2019,11:10,B,172.168.1.8
       64,30/03/2019,11:15,B,172.168.1.8
       19,30/03/2019,11:20,B,172.168.1.8
        9,30/03/2019,11:30,B,172.168.1.8
      207,30/03/2019,11:38,B,172.168.1.8
      208,30/03/2019,11:38,B,172.168.1.8
      212,30/03/2019,11:39,B,172.168.1.8
       24,30/03/2019,11:41,B,172.168.1.8
      202,30/03/2019,12:10,B,172.168.1.8
      211,30/03/2019,12:31,B,172.168.1.8
      205,30/03/2019,12:33,B,172.168.1.8
      205,30/03/2019,12:34,B,172.168.1.8
      215,30/03/2019,13:05,B,172.168.1.8
       65,30/03/2019,13:05,B,172.168.1.8
      204,30/03/2019,13:06,B,172.168.1.8
      209,30/03/2019,13:07,B,172.168.1.8
      213,30/03/2019,13:08,B,172.168.1.8
      206,30/03/2019,13:09,B,172.168.1.8
      214,30/03/2019,13:14,B,172.168.1.8
      203,30/03/2019,13:29,B,172.168.1.8
      201,30/03/2019,13:29,B,172.168.1.8
       64,30/03/2019,14:32,B,172.168.1.8
       72,30/03/2019,14:40,B,172.168.1.8
       35,30/03/2019,14:42,B,172.168.1.8
      303,30/03/2019,14:54,B,172.168.1.8
      303,30/03/2019,14:54,B,172.168.1.8
      309,30/03/2019,14:55,B,172.168.1.8
      121,30/03/2019,15:19,B,172.168.1.8
       30,30/03/2019,15:50,B,172.168.1.8
      126,30/03/2019,15:52,B,172.168.1.8
      128,30/03/2019,16:12,B,172.168.1.8
      254,30/03/2019,16:13,B,172.168.1.8
      115,30/03/2019,16:13,B,172.168.1.8
      295,30/03/2019,16:20,B,172.168.1.8
       16,30/03/2019,16:22,B,172.168.1.8
       27,30/03/2019,16:26,B,172.168.1.8
        5,30/03/2019,16:27,B,172.168.1.8
      251,30/03/2019,16:30,B,172.168.1.8
       21,30/03/2019,16:34,B,172.168.1.8
        9,30/03/2019,16:34,B,172.168.1.8
      101,30/03/2019,16:55,B,172.168.1.8
       20,30/03/2019,17:00,B,172.168.1.8
       23,30/03/2019,17:01,B,172.168.1.8
       19,30/03/2019,17:03,B,172.168.1.8
       14,30/03/2019,17:04,B,172.168.1.8
      131,30/03/2019,17:05,B,172.168.1.8
      297,30/03/2019,17:06,B,172.168.1.8
       22,30/03/2019,17:10,B,172.168.1.8
       25,30/03/2019,17:13,B,172.168.1.8
      291,30/03/2019,17:14,B,172.168.1.8
      289,30/03/2019,17:15,B,172.168.1.8
      122,30/03/2019,17:15,B,172.168.1.8
      261,30/03/2019,17:16,B,172.168.1.8
      125,30/03/2019,17:17,B,172.168.1.8
      271,30/03/2019,17:19,B,172.168.1.8
      120,30/03/2019,17:21,B,172.168.1.8
       10,30/03/2019,17:22,B,172.168.1.8
       32,30/03/2019,17:23,B,172.168.1.8
       36,30/03/2019,17:24,B,172.168.1.8
       26,30/03/2019,17:26,B,172.168.1.8
      129,30/03/2019,17:30,B,172.168.1.8
      310,30/03/2019,17:30,B,172.168.1.8
      118,30/03/2019,17:31,B,172.168.1.8
        1,30/03/2019,17:31,B,172.168.1.8
      114,30/03/2019,17:47,B,172.168.1.8
      273,30/03/2019,17:48,B,172.168.1.8
      256,30/03/2019,17:48,B,172.168.1.8
      127,30/03/2019,17:58,B,172.168.1.8
      126,30/03/2019,18:03,B,172.168.1.8
       18,30/03/2019,18:05,B,172.168.1.8
      312,30/03/2019,18:06,B,172.168.1.8
        2,30/03/2019,18:10,B,172.168.1.8
        2,30/03/2019,18:10,B,172.168.1.8
       12,30/03/2019,18:11,B,172.168.1.8
       11,30/03/2019,18:11,B,172.168.1.8
       17,30/03/2019,18:11,B,172.168.1.8
       28,30/03/2019,18:12,B,172.168.1.8
      260,30/03/2019,18:14,B,172.168.1.8
      260,30/03/2019,18:14,B,172.168.1.8
      258,30/03/2019,18:14,B,172.168.1.8
      280,30/03/2019,18:15,B,172.168.1.8
      268,30/03/2019,18:15,B,172.168.1.8
      123,30/03/2019,18:16,B,172.168.1.8
      116,30/03/2019,18:20,B,172.168.1.8
      117,30/03/2019,18:21,B,172.168.1.8
       24,30/03/2019,18:22,B,172.168.1.8
      283,30/03/2019,18:22,B,172.168.1.8
       24,30/03/2019,18:23,B,172.168.1.8
      116,30/03/2019,18:23,B,172.168.1.8
      283,30/03/2019,18:23,B,172.168.1.8
        8,30/03/2019,18:25,B,172.168.1.8
      268,30/03/2019,18:26,B,172.168.1.8
      290,30/03/2019,18:29,B,172.168.1.8
      290,30/03/2019,18:29,B,172.168.1.8
      268,30/03/2019,18:30,B,172.168.1.8
      280,30/03/2019,18:30,B,172.168.1.8
      296,30/03/2019,18:34,B,172.168.1.8
      290,30/03/2019,18:57,B,172.168.1.8
      112,30/03/2019,19:30,B,172.168.1.8
      287,30/03/2019,19:30,B,172.168.1.8
      255,30/03/2019,19:31,B,172.168.1.8
      121,01/04/2019,06:44,B,172.168.1.8
      126,01/04/2019,07:29,B,172.168.1.8
      273,01/04/2019,07:29,B,172.168.1.8
      205,01/04/2019,07:45,B,172.168.1.8
      125,01/04/2019,07:54,B,172.168.1.8
      215,01/04/2019,08:03,B,172.168.1.8
       52,01/04/2019,08:13,B,172.168.1.8
      260,01/04/2019,08:15,B,172.168.1.8
      287,01/04/2019,08:15,B,172.168.1.8
      301,01/04/2019,08:18,B,172.168.1.8
       63,01/04/2019,08:25,B,172.168.1.8
      296,01/04/2019,08:28,B,172.168.1.8
       65,01/04/2019,08:34,B,172.168.1.8
      214,01/04/2019,08:34,B,172.168.1.8
       11,01/04/2019,08:39,B,172.168.1.8
       16,01/04/2019,08:44,B,172.168.1.8
       18,01/04/2019,08:44,B,172.168.1.8
       36,01/04/2019,08:45,B,172.168.1.8
      115,01/04/2019,08:49,B,172.168.1.8
      208,01/04/2019,08:53,B,172.168.1.8
       14,01/04/2019,08:54,B,172.168.1.8
      120,01/04/2019,08:58,B,172.168.1.8
      112,01/04/2019,08:59,B,172.168.1.8
      303,01/04/2019,09:01,B,172.168.1.8
       72,01/04/2019,09:04,B,172.168.1.8
      312,01/04/2019,09:04,B,172.168.1.8
      119,01/04/2019,09:05,B,172.168.1.8
      212,01/04/2019,09:05,B,172.168.1.8
      216,01/04/2019,09:05,B,172.168.1.8
      207,01/04/2019,09:06,B,172.168.1.8
       25,01/04/2019,09:08,B,172.168.1.8
      203,01/04/2019,09:08,B,172.168.1.8
      209,01/04/2019,09:09,B,172.168.1.8
      202,01/04/2019,09:10,B,172.168.1.8
      122,01/04/2019,09:10,B,172.168.1.8
      213,01/04/2019,09:19,B,172.168.1.8
       20,01/04/2019,09:21,B,172.168.1.8
      283,01/04/2019,09:26,B,172.168.1.8
      118,01/04/2019,09:27,B,172.168.1.8
      211,01/04/2019,09:29,B,172.168.1.8
      127,01/04/2019,09:38,B,172.168.1.8
       29,01/04/2019,09:39,B,172.168.1.8
       24,01/04/2019,09:40,B,172.168.1.8
       28,01/04/2019,09:41,B,172.168.1.8
      206,01/04/2019,09:45,B,172.168.1.8
      204,01/04/2019,09:50,B,172.168.1.8
      116,01/04/2019,09:50,B,172.168.1.8
      290,01/04/2019,09:52,B,172.168.1.8
      109,01/04/2019,09:53,B,172.168.1.8
      114,01/04/2019,09:55,B,172.168.1.8
      310,01/04/2019,09:57,B,172.168.1.8
      128,01/04/2019,09:58,B,172.168.1.8
       22,01/04/2019,09:59,B,172.168.1.8
       10,01/04/2019,09:59,B,172.168.1.8
      131,01/04/2019,09:59,B,172.168.1.8
        5,01/04/2019,09:59,B,172.168.1.8
      297,01/04/2019,10:01,B,172.168.1.8
      289,01/04/2019,10:01,B,172.168.1.8
       35,01/04/2019,10:04,B,172.168.1.8
      271,01/04/2019,10:04,B,172.168.1.8
      129,01/04/2019,10:13,B,172.168.1.8
       17,01/04/2019,10:14,B,172.168.1.8
      280,01/04/2019,10:16,B,172.168.1.8
       21,01/04/2019,10:21,B,172.168.1.8
       21,01/04/2019,10:21,B,172.168.1.8
      201,01/04/2019,10:22,B,172.168.1.8
      261,01/04/2019,10:22,B,172.168.1.8
       51,01/04/2019,10:28,B,172.168.1.8
      117,01/04/2019,10:29,B,172.168.1.8
      254,01/04/2019,10:31,B,172.168.1.8
       32,01/04/2019,10:40,B,172.168.1.8
      291,01/04/2019,10:41,B,172.168.1.8
       27,01/04/2019,10:44,B,172.168.1.8
      309,01/04/2019,10:45,B,172.168.1.8
       70,01/04/2019,10:51,B,172.168.1.8
      210,01/04/2019,10:53,B,172.168.1.8
      101,01/04/2019,10:54,B,172.168.1.8
      256,01/04/2019,11:00,B,172.168.1.8
      295,01/04/2019,11:07,B,172.168.1.8
        9,01/04/2019,11:16,B,172.168.1.8
       19,01/04/2019,11:16,B,172.168.1.8
       30,01/04/2019,11:23,B,172.168.1.8
        8,01/04/2019,11:26,B,172.168.1.8
        2,01/04/2019,11:36,B,172.168.1.8
       26,01/04/2019,11:53,B,172.168.1.8
      129,01/04/2019,12:08,B,172.168.1.8
      128,01/04/2019,12:08,B,172.168.1.8
      215,01/04/2019,12:30,B,172.168.1.8
       65,01/04/2019,12:38,B,172.168.1.8
      205,01/04/2019,12:47,B,172.168.1.8
      205,01/04/2019,12:47,B,172.168.1.8
      205,01/04/2019,12:48,B,172.168.1.8
      212,01/04/2019,13:48,B,172.168.1.8
      207,01/04/2019,13:48,B,172.168.1.8
      208,01/04/2019,13:48,B,172.168.1.8
      216,01/04/2019,13:48,B,172.168.1.8
       51,01/04/2019,13:53,B,172.168.1.8
       18,01/04/2019,14:00,B,172.168.1.8
       64,01/04/2019,14:04,B,172.168.1.8
       52,01/04/2019,14:08,B,172.168.1.8
      301,01/04/2019,14:08,B,172.168.1.8
      209,01/04/2019,14:11,B,172.168.1.8
       12,01/04/2019,14:17,B,172.168.1.8
      214,01/04/2019,14:20,B,172.168.1.8
      202,01/04/2019,14:24,B,172.168.1.8
      202,01/04/2019,14:26,B,172.168.1.8
      203,01/04/2019,14:32,B,172.168.1.8
      201,01/04/2019,14:33,B,172.168.1.8
      211,01/04/2019,14:35,B,172.168.1.8
      211,01/04/2019,14:35,B,172.168.1.8
       72,01/04/2019,14:35,B,172.168.1.8
      303,01/04/2019,14:38,B,172.168.1.8
      309,01/04/2019,14:38,B,172.168.1.8
      206,01/04/2019,14:40,B,172.168.1.8
      204,01/04/2019,14:40,B,172.168.1.8
       36,01/04/2019,14:51,B,172.168.1.8
        9,01/04/2019,14:59,B,172.168.1.8
      121,01/04/2019,15:11,B,172.168.1.8
      271,01/04/2019,15:22,B,172.168.1.8
      271,01/04/2019,15:24,B,172.168.1.8
       20,01/04/2019,15:35,B,172.168.1.8
       16,01/04/2019,15:36,B,172.168.1.8
       22,01/04/2019,15:37,B,172.168.1.8
       21,01/04/2019,15:41,B,172.168.1.8
        5,01/04/2019,15:43,B,172.168.1.8
        5,01/04/2019,15:44,B,172.168.1.8
      126,01/04/2019,15:46,B,172.168.1.8
       64,01/04/2019,15:52,B,172.168.1.8
      210,01/04/2019,15:54,B,172.168.1.8
       35,01/04/2019,16:03,B,172.168.1.8
      125,01/04/2019,16:05,B,172.168.1.8
       24,01/04/2019,16:11,B,172.168.1.8
      117,01/04/2019,16:12,B,172.168.1.8
      119,01/04/2019,16:13,B,172.168.1.8
       28,01/04/2019,16:39,B,172.168.1.8
      295,01/04/2019,16:47,B,172.168.1.8
      297,01/04/2019,16:47,B,172.168.1.8
      122,01/04/2019,16:48,B,172.168.1.8
      254,01/04/2019,16:49,B,172.168.1.8
      115,01/04/2019,16:49,B,172.168.1.8
      131,01/04/2019,16:50,B,172.168.1.8
      109,01/04/2019,16:53,B,172.168.1.8
       12,01/04/2019,16:54,B,172.168.1.8
        2,01/04/2019,16:54,B,172.168.1.8
       32,01/04/2019,16:55,B,172.168.1.8
       25,01/04/2019,17:00,B,172.168.1.8
      127,01/04/2019,17:08,B,172.168.1.8
      291,01/04/2019,17:12,B,172.168.1.8
      289,01/04/2019,17:14,B,172.168.1.8
      261,01/04/2019,17:15,B,172.168.1.8
      120,01/04/2019,17:15,B,172.168.1.8
      101,01/04/2019,17:15,B,172.168.1.8
      256,01/04/2019,17:15,B,172.168.1.8
       14,01/04/2019,17:16,B,172.168.1.8
      118,01/04/2019,17:21,B,172.168.1.8
       10,01/04/2019,17:22,B,172.168.1.8
       27,01/04/2019,17:25,B,172.168.1.8
       19,01/04/2019,17:28,B,172.168.1.8
      273,01/04/2019,17:30,B,172.168.1.8
      114,01/04/2019,17:30,B,172.168.1.8
      280,01/04/2019,17:30,B,172.168.1.8
       26,01/04/2019,17:30,B,172.168.1.8
       17,01/04/2019,17:30,B,172.168.1.8
       11,01/04/2019,17:31,B,172.168.1.8
      283,01/04/2019,17:31,B,172.168.1.8
      116,01/04/2019,17:32,B,172.168.1.8
        8,01/04/2019,17:37,B,172.168.1.8
      312,01/04/2019,17:40,B,172.168.1.8
      296,01/04/2019,17:41,B,172.168.1.8
       29,01/04/2019,17:41,B,172.168.1.8
       30,01/04/2019,17:51,B,172.168.1.8
      290,01/04/2019,17:51,B,172.168.1.8
      290,01/04/2019,17:51,B,172.168.1.8
      290,01/04/2019,17:51,B,172.168.1.8
      310,01/04/2019,18:30,B,172.168.1.8
      287,01/04/2019,18:30,B,172.168.1.8
      260,01/04/2019,18:31,B,172.168.1.8
      112,01/04/2019,18:31,B,172.168.1.8
      121,02/04/2019,06:45,B,172.168.1.8
      273,02/04/2019,07:13,B,172.168.1.8
      126,02/04/2019,07:46,B,172.168.1.8
      205,02/04/2019,07:48,B,172.168.1.8
      125,02/04/2019,07:49,B,172.168.1.8
      112,02/04/2019,07:51,B,172.168.1.8
       54,02/04/2019,07:53,B,172.168.1.8
      216,02/04/2019,07:58,B,172.168.1.8
      255,02/04/2019,08:00,B,172.168.1.8
      215,02/04/2019,08:07,B,172.168.1.8
      287,02/04/2019,08:10,B,172.168.1.8
       52,02/04/2019,08:18,B,172.168.1.8
      214,02/04/2019,08:22,B,172.168.1.8
      260,02/04/2019,08:27,B,172.168.1.8
      212,02/04/2019,08:43,B,172.168.1.8
      207,02/04/2019,08:43,B,172.168.1.8
       11,02/04/2019,08:46,B,172.168.1.8
      115,02/04/2019,08:50,B,172.168.1.8
       57,02/04/2019,08:51,B,172.168.1.8
      208,02/04/2019,08:53,B,172.168.1.8
       72,02/04/2019,08:55,B,172.168.1.8
      120,02/04/2019,08:58,B,172.168.1.8
      296,02/04/2019,08:59,B,172.168.1.8
      119,02/04/2019,09:02,B,172.168.1.8
       32,02/04/2019,09:03,B,172.168.1.8
      262,02/04/2019,09:06,B,172.168.1.8
      312,02/04/2019,09:06,B,172.168.1.8
       25,02/04/2019,09:11,B,172.168.1.8
      303,02/04/2019,09:12,B,172.168.1.8
       64,02/04/2019,09:14,B,172.168.1.8
      118,02/04/2019,09:22,B,172.168.1.8
       16,02/04/2019,09:24,B,172.168.1.8
      280,02/04/2019,09:24,B,172.168.1.8
      268,02/04/2019,09:24,B,172.168.1.8
       18,02/04/2019,09:25,B,172.168.1.8
       22,02/04/2019,09:26,B,172.168.1.8
       22,02/04/2019,09:26,B,172.168.1.8
      283,02/04/2019,09:28,B,172.168.1.8
       36,02/04/2019,09:31,B,172.168.1.8
      202,02/04/2019,09:35,B,172.168.1.8
       14,02/04/2019,09:38,B,172.168.1.8
       17,02/04/2019,09:41,B,172.168.1.8
      206,02/04/2019,09:42,B,172.168.1.8
      122,02/04/2019,09:43,B,172.168.1.8
       12,02/04/2019,09:45,B,172.168.1.8
      309,02/04/2019,09:46,B,172.168.1.8
      116,02/04/2019,09:47,B,172.168.1.8
      203,02/04/2019,09:48,B,172.168.1.8
      256,02/04/2019,09:50,B,172.168.1.8
      127,02/04/2019,09:50,B,172.168.1.8
      204,02/04/2019,09:53,B,172.168.1.8
      213,02/04/2019,09:54,B,172.168.1.8
      201,02/04/2019,09:56,B,172.168.1.8
      258,02/04/2019,09:58,B,172.168.1.8
      297,02/04/2019,09:59,B,172.168.1.8
      289,02/04/2019,09:59,B,172.168.1.8
      310,02/04/2019,09:59,B,172.168.1.8
      128,02/04/2019,10:01,B,172.168.1.8
      209,02/04/2019,10:01,B,172.168.1.8
       23,02/04/2019,10:02,B,172.168.1.8
       35,02/04/2019,10:02,B,172.168.1.8
       29,02/04/2019,10:02,B,172.168.1.8
      114,02/04/2019,10:03,B,172.168.1.8
      290,02/04/2019,10:03,B,172.168.1.8
       24,02/04/2019,10:03,B,172.168.1.8
       54,02/04/2019,10:07,B,172.168.1.8
       42,02/04/2019,10:07,B,172.168.1.8
       30,02/04/2019,10:12,B,172.168.1.8
      129,02/04/2019,10:14,B,172.168.1.8
      131,02/04/2019,10:14,B,172.168.1.8
      261,02/04/2019,10:26,B,172.168.1.8
       19,02/04/2019,10:27,B,172.168.1.8
      101,02/04/2019,10:31,B,172.168.1.8
      109,02/04/2019,10:32,B,172.168.1.8
      254,02/04/2019,10:34,B,172.168.1.8
       28,02/04/2019,10:34,B,172.168.1.8
        8,02/04/2019,10:55,B,172.168.1.8
      251,02/04/2019,10:58,B,172.168.1.8
      210,02/04/2019,11:02,B,172.168.1.8
       21,02/04/2019,11:06,B,172.168.1.8
        9,02/04/2019,11:06,B,172.168.1.8
      291,02/04/2019,11:11,B,172.168.1.8
       26,02/04/2019,11:31,B,172.168.1.8
       64,02/04/2019,11:37,B,172.168.1.8
       10,02/04/2019,11:38,B,172.168.1.8
       10,02/04/2019,11:38,B,172.168.1.8
        2,02/04/2019,11:46,B,172.168.1.8
      309,02/04/2019,11:51,B,172.168.1.8
      305,02/04/2019,12:06,B,172.168.1.8
      311,02/04/2019,12:23,B,172.168.1.8
      205,02/04/2019,12:50,B,172.168.1.8
      205,02/04/2019,12:51,B,172.168.1.8
      215,02/04/2019,12:51,B,172.168.1.8
      304,02/04/2019,13:33,B,172.168.1.8
       69,02/04/2019,13:36,B,172.168.1.8
      216,02/04/2019,13:43,B,172.168.1.8
      212,02/04/2019,13:43,B,172.168.1.8
      207,02/04/2019,13:43,B,172.168.1.8
      208,02/04/2019,13:44,B,172.168.1.8
      214,02/04/2019,13:44,B,172.168.1.8
      262,02/04/2019,13:50,B,172.168.1.8
      122,02/04/2019,14:15,B,172.168.1.8
      131,02/04/2019,14:15,B,172.168.1.8
       36,02/04/2019,14:40,B,172.168.1.8
      303,02/04/2019,14:40,B,172.168.1.8
      303,02/04/2019,14:40,B,172.168.1.8
       72,02/04/2019,14:40,B,172.168.1.8
      202,02/04/2019,14:41,B,172.168.1.8
      206,02/04/2019,14:46,B,172.168.1.8
      203,02/04/2019,14:55,B,172.168.1.8
      201,02/04/2019,14:56,B,172.168.1.8
       16,02/04/2019,15:00,B,172.168.1.8
      204,02/04/2019,15:01,B,172.168.1.8
      129,02/04/2019,15:02,B,172.168.1.8
      213,02/04/2019,15:02,B,172.168.1.8
      209,02/04/2019,15:02,B,172.168.1.8
      128,02/04/2019,15:02,B,172.168.1.8
      121,02/04/2019,15:11,B,172.168.1.8
       35,02/04/2019,15:12,B,172.168.1.8
       69,02/04/2019,15:28,B,172.168.1.8
      210,02/04/2019,15:48,B,172.168.1.8
      125,02/04/2019,15:59,B,172.168.1.8
      126,02/04/2019,16:05,B,172.168.1.8
       24,02/04/2019,16:08,B,172.168.1.8
      305,02/04/2019,16:11,B,172.168.1.8
       21,02/04/2019,16:19,B,172.168.1.8
       22,02/04/2019,16:20,B,172.168.1.8
        2,02/04/2019,16:20,B,172.168.1.8
       32,02/04/2019,16:28,B,172.168.1.8
      312,02/04/2019,16:40,B,172.168.1.8
      119,02/04/2019,16:47,B,172.168.1.8
       19,02/04/2019,16:49,B,172.168.1.8
       52,02/04/2019,16:54,B,172.168.1.8
       23,02/04/2019,16:55,B,172.168.1.8
       12,02/04/2019,16:55,B,172.168.1.8
      251,02/04/2019,17:00,B,172.168.1.8
       28,02/04/2019,17:01,B,172.168.1.8
      254,02/04/2019,17:03,B,172.168.1.8
      115,02/04/2019,17:03,B,172.168.1.8
       25,02/04/2019,17:05,B,172.168.1.8
      109,02/04/2019,17:06,B,172.168.1.8
        9,02/04/2019,17:06,B,172.168.1.8
      297,02/04/2019,17:10,B,172.168.1.8
      127,02/04/2019,17:10,B,172.168.1.8
       18,02/04/2019,17:13,B,172.168.1.8
       11,02/04/2019,17:18,B,172.168.1.8
      289,02/04/2019,17:19,B,172.168.1.8
      261,02/04/2019,17:20,B,172.168.1.8
      118,02/04/2019,17:20,B,172.168.1.8
      256,02/04/2019,17:20,B,172.168.1.8
      120,02/04/2019,17:20,B,172.168.1.8
      258,02/04/2019,17:21,B,172.168.1.8
       37,02/04/2019,17:21,B,172.168.1.8
      291,02/04/2019,17:22,B,172.168.1.8
       14,02/04/2019,17:24,B,172.168.1.8
      311,02/04/2019,17:26,B,172.168.1.8
      260,02/04/2019,17:31,B,172.168.1.8
      101,02/04/2019,17:32,B,172.168.1.8
      310,02/04/2019,17:32,B,172.168.1.8
      283,02/04/2019,17:33,B,172.168.1.8
       10,02/04/2019,17:37,B,172.168.1.8
       17,02/04/2019,17:41,B,172.168.1.8
       26,02/04/2019,17:42,B,172.168.1.8
       26,02/04/2019,17:42,B,172.168.1.8
      116,02/04/2019,17:43,B,172.168.1.8
      114,02/04/2019,17:46,B,172.168.1.8
       30,02/04/2019,17:57,B,172.168.1.8
       29,02/04/2019,17:57,B,172.168.1.8
      273,02/04/2019,17:58,B,172.168.1.8
      296,02/04/2019,18:00,B,172.168.1.8
      290,02/04/2019,18:01,B,172.168.1.8
      280,02/04/2019,18:02,B,172.168.1.8
        8,02/04/2019,18:15,B,172.168.1.8
      280,02/04/2019,18:15,B,172.168.1.8
      268,02/04/2019,18:15,B,172.168.1.8
      287,02/04/2019,18:15,B,172.168.1.8
      112,02/04/2019,18:20,B,172.168.1.8
      287,02/04/2019,18:30,B,172.168.1.8
      255,02/04/2019,18:32,B,172.168.1.8
      121,03/04/2019,06:45,B,172.168.1.8
      273,03/04/2019,07:20,B,172.168.1.8
      125,03/04/2019,07:52,B,172.168.1.8
      205,03/04/2019,07:53,B,172.168.1.8
       52,03/04/2019,08:12,B,172.168.1.8
      287,03/04/2019,08:13,B,172.168.1.8
      296,03/04/2019,08:19,B,172.168.1.8
      260,03/04/2019,08:24,B,172.168.1.8
      112,03/04/2019,08:28,B,172.168.1.8
      112,03/04/2019,08:29,B,172.168.1.8
      301,03/04/2019,08:30,B,172.168.1.8
      255,03/04/2019,08:31,B,172.168.1.8
      126,03/04/2019,08:38,B,172.168.1.8
      214,03/04/2019,08:43,B,172.168.1.8
       23,03/04/2019,08:44,B,172.168.1.8
      216,03/04/2019,08:44,B,172.168.1.8
       11,03/04/2019,08:44,B,172.168.1.8
      212,03/04/2019,08:44,B,172.168.1.8
      115,03/04/2019,08:47,B,172.168.1.8
      303,03/04/2019,08:50,B,172.168.1.8
       72,03/04/2019,08:51,B,172.168.1.8
       17,03/04/2019,08:51,B,172.168.1.8
      120,03/04/2019,08:58,B,172.168.1.8
      119,03/04/2019,09:00,B,172.168.1.8
      208,03/04/2019,09:00,B,172.168.1.8
      215,03/04/2019,09:07,B,172.168.1.8
       25,03/04/2019,09:10,B,172.168.1.8
       24,03/04/2019,09:12,B,172.168.1.8
       12,03/04/2019,09:16,B,172.168.1.8
      122,03/04/2019,09:17,B,172.168.1.8
      280,03/04/2019,09:18,B,172.168.1.8
      268,03/04/2019,09:19,B,172.168.1.8
      211,03/04/2019,09:25,B,172.168.1.8
       32,03/04/2019,09:25,B,172.168.1.8
      283,03/04/2019,09:27,B,172.168.1.8
      201,03/04/2019,09:30,B,172.168.1.8
       36,03/04/2019,09:32,B,172.168.1.8
      204,03/04/2019,09:32,B,172.168.1.8
      209,03/04/2019,09:32,B,172.168.1.8
       22,03/04/2019,09:33,B,172.168.1.8
      127,03/04/2019,09:33,B,172.168.1.8
      203,03/04/2019,09:34,B,172.168.1.8
      206,03/04/2019,09:37,B,172.168.1.8
       26,03/04/2019,09:45,B,172.168.1.8
      256,03/04/2019,09:50,B,172.168.1.8
      109,03/04/2019,09:51,B,172.168.1.8
      202,03/04/2019,09:51,B,172.168.1.8
      213,03/04/2019,09:52,B,172.168.1.8
      128,03/04/2019,09:53,B,172.168.1.8
       14,03/04/2019,09:53,B,172.168.1.8
      118,03/04/2019,09:54,B,172.168.1.8
      114,03/04/2019,09:57,B,172.168.1.8
       30,03/04/2019,09:57,B,172.168.1.8
       28,03/04/2019,09:58,B,172.168.1.8
       30,03/04/2019,09:58,B,172.168.1.8
      310,03/04/2019,09:59,B,172.168.1.8
      297,03/04/2019,10:00,B,172.168.1.8
      289,03/04/2019,10:00,B,172.168.1.8
       29,03/04/2019,10:01,B,172.168.1.8
      290,03/04/2019,10:02,B,172.168.1.8
      131,03/04/2019,10:06,B,172.168.1.8
      116,03/04/2019,10:06,B,172.168.1.8
      309,03/04/2019,10:08,B,172.168.1.8
       35,03/04/2019,10:17,B,172.168.1.8
      129,03/04/2019,10:18,B,172.168.1.8
      261,03/04/2019,10:20,B,172.168.1.8
      258,03/04/2019,10:21,B,172.168.1.8
      293,03/04/2019,10:24,B,172.168.1.8
       27,03/04/2019,10:24,B,172.168.1.8
      101,03/04/2019,10:25,B,172.168.1.8
        1,03/04/2019,10:27,B,172.168.1.8
      295,03/04/2019,10:28,B,172.168.1.8
       16,03/04/2019,10:30,B,172.168.1.8
       10,03/04/2019,10:37,B,172.168.1.8
        5,03/04/2019,10:37,B,172.168.1.8
      291,03/04/2019,10:37,B,172.168.1.8
       21,03/04/2019,10:40,B,172.168.1.8
       51,03/04/2019,10:40,B,172.168.1.8
      251,03/04/2019,10:44,B,172.168.1.8
      254,03/04/2019,10:52,B,172.168.1.8
      210,03/04/2019,10:53,B,172.168.1.8
        9,03/04/2019,11:02,B,172.168.1.8
      312,03/04/2019,11:03,B,172.168.1.8
        2,03/04/2019,11:10,B,172.168.1.8
       19,03/04/2019,11:12,B,172.168.1.8
       51,03/04/2019,11:22,B,172.168.1.8
      215,03/04/2019,11:46,B,172.168.1.8
      214,03/04/2019,11:46,B,172.168.1.8
      209,03/04/2019,11:46,B,172.168.1.8
       65,03/04/2019,11:52,B,172.168.1.8
      206,03/04/2019,12:08,B,172.168.1.8
      309,03/04/2019,12:28,B,172.168.1.8
       28,03/04/2019,12:43,B,172.168.1.8
      205,03/04/2019,12:54,B,172.168.1.8
      205,03/04/2019,12:55,B,172.168.1.8
      204,03/04/2019,13:15,B,172.168.1.8
      213,03/04/2019,13:16,B,172.168.1.8
      216,03/04/2019,13:33,B,172.168.1.8
      212,03/04/2019,13:33,B,172.168.1.8
      208,03/04/2019,13:33,B,172.168.1.8
      311,03/04/2019,13:39,B,172.168.1.8
       64,03/04/2019,13:58,B,172.168.1.8
       72,03/04/2019,14:21,B,172.168.1.8
      122,03/04/2019,14:25,B,172.168.1.8
      202,03/04/2019,14:27,B,172.168.1.8
      201,03/04/2019,14:30,B,172.168.1.8
      203,03/04/2019,14:30,B,172.168.1.8
      211,03/04/2019,14:30,B,172.168.1.8
      211,03/04/2019,14:31,B,172.168.1.8
       72,03/04/2019,14:43,B,172.168.1.8
      303,03/04/2019,14:43,B,172.168.1.8
      303,03/04/2019,14:43,B,172.168.1.8
       35,03/04/2019,15:15,B,172.168.1.8
      121,03/04/2019,15:22,B,172.168.1.8
       36,03/04/2019,15:23,B,172.168.1.8
      126,03/04/2019,15:49,B,172.168.1.8
       23,03/04/2019,15:49,B,172.168.1.8
      126,03/04/2019,15:50,B,172.168.1.8
       23,03/04/2019,15:51,B,172.168.1.8
      210,03/04/2019,15:55,B,172.168.1.8
      125,03/04/2019,16:00,B,172.168.1.8
      258,03/04/2019,16:00,B,172.168.1.8
       16,03/04/2019,16:07,B,172.168.1.8
       27,03/04/2019,16:16,B,172.168.1.8
       11,03/04/2019,16:17,B,172.168.1.8
      311,03/04/2019,16:22,B,172.168.1.8
      301,03/04/2019,16:36,B,172.168.1.8
       21,03/04/2019,16:40,B,172.168.1.8
        5,03/04/2019,16:42,B,172.168.1.8
      119,03/04/2019,16:44,B,172.168.1.8
       24,03/04/2019,16:45,B,172.168.1.8
      312,03/04/2019,16:50,B,172.168.1.8
       19,03/04/2019,16:53,B,172.168.1.8
       29,03/04/2019,17:02,B,172.168.1.8
       25,03/04/2019,17:02,B,172.168.1.8
        9,03/04/2019,17:06,B,172.168.1.8
      127,03/04/2019,17:13,B,172.168.1.8
       32,03/04/2019,17:13,B,172.168.1.8
      128,03/04/2019,17:17,B,172.168.1.8
      131,03/04/2019,17:18,B,172.168.1.8
      297,03/04/2019,17:18,B,172.168.1.8
      109,03/04/2019,17:18,B,172.168.1.8
      291,03/04/2019,17:18,B,172.168.1.8
      295,03/04/2019,17:19,B,172.168.1.8
      289,03/04/2019,17:20,B,172.168.1.8
      261,03/04/2019,17:20,B,172.168.1.8
      120,03/04/2019,17:21,B,172.168.1.8
      254,03/04/2019,17:28,B,172.168.1.8
      115,03/04/2019,17:30,B,172.168.1.8
      251,03/04/2019,17:30,B,172.168.1.8
      254,03/04/2019,17:30,B,172.168.1.8
      115,03/04/2019,17:30,B,172.168.1.8
       18,03/04/2019,17:31,B,172.168.1.8
      260,03/04/2019,17:33,B,172.168.1.8
      260,03/04/2019,17:33,B,172.168.1.8
      118,03/04/2019,17:33,B,172.168.1.8
       14,03/04/2019,17:35,B,172.168.1.8
      129,03/04/2019,17:42,B,172.168.1.8
       65,03/04/2019,17:47,B,172.168.1.8
      283,03/04/2019,17:49,B,172.168.1.8
       17,03/04/2019,17:49,B,172.168.1.8
      273,03/04/2019,17:50,B,172.168.1.8
      268,03/04/2019,17:51,B,172.168.1.8
      114,03/04/2019,17:52,B,172.168.1.8
       30,03/04/2019,17:55,B,172.168.1.8
      280,03/04/2019,17:56,B,172.168.1.8
      287,03/04/2019,17:56,B,172.168.1.8
      296,03/04/2019,17:56,B,172.168.1.8
       26,03/04/2019,17:56,B,172.168.1.8
      280,03/04/2019,17:57,B,172.168.1.8
      268,03/04/2019,17:57,B,172.168.1.8
      310,03/04/2019,18:04,B,172.168.1.8
      112,03/04/2019,18:04,B,172.168.1.8
      293,03/04/2019,18:04,B,172.168.1.8
      112,03/04/2019,18:06,B,172.168.1.8
      310,03/04/2019,18:06,B,172.168.1.8
      290,03/04/2019,18:10,B,172.168.1.8
      101,03/04/2019,18:17,B,172.168.1.8
      116,03/04/2019,18:17,B,172.168.1.8
       10,03/04/2019,19:09,B,172.168.1.8
       22,03/04/2019,19:10,B,172.168.1.8
       12,03/04/2019,19:14,B,172.168.1.8
        2,03/04/2019,19:14,B,172.168.1.8
        1,03/04/2019,19:19,B,172.168.1.8
      256,03/04/2019,19:33,B,172.168.1.8
      255,03/04/2019,19:35,B,172.168.1.8
      121,04/04/2019,06:46,B,172.168.1.8
      273,04/04/2019,07:21,B,172.168.1.8
      126,04/04/2019,07:30,B,172.168.1.8
      262,04/04/2019,07:32,B,172.168.1.8
      125,04/04/2019,07:52,B,172.168.1.8
      205,04/04/2019,07:53,B,172.168.1.8
      215,04/04/2019,07:57,B,172.168.1.8
       37,04/04/2019,07:59,B,172.168.1.8
      287,04/04/2019,08:02,B,172.168.1.8
       42,04/04/2019,08:07,B,172.168.1.8
       54,04/04/2019,08:12,B,172.168.1.8
      112,04/04/2019,08:12,B,172.168.1.8
       52,04/04/2019,08:23,B,172.168.1.8
      212,04/04/2019,08:27,B,172.168.1.8
      260,04/04/2019,08:29,B,172.168.1.8
      260,04/04/2019,08:29,B,172.168.1.8
      255,04/04/2019,08:35,B,172.168.1.8
       14,04/04/2019,08:37,B,172.168.1.8
      115,04/04/2019,08:50,B,172.168.1.8
       32,04/04/2019,08:51,B,172.168.1.8
      312,04/04/2019,08:53,B,172.168.1.8
      120,04/04/2019,08:53,B,172.168.1.8
      207,04/04/2019,08:54,B,172.168.1.8
      209,04/04/2019,08:56,B,172.168.1.8
      208,04/04/2019,08:57,B,172.168.1.8
      214,04/04/2019,08:59,B,172.168.1.8
      202,04/04/2019,08:59,B,172.168.1.8
       30,04/04/2019,09:00,B,172.168.1.8
      296,04/04/2019,09:02,B,172.168.1.8
       18,04/04/2019,09:06,B,172.168.1.8
       23,04/04/2019,09:11,B,172.168.1.8
       64,04/04/2019,09:13,B,172.168.1.8
      201,04/04/2019,09:15,B,172.168.1.8
      122,04/04/2019,09:19,B,172.168.1.8
       25,04/04/2019,09:25,B,172.168.1.8
      283,04/04/2019,09:28,B,172.168.1.8
      118,04/04/2019,09:33,B,172.168.1.8
       26,04/04/2019,09:33,B,172.168.1.8
      213,04/04/2019,09:33,B,172.168.1.8
       12,04/04/2019,09:34,B,172.168.1.8
       72,04/04/2019,09:40,B,172.168.1.8
      268,04/04/2019,09:44,B,172.168.1.8
      203,04/04/2019,09:48,B,172.168.1.8
      128,04/04/2019,09:49,B,172.168.1.8
      131,04/04/2019,09:50,B,172.168.1.8
      204,04/04/2019,09:51,B,172.168.1.8
      280,04/04/2019,09:53,B,172.168.1.8
      127,04/04/2019,09:53,B,172.168.1.8
      297,04/04/2019,09:56,B,172.168.1.8
        1,04/04/2019,09:58,B,172.168.1.8
      310,04/04/2019,10:00,B,172.168.1.8
      256,04/04/2019,10:00,B,172.168.1.8
      289,04/04/2019,10:01,B,172.168.1.8
      114,04/04/2019,10:02,B,172.168.1.8
       36,04/04/2019,10:03,B,172.168.1.8
       35,04/04/2019,10:03,B,172.168.1.8
       54,04/04/2019,10:07,B,172.168.1.8
      129,04/04/2019,10:07,B,172.168.1.8
       28,04/04/2019,10:09,B,172.168.1.8
      116,04/04/2019,10:10,B,172.168.1.8
       21,04/04/2019,10:10,B,172.168.1.8
        8,04/04/2019,10:13,B,172.168.1.8
      271,04/04/2019,10:16,B,172.168.1.8
       24,04/04/2019,10:18,B,172.168.1.8
      261,04/04/2019,10:19,B,172.168.1.8
      216,04/04/2019,10:22,B,172.168.1.8
       27,04/04/2019,10:26,B,172.168.1.8
      101,04/04/2019,10:28,B,172.168.1.8
       17,04/04/2019,10:32,B,172.168.1.8
       10,04/04/2019,10:34,B,172.168.1.8
      254,04/04/2019,10:36,B,172.168.1.8
       16,04/04/2019,10:37,B,172.168.1.8
      295,04/04/2019,10:41,B,172.168.1.8
      291,04/04/2019,10:44,B,172.168.1.8
      293,04/04/2019,10:54,B,172.168.1.8
        9,04/04/2019,10:59,B,172.168.1.8
      210,04/04/2019,11:04,B,172.168.1.8
       11,04/04/2019,11:10,B,172.168.1.8
      251,04/04/2019,11:14,B,172.168.1.8
       19,04/04/2019,11:16,B,172.168.1.8
      309,04/04/2019,11:17,B,172.168.1.8
       22,04/04/2019,11:28,B,172.168.1.8
       65,04/04/2019,11:29,B,172.168.1.8
        5,04/04/2019,11:44,B,172.168.1.8
        2,04/04/2019,11:45,B,172.168.1.8
        2,04/04/2019,11:45,B,172.168.1.8
      208,04/04/2019,11:51,B,172.168.1.8
      305,04/04/2019,11:57,B,172.168.1.8
       64,04/04/2019,12:19,B,172.168.1.8
      301,04/04/2019,12:26,B,172.168.1.8
      205,04/04/2019,12:56,B,172.168.1.8
      205,04/04/2019,12:56,B,172.168.1.8
      215,04/04/2019,12:58,B,172.168.1.8
      290,04/04/2019,13:07,B,172.168.1.8
      290,04/04/2019,13:07,B,172.168.1.8
      212,04/04/2019,13:32,B,172.168.1.8
      216,04/04/2019,13:32,B,172.168.1.8
      207,04/04/2019,13:32,B,172.168.1.8
      283,04/04/2019,13:47,B,172.168.1.8
      213,04/04/2019,13:49,B,172.168.1.8
      209,04/04/2019,13:50,B,172.168.1.8
      204,04/04/2019,13:50,B,172.168.1.8
      311,04/04/2019,14:08,B,172.168.1.8
      202,04/04/2019,14:09,B,172.168.1.8
      214,04/04/2019,14:15,B,172.168.1.8
      201,04/04/2019,14:20,B,172.168.1.8
      203,04/04/2019,14:20,B,172.168.1.8
      131,04/04/2019,14:25,B,172.168.1.8
       72,04/04/2019,15:09,B,172.168.1.8
      121,04/04/2019,15:19,B,172.168.1.8
      311,04/04/2019,15:29,B,172.168.1.8
      305,04/04/2019,15:31,B,172.168.1.8
      125,04/04/2019,15:48,B,172.168.1.8
      210,04/04/2019,15:53,B,172.168.1.8
      126,04/04/2019,15:55,B,172.168.1.8
      301,04/04/2019,15:55,B,172.168.1.8
      122,04/04/2019,16:00,B,172.168.1.8
       52,04/04/2019,16:10,B,172.168.1.8
       36,04/04/2019,16:23,B,172.168.1.8
       35,04/04/2019,16:24,B,172.168.1.8
      309,04/04/2019,16:32,B,172.168.1.8
      309,04/04/2019,16:32,B,172.168.1.8
       23,04/04/2019,16:42,B,172.168.1.8
       28,04/04/2019,16:43,B,172.168.1.8
        9,04/04/2019,16:58,B,172.168.1.8
        5,04/04/2019,17:00,B,172.168.1.8
        9,04/04/2019,17:00,B,172.168.1.8
       25,04/04/2019,17:05,B,172.168.1.8
      291,04/04/2019,17:06,B,172.168.1.8
       21,04/04/2019,17:07,B,172.168.1.8
      128,04/04/2019,17:16,B,172.168.1.8
       65,04/04/2019,17:21,B,172.168.1.8
      120,04/04/2019,17:23,B,172.168.1.8
       11,04/04/2019,17:23,B,172.168.1.8
       30,04/04/2019,17:23,B,172.168.1.8
      289,04/04/2019,17:23,B,172.168.1.8
      261,04/04/2019,17:23,B,172.168.1.8
      297,04/04/2019,17:25,B,172.168.1.8
      295,04/04/2019,17:27,B,172.168.1.8
      271,04/04/2019,17:28,B,172.168.1.8
      118,04/04/2019,17:30,B,172.168.1.8
      127,04/04/2019,17:31,B,172.168.1.8
       32,04/04/2019,17:33,B,172.168.1.8
      254,04/04/2019,17:34,B,172.168.1.8
      251,04/04/2019,17:34,B,172.168.1.8
      115,04/04/2019,17:34,B,172.168.1.8
      101,04/04/2019,17:36,B,172.168.1.8
      312,04/04/2019,17:39,B,172.168.1.8
       19,04/04/2019,17:39,B,172.168.1.8
       16,04/04/2019,17:41,B,172.168.1.8
       14,04/04/2019,17:44,B,172.168.1.8
       17,04/04/2019,17:45,B,172.168.1.8
      260,04/04/2019,17:45,B,172.168.1.8
       27,04/04/2019,17:47,B,172.168.1.8
      290,04/04/2019,18:00,B,172.168.1.8
      296,04/04/2019,18:02,B,172.168.1.8
      116,04/04/2019,18:10,B,172.168.1.8
      129,04/04/2019,18:12,B,172.168.1.8
      310,04/04/2019,18:20,B,172.168.1.8
        8,04/04/2019,18:21,B,172.168.1.8
      114,04/04/2019,18:24,B,172.168.1.8
      273,04/04/2019,18:24,B,172.168.1.8
       24,04/04/2019,18:26,B,172.168.1.8
       24,04/04/2019,18:27,B,172.168.1.8
      293,04/04/2019,18:30,B,172.168.1.8
      287,04/04/2019,18:30,B,172.168.1.8
      268,04/04/2019,18:30,B,172.168.1.8
      112,04/04/2019,18:30,B,172.168.1.8
      280,04/04/2019,18:30,B,172.168.1.8
      262,04/04/2019,18:31,B,172.168.1.8
      255,04/04/2019,18:33,B,172.168.1.8
       10,04/04/2019,19:17,B,172.168.1.8
       26,04/04/2019,19:18,B,172.168.1.8
       22,04/04/2019,19:21,B,172.168.1.8
       18,04/04/2019,19:21,B,172.168.1.8
       12,04/04/2019,19:34,B,172.168.1.8
        2,04/04/2019,19:34,B,172.168.1.8
        1,04/04/2019,19:45,B,172.168.1.8
      256,04/04/2019,19:50,B,172.168.1.8
      121,05/04/2019,06:51,B,172.168.1.8
      273,05/04/2019,07:21,B,172.168.1.8
      126,05/04/2019,07:59,B,172.168.1.8
      287,05/04/2019,07:59,B,172.168.1.8
      215,05/04/2019,08:04,B,172.168.1.8
      205,05/04/2019,08:09,B,172.168.1.8
      205,05/04/2019,08:09,B,172.168.1.8
      260,05/04/2019,08:12,B,172.168.1.8
      216,05/04/2019,08:15,B,172.168.1.8
      207,05/04/2019,08:15,B,172.168.1.8
      212,05/04/2019,08:16,B,172.168.1.8
      112,05/04/2019,08:17,B,172.168.1.8
      125,05/04/2019,08:18,B,172.168.1.8
      214,05/04/2019,08:21,B,172.168.1.8
      255,05/04/2019,08:29,B,172.168.1.8
       14,05/04/2019,08:36,B,172.168.1.8
      301,05/04/2019,08:38,B,172.168.1.8
      115,05/04/2019,08:47,B,172.168.1.8
      208,05/04/2019,08:49,B,172.168.1.8
       26,05/04/2019,08:52,B,172.168.1.8
      120,05/04/2019,08:55,B,172.168.1.8
      201,05/04/2019,08:55,B,172.168.1.8
       23,05/04/2019,08:56,B,172.168.1.8
      303,05/04/2019,08:56,B,172.168.1.8
      296,05/04/2019,08:57,B,172.168.1.8
       64,05/04/2019,09:04,B,172.168.1.8
      202,05/04/2019,09:07,B,172.168.1.8
       16,05/04/2019,09:09,B,172.168.1.8
       17,05/04/2019,09:09,B,172.168.1.8
       18,05/04/2019,09:10,B,172.168.1.8
      280,05/04/2019,09:11,B,172.168.1.8
      122,05/04/2019,09:19,B,172.168.1.8
       25,05/04/2019,09:20,B,172.168.1.8
       52,05/04/2019,09:22,B,172.168.1.8
       12,05/04/2019,09:24,B,172.168.1.8
      203,05/04/2019,09:24,B,172.168.1.8
      116,05/04/2019,09:31,B,172.168.1.8
      206,05/04/2019,09:31,B,172.168.1.8
      211,05/04/2019,09:32,B,172.168.1.8
       32,05/04/2019,09:34,B,172.168.1.8
       72,05/04/2019,09:38,B,172.168.1.8
      283,05/04/2019,09:38,B,172.168.1.8
      213,05/04/2019,09:41,B,172.168.1.8
      209,05/04/2019,09:46,B,172.168.1.8
      204,05/04/2019,09:47,B,172.168.1.8
      297,05/04/2019,09:53,B,172.168.1.8
      127,05/04/2019,09:54,B,172.168.1.8
      127,05/04/2019,09:54,B,172.168.1.8
      128,05/04/2019,09:55,B,172.168.1.8
       29,05/04/2019,09:56,B,172.168.1.8
       10,05/04/2019,09:56,B,172.168.1.8
       28,05/04/2019,09:57,B,172.168.1.8
       36,05/04/2019,09:57,B,172.168.1.8
        5,05/04/2019,09:58,B,172.168.1.8
      310,05/04/2019,10:00,B,172.168.1.8
      289,05/04/2019,10:02,B,172.168.1.8
      290,05/04/2019,10:04,B,172.168.1.8
      256,05/04/2019,10:04,B,172.168.1.8
      271,05/04/2019,10:04,B,172.168.1.8
      109,05/04/2019,10:05,B,172.168.1.8
       30,05/04/2019,10:07,B,172.168.1.8
       22,05/04/2019,10:07,B,172.168.1.8
      268,05/04/2019,10:08,B,172.168.1.8
      268,05/04/2019,10:08,B,172.168.1.8
       20,05/04/2019,10:17,B,172.168.1.8
      106,05/04/2019,10:21,B,172.168.1.8
        1,05/04/2019,10:22,B,172.168.1.8
      129,05/04/2019,10:25,B,172.168.1.8
      295,05/04/2019,10:25,B,172.168.1.8
      101,05/04/2019,10:27,B,172.168.1.8
      101,05/04/2019,10:28,B,172.168.1.8
      114,05/04/2019,10:30,B,172.168.1.8
       21,05/04/2019,10:31,B,172.168.1.8
        8,05/04/2019,10:32,B,172.168.1.8
      261,05/04/2019,10:35,B,172.168.1.8
      118,05/04/2019,10:35,B,172.168.1.8
      291,05/04/2019,10:38,B,172.168.1.8
      254,05/04/2019,10:41,B,172.168.1.8
      210,05/04/2019,10:56,B,172.168.1.8
      251,05/04/2019,11:08,B,172.168.1.8
      293,05/04/2019,11:12,B,172.168.1.8
       27,05/04/2019,11:14,B,172.168.1.8
       67,05/04/2019,11:14,B,172.168.1.8
       19,05/04/2019,11:20,B,172.168.1.8
       37,05/04/2019,11:25,B,172.168.1.8
        2,05/04/2019,11:30,B,172.168.1.8
        2,05/04/2019,11:30,B,172.168.1.8
       11,05/04/2019,11:33,B,172.168.1.8
      305,05/04/2019,12:01,B,172.168.1.8
      301,05/04/2019,13:00,B,172.168.1.8
      215,05/04/2019,13:02,B,172.168.1.8
      207,05/04/2019,13:03,B,172.168.1.8
      216,05/04/2019,13:03,B,172.168.1.8
      205,05/04/2019,13:10,B,172.168.1.8
       67,05/04/2019,13:10,B,172.168.1.8
      201,05/04/2019,13:17,B,172.168.1.8
      208,05/04/2019,13:49,B,172.168.1.8
      304,05/04/2019,13:50,B,172.168.1.8
      214,05/04/2019,14:00,B,172.168.1.8
      202,05/04/2019,14:25,B,172.168.1.8
       16,05/04/2019,14:34,B,172.168.1.8
      211,05/04/2019,14:36,B,172.168.1.8
      206,05/04/2019,14:47,B,172.168.1.8
      204,05/04/2019,14:47,B,172.168.1.8
      209,05/04/2019,14:48,B,172.168.1.8
      213,05/04/2019,14:48,B,172.168.1.8
      204,05/04/2019,14:49,B,172.168.1.8
      303,05/04/2019,15:06,B,172.168.1.8
       72,05/04/2019,15:08,B,172.168.1.8
      125,05/04/2019,15:13,B,172.168.1.8
      121,05/04/2019,15:30,B,172.168.1.8
       64,05/04/2019,15:37,B,172.168.1.8
      210,05/04/2019,15:57,B,172.168.1.8
      126,05/04/2019,16:02,B,172.168.1.8
      305,05/04/2019,16:04,B,172.168.1.8
        5,05/04/2019,16:07,B,172.168.1.8
       23,05/04/2019,16:17,B,172.168.1.8
       21,05/04/2019,16:31,B,172.168.1.8
       28,05/04/2019,16:50,B,172.168.1.8
      309,05/04/2019,16:56,B,172.168.1.8
       27,05/04/2019,17:16,B,172.168.1.8
      109,05/04/2019,17:17,B,172.168.1.8
      128,05/04/2019,17:18,B,172.168.1.8
      297,05/04/2019,17:20,B,172.168.1.8
      271,05/04/2019,17:21,B,172.168.1.8
      295,05/04/2019,17:21,B,172.168.1.8
      118,05/04/2019,17:22,B,172.168.1.8
      289,05/04/2019,17:24,B,172.168.1.8
       14,05/04/2019,17:25,B,172.168.1.8
      101,05/04/2019,17:26,B,172.168.1.8
      261,05/04/2019,17:27,B,172.168.1.8
      127,05/04/2019,17:27,B,172.168.1.8
      120,05/04/2019,17:28,B,172.168.1.8
      101,05/04/2019,17:29,B,172.168.1.8
      254,05/04/2019,17:30,B,172.168.1.8
      115,05/04/2019,17:31,B,172.168.1.8
      251,05/04/2019,17:31,B,172.168.1.8
      129,05/04/2019,17:32,B,172.168.1.8
      291,05/04/2019,17:45,B,172.168.1.8
      114,05/04/2019,17:53,B,172.168.1.8
      273,05/04/2019,17:55,B,172.168.1.8
      116,05/04/2019,18:00,B,172.168.1.8
      106,05/04/2019,18:00,B,172.168.1.8
      268,05/04/2019,18:00,B,172.168.1.8
      256,05/04/2019,18:02,B,172.168.1.8
      280,05/04/2019,18:03,B,172.168.1.8
      260,05/04/2019,18:03,B,172.168.1.8
      280,05/04/2019,18:03,B,172.168.1.8
      268,05/04/2019,18:03,B,172.168.1.8
      293,05/04/2019,18:03,B,172.168.1.8
      296,05/04/2019,18:06,B,172.168.1.8
      290,05/04/2019,18:08,B,172.168.1.8
       10,05/04/2019,18:08,B,172.168.1.8
       10,05/04/2019,18:08,B,172.168.1.8
       11,05/04/2019,18:09,B,172.168.1.8
       36,05/04/2019,18:15,B,172.168.1.8
       29,05/04/2019,18:15,B,172.168.1.8
        8,05/04/2019,18:16,B,172.168.1.8
       25,05/04/2019,18:18,B,172.168.1.8
       19,05/04/2019,18:19,B,172.168.1.8
      280,05/04/2019,18:20,B,172.168.1.8
      268,05/04/2019,18:21,B,172.168.1.8
      293,05/04/2019,18:21,B,172.168.1.8
      268,05/04/2019,18:24,B,172.168.1.8
      287,05/04/2019,18:25,B,172.168.1.8
       18,05/04/2019,18:25,B,172.168.1.8
       20,05/04/2019,18:25,B,172.168.1.8
      296,05/04/2019,18:26,B,172.168.1.8
       26,05/04/2019,18:30,B,172.168.1.8
       17,05/04/2019,18:31,B,172.168.1.8
        2,05/04/2019,18:32,B,172.168.1.8
       26,05/04/2019,18:33,B,172.168.1.8
       30,05/04/2019,18:35,B,172.168.1.8
       12,05/04/2019,18:38,B,172.168.1.8
       22,05/04/2019,18:40,B,172.168.1.8
        2,05/04/2019,18:40,B,172.168.1.8
      112,05/04/2019,18:46,B,172.168.1.8
        1,05/04/2019,18:53,B,172.168.1.8
      255,05/04/2019,19:00,B,172.168.1.8
      283,05/04/2019,19:00,B,172.168.1.8
      310,05/04/2019,19:00,B,172.168.1.8
      121,06/04/2019,06:43,B,172.168.1.8
      273,06/04/2019,07:47,B,172.168.1.8
      126,06/04/2019,08:13,B,172.168.1.8
       65,06/04/2019,08:30,B,172.168.1.8
       35,06/04/2019,08:42,B,172.168.1.8
      260,06/04/2019,08:56,B,172.168.1.8
       12,06/04/2019,09:17,B,172.168.1.8
       32,06/04/2019,09:27,B,172.168.1.8
      268,06/04/2019,09:33,B,172.168.1.8
      280,06/04/2019,09:43,B,172.168.1.8
      283,06/04/2019,09:46,B,172.168.1.8
      256,06/04/2019,10:02,B,172.168.1.8
       20,06/04/2019,10:35,B,172.168.1.8
       22,06/04/2019,10:47,B,172.168.1.8
        1,06/04/2019,10:52,B,172.168.1.8
       28,06/04/2019,10:56,B,172.168.1.8
      290,06/04/2019,11:02,B,172.168.1.8
       26,06/04/2019,11:29,B,172.168.1.8
        2,06/04/2019,11:36,B,172.168.1.8
       35,06/04/2019,12:19,B,172.168.1.8
       28,06/04/2019,13:33,B,172.168.1.8
       17,06/04/2019,14:14,B,172.168.1.8
       65,06/04/2019,14:30,B,172.168.1.8
       22,06/04/2019,14:40,B,172.168.1.8
      121,06/04/2019,14:58,B,172.168.1.8
      121,06/04/2019,14:59,B,172.168.1.8
       20,06/04/2019,15:40,B,172.168.1.8
      283,06/04/2019,15:56,B,172.168.1.8
      260,06/04/2019,16:20,B,172.168.1.8
      273,06/04/2019,17:06,B,172.168.1.8
      290,06/04/2019,17:26,B,172.168.1.8
      280,06/04/2019,17:45,B,172.168.1.8
      268,06/04/2019,17:52,B,172.168.1.8
       26,06/04/2019,18:01,B,172.168.1.8
       17,06/04/2019,18:25,B,172.168.1.8
       24,06/04/2019,18:26,B,172.168.1.8
       12,06/04/2019,18:29,B,172.168.1.8
        2,06/04/2019,18:30,B,172.168.1.8
      312,06/04/2019,18:30,B,172.168.1.8
        1,06/04/2019,18:44,B,172.168.1.8
      256,06/04/2019,18:50,B,172.168.1.8
      126,06/04/2019,18:50,B,172.168.1.8
      121,08/04/2019,06:41,B,172.168.1.8
      273,08/04/2019,07:32,B,172.168.1.8
      125,08/04/2019,07:42,B,172.168.1.8
      126,08/04/2019,07:46,B,172.168.1.8
      215,08/04/2019,07:55,B,172.168.1.8
      255,08/04/2019,07:56,B,172.168.1.8
       63,08/04/2019,08:05,B,172.168.1.8
      260,08/04/2019,08:10,B,172.168.1.8
      205,08/04/2019,08:13,B,172.168.1.8
       52,08/04/2019,08:13,B,172.168.1.8
      207,08/04/2019,08:19,B,172.168.1.8
      301,08/04/2019,08:29,B,172.168.1.8
      212,08/04/2019,08:36,B,172.168.1.8
      296,08/04/2019,08:40,B,172.168.1.8
       65,08/04/2019,08:41,B,172.168.1.8
       36,08/04/2019,08:45,B,172.168.1.8
       23,08/04/2019,08:47,B,172.168.1.8
      115,08/04/2019,08:47,B,172.168.1.8
      208,08/04/2019,08:50,B,172.168.1.8
      303,08/04/2019,08:51,B,172.168.1.8
      303,08/04/2019,08:51,B,172.168.1.8
      203,08/04/2019,08:54,B,172.168.1.8
      120,08/04/2019,08:54,B,172.168.1.8
       14,08/04/2019,08:55,B,172.168.1.8
      268,08/04/2019,09:00,B,172.168.1.8
      119,08/04/2019,09:02,B,172.168.1.8
      112,08/04/2019,09:03,B,172.168.1.8
      312,08/04/2019,09:05,B,172.168.1.8
       25,08/04/2019,09:06,B,172.168.1.8
      202,08/04/2019,09:06,B,172.168.1.8
       72,08/04/2019,09:06,B,172.168.1.8
      214,08/04/2019,09:12,B,172.168.1.8
      309,08/04/2019,09:12,B,172.168.1.8
      110,08/04/2019,09:17,B,172.168.1.8
      122,08/04/2019,09:17,B,172.168.1.8
      280,08/04/2019,09:28,B,172.168.1.8
      216,08/04/2019,09:33,B,172.168.1.8
      123,08/04/2019,09:37,B,172.168.1.8
      127,08/04/2019,09:38,B,172.168.1.8
      283,08/04/2019,09:38,B,172.168.1.8
       12,08/04/2019,09:42,B,172.168.1.8
      206,08/04/2019,09:43,B,172.168.1.8
      116,08/04/2019,09:46,B,172.168.1.8
      209,08/04/2019,09:47,B,172.168.1.8
      204,08/04/2019,09:47,B,172.168.1.8
      211,08/04/2019,09:50,B,172.168.1.8
      289,08/04/2019,09:50,B,172.168.1.8
      128,08/04/2019,09:51,B,172.168.1.8
      213,08/04/2019,09:52,B,172.168.1.8
      297,08/04/2019,09:56,B,172.168.1.8
      256,08/04/2019,09:56,B,172.168.1.8
      109,08/04/2019,09:57,B,172.168.1.8
       35,08/04/2019,09:58,B,172.168.1.8
       17,08/04/2019,10:00,B,172.168.1.8
       10,08/04/2019,10:03,B,172.168.1.8
        5,08/04/2019,10:03,B,172.168.1.8
      310,08/04/2019,10:04,B,172.168.1.8
       22,08/04/2019,10:06,B,172.168.1.8
       37,08/04/2019,10:06,B,172.168.1.8
      258,08/04/2019,10:09,B,172.168.1.8
      290,08/04/2019,10:10,B,172.168.1.8
      261,08/04/2019,10:11,B,172.168.1.8
      271,08/04/2019,10:13,B,172.168.1.8
        1,08/04/2019,10:14,B,172.168.1.8
      114,08/04/2019,10:19,B,172.168.1.8
      131,08/04/2019,10:21,B,172.168.1.8
       21,08/04/2019,10:21,B,172.168.1.8
      129,08/04/2019,10:25,B,172.168.1.8
       28,08/04/2019,10:25,B,172.168.1.8
      117,08/04/2019,10:29,B,172.168.1.8
      293,08/04/2019,10:34,B,172.168.1.8
       24,08/04/2019,10:36,B,172.168.1.8
      295,08/04/2019,10:36,B,172.168.1.8
       63,08/04/2019,10:38,B,172.168.1.8
      101,08/04/2019,10:39,B,172.168.1.8
        8,08/04/2019,10:43,B,172.168.1.8
      254,08/04/2019,10:44,B,172.168.1.8
      291,08/04/2019,10:52,B,172.168.1.8
       27,08/04/2019,10:56,B,172.168.1.8
      210,08/04/2019,10:56,B,172.168.1.8
       70,08/04/2019,11:01,B,172.168.1.8
      251,08/04/2019,11:03,B,172.168.1.8
      106,08/04/2019,11:04,B,172.168.1.8
       30,08/04/2019,11:08,B,172.168.1.8
        9,08/04/2019,11:09,B,172.168.1.8
       16,08/04/2019,11:16,B,172.168.1.8
       11,08/04/2019,11:22,B,172.168.1.8
       19,08/04/2019,11:25,B,172.168.1.8
        2,08/04/2019,11:37,B,172.168.1.8
      212,08/04/2019,12:04,B,172.168.1.8
      213,08/04/2019,13:07,B,172.168.1.8
       52,08/04/2019,13:11,B,172.168.1.8
       51,08/04/2019,13:15,B,172.168.1.8
      207,08/04/2019,13:23,B,172.168.1.8
      122,08/04/2019,13:23,B,172.168.1.8
      205,08/04/2019,13:26,B,172.168.1.8
      205,08/04/2019,13:26,B,172.168.1.8
      208,08/04/2019,13:50,B,172.168.1.8
      203,08/04/2019,14:02,B,172.168.1.8
      203,08/04/2019,14:02,B,172.168.1.8
      214,08/04/2019,14:02,B,172.168.1.8
       64,08/04/2019,14:02,B,172.168.1.8
      209,08/04/2019,14:05,B,172.168.1.8
      206,08/04/2019,14:05,B,172.168.1.8
      204,08/04/2019,14:05,B,172.168.1.8
      202,08/04/2019,14:21,B,172.168.1.8
       36,08/04/2019,14:44,B,172.168.1.8
       51,08/04/2019,14:46,B,172.168.1.8
      211,08/04/2019,14:51,B,172.168.1.8
       72,08/04/2019,15:11,B,172.168.1.8
      303,08/04/2019,15:11,B,172.168.1.8
      121,08/04/2019,15:12,B,172.168.1.8
       65,08/04/2019,15:20,B,172.168.1.8
      309,08/04/2019,15:22,B,172.168.1.8
       23,08/04/2019,15:31,B,172.168.1.8
       64,08/04/2019,15:39,B,172.168.1.8
      210,08/04/2019,15:57,B,172.168.1.8
      291,08/04/2019,16:04,B,172.168.1.8
        5,08/04/2019,16:13,B,172.168.1.8
       35,08/04/2019,16:13,B,172.168.1.8
       35,08/04/2019,16:14,B,172.168.1.8
       22,08/04/2019,16:16,B,172.168.1.8
        5,08/04/2019,16:19,B,172.168.1.8
      126,08/04/2019,16:37,B,172.168.1.8
      119,08/04/2019,16:47,B,172.168.1.8
       28,08/04/2019,16:47,B,172.168.1.8
       25,08/04/2019,16:55,B,172.168.1.8
      128,08/04/2019,17:11,B,172.168.1.8
      110,08/04/2019,17:12,B,172.168.1.8
      109,08/04/2019,17:12,B,172.168.1.8
        9,08/04/2019,17:14,B,172.168.1.8
      295,08/04/2019,17:15,B,172.168.1.8
      297,08/04/2019,17:15,B,172.168.1.8
       21,08/04/2019,17:16,B,172.168.1.8
       16,08/04/2019,17:17,B,172.168.1.8
      131,08/04/2019,17:18,B,172.168.1.8
      289,08/04/2019,17:22,B,172.168.1.8
      261,08/04/2019,17:22,B,172.168.1.8
      271,08/04/2019,17:25,B,172.168.1.8
      273,08/04/2019,17:33,B,172.168.1.8
      254,08/04/2019,17:33,B,172.168.1.8
       19,08/04/2019,17:33,B,172.168.1.8
      260,08/04/2019,17:33,B,172.168.1.8
      127,08/04/2019,17:42,B,172.168.1.8
      120,08/04/2019,17:43,B,172.168.1.8
      129,08/04/2019,17:55,B,172.168.1.8
      114,08/04/2019,18:00,B,172.168.1.8
      280,08/04/2019,18:00,B,172.168.1.8
      114,08/04/2019,18:00,B,172.168.1.8
      268,08/04/2019,18:00,B,172.168.1.8
      293,08/04/2019,18:00,B,172.168.1.8
      296,08/04/2019,18:00,B,172.168.1.8
       30,08/04/2019,18:04,B,172.168.1.8
      290,08/04/2019,18:04,B,172.168.1.8
       11,08/04/2019,18:16,B,172.168.1.8
       32,08/04/2019,18:16,B,172.168.1.8
      251,08/04/2019,18:19,B,172.168.1.8
      116,08/04/2019,18:19,B,172.168.1.8
      106,08/04/2019,18:19,B,172.168.1.8
       58,08/04/2019,18:21,B,172.168.1.8
      116,08/04/2019,18:22,B,172.168.1.8
      112,08/04/2019,18:22,B,172.168.1.8
      112,08/04/2019,18:22,B,172.168.1.8
      251,08/04/2019,18:22,B,172.168.1.8
      115,08/04/2019,18:23,B,172.168.1.8
      101,08/04/2019,18:23,B,172.168.1.8
      123,08/04/2019,18:27,B,172.168.1.8
      312,08/04/2019,18:31,B,172.168.1.8
       24,08/04/2019,18:40,B,172.168.1.8
        2,08/04/2019,18:40,B,172.168.1.8
      312,08/04/2019,18:40,B,172.168.1.8
        8,08/04/2019,18:45,B,172.168.1.8
      310,08/04/2019,19:23,B,172.168.1.8
      283,08/04/2019,19:23,B,172.168.1.8
       17,08/04/2019,20:13,B,172.168.1.8
       14,08/04/2019,22:09,B,172.168.1.8
       10,08/04/2019,22:09,B,172.168.1.8
       27,08/04/2019,22:09,B,172.168.1.8
       12,08/04/2019,22:17,B,172.168.1.8
        1,08/04/2019,22:17,B,172.168.1.8
      255,08/04/2019,22:20,B,172.168.1.8
      256,08/04/2019,22:20,B,172.168.1.8
      121,09/04/2019,06:46,B,172.168.1.8
      273,09/04/2019,07:36,B,172.168.1.8
      205,09/04/2019,07:44,B,172.168.1.8
      205,09/04/2019,07:44,B,172.168.1.8
      126,09/04/2019,07:48,B,172.168.1.8
       54,09/04/2019,07:51,B,172.168.1.8
      125,09/04/2019,07:52,B,172.168.1.8
      287,09/04/2019,07:58,B,172.168.1.8
      287,09/04/2019,08:00,B,172.168.1.8
      215,09/04/2019,08:03,B,172.168.1.8
      207,09/04/2019,08:12,B,172.168.1.8
      208,09/04/2019,08:18,B,172.168.1.8
       52,09/04/2019,08:18,B,172.168.1.8
      260,09/04/2019,08:20,B,172.168.1.8
      212,09/04/2019,08:24,B,172.168.1.8
      255,09/04/2019,08:31,B,172.168.1.8
       18,09/04/2019,08:35,B,172.168.1.8
       72,09/04/2019,08:38,B,172.168.1.8
       32,09/04/2019,08:45,B,172.168.1.8
      115,09/04/2019,08:47,B,172.168.1.8
      262,09/04/2019,08:51,B,172.168.1.8
       36,09/04/2019,08:51,B,172.168.1.8
      120,09/04/2019,08:54,B,172.168.1.8
      118,09/04/2019,08:57,B,172.168.1.8
       23,09/04/2019,08:57,B,172.168.1.8
      296,09/04/2019,09:01,B,172.168.1.8
      214,09/04/2019,09:02,B,172.168.1.8
      119,09/04/2019,09:06,B,172.168.1.8
      303,09/04/2019,09:09,B,172.168.1.8
      202,09/04/2019,09:12,B,172.168.1.8
      203,09/04/2019,09:15,B,172.168.1.8
      122,09/04/2019,09:17,B,172.168.1.8
      216,09/04/2019,09:18,B,172.168.1.8
      309,09/04/2019,09:20,B,172.168.1.8
      280,09/04/2019,09:26,B,172.168.1.8
      283,09/04/2019,09:26,B,172.168.1.8
      268,09/04/2019,09:26,B,172.168.1.8
       25,09/04/2019,09:26,B,172.168.1.8
      206,09/04/2019,09:28,B,172.168.1.8
      211,09/04/2019,09:36,B,172.168.1.8
       21,09/04/2019,09:40,B,172.168.1.8
      110,09/04/2019,09:42,B,172.168.1.8
      209,09/04/2019,09:46,B,172.168.1.8
      204,09/04/2019,09:47,B,172.168.1.8
       22,09/04/2019,09:47,B,172.168.1.8
       35,09/04/2019,09:48,B,172.168.1.8
      127,09/04/2019,09:50,B,172.168.1.8
      256,09/04/2019,09:51,B,172.168.1.8
      128,09/04/2019,09:52,B,172.168.1.8
       17,09/04/2019,09:52,B,172.168.1.8
      112,09/04/2019,09:53,B,172.168.1.8
      213,09/04/2019,09:55,B,172.168.1.8
      109,09/04/2019,09:55,B,172.168.1.8
      297,09/04/2019,09:58,B,172.168.1.8
       12,09/04/2019,10:00,B,172.168.1.8
      289,09/04/2019,10:01,B,172.168.1.8
      310,09/04/2019,10:01,B,172.168.1.8
      116,09/04/2019,10:04,B,172.168.1.8
      271,09/04/2019,10:04,B,172.168.1.8
       54,09/04/2019,10:04,B,172.168.1.8
       14,09/04/2019,10:06,B,172.168.1.8
      261,09/04/2019,10:10,B,172.168.1.8
      114,09/04/2019,10:15,B,172.168.1.8
      295,09/04/2019,10:16,B,172.168.1.8
      131,09/04/2019,10:19,B,172.168.1.8
      293,09/04/2019,10:20,B,172.168.1.8
       16,09/04/2019,10:21,B,172.168.1.8
      123,09/04/2019,10:21,B,172.168.1.8
      117,09/04/2019,10:23,B,172.168.1.8
        1,09/04/2019,10:26,B,172.168.1.8
       30,09/04/2019,10:27,B,172.168.1.8
      101,09/04/2019,10:29,B,172.168.1.8
      129,09/04/2019,10:29,B,172.168.1.8
        9,09/04/2019,10:32,B,172.168.1.8
      254,09/04/2019,10:36,B,172.168.1.8
      251,09/04/2019,10:39,B,172.168.1.8
      291,09/04/2019,10:46,B,172.168.1.8
       10,09/04/2019,10:51,B,172.168.1.8
       10,09/04/2019,10:51,B,172.168.1.8
      210,09/04/2019,10:53,B,172.168.1.8
        8,09/04/2019,11:06,B,172.168.1.8
       24,09/04/2019,11:10,B,172.168.1.8
       19,09/04/2019,11:10,B,172.168.1.8
      312,09/04/2019,11:15,B,172.168.1.8
       27,09/04/2019,11:19,B,172.168.1.8
        2,09/04/2019,11:28,B,172.168.1.8
      305,09/04/2019,11:57,B,172.168.1.8
      311,09/04/2019,12:08,B,172.168.1.8
      122,09/04/2019,12:40,B,172.168.1.8
      205,09/04/2019,12:47,B,172.168.1.8
      205,09/04/2019,12:47,B,172.168.1.8
      205,09/04/2019,12:47,B,172.168.1.8
      215,09/04/2019,12:51,B,172.168.1.8
      309,09/04/2019,12:54,B,172.168.1.8
       52,09/04/2019,13:01,B,172.168.1.8
      208,09/04/2019,13:25,B,172.168.1.8
      212,09/04/2019,13:26,B,172.168.1.8
      304,09/04/2019,13:54,B,172.168.1.8
      216,09/04/2019,13:59,B,172.168.1.8
      216,09/04/2019,14:00,B,172.168.1.8
      214,09/04/2019,14:00,B,172.168.1.8
      202,09/04/2019,14:10,B,172.168.1.8
       36,09/04/2019,14:14,B,172.168.1.8
      203,09/04/2019,14:16,B,172.168.1.8
      211,09/04/2019,14:41,B,172.168.1.8
      206,09/04/2019,14:50,B,172.168.1.8
      209,09/04/2019,14:51,B,172.168.1.8
      204,09/04/2019,14:51,B,172.168.1.8
      213,09/04/2019,14:51,B,172.168.1.8
      213,09/04/2019,14:53,B,172.168.1.8
       72,09/04/2019,15:02,B,172.168.1.8
      303,09/04/2019,15:06,B,172.168.1.8
      311,09/04/2019,15:14,B,172.168.1.8
      121,09/04/2019,15:17,B,172.168.1.8
       35,09/04/2019,15:22,B,172.168.1.8
      305,09/04/2019,15:31,B,172.168.1.8
      210,09/04/2019,15:54,B,172.168.1.8
       23,09/04/2019,16:00,B,172.168.1.8
      125,09/04/2019,16:04,B,172.168.1.8
      291,09/04/2019,16:29,B,172.168.1.8
       21,09/04/2019,16:36,B,172.168.1.8
       19,09/04/2019,16:45,B,172.168.1.8
      119,09/04/2019,16:48,B,172.168.1.8
      126,09/04/2019,16:50,B,172.168.1.8
       37,09/04/2019,16:54,B,172.168.1.8
       25,09/04/2019,17:01,B,172.168.1.8
       22,09/04/2019,17:09,B,172.168.1.8
       27,09/04/2019,17:11,B,172.168.1.8
      110,09/04/2019,17:11,B,172.168.1.8
      109,09/04/2019,17:12,B,172.168.1.8
      128,09/04/2019,17:14,B,172.168.1.8
       18,09/04/2019,17:20,B,172.168.1.8
      289,09/04/2019,17:21,B,172.168.1.8
      261,09/04/2019,17:21,B,172.168.1.8
      262,09/04/2019,17:22,B,172.168.1.8
      297,09/04/2019,17:22,B,172.168.1.8
      295,09/04/2019,17:22,B,172.168.1.8
      120,09/04/2019,17:23,B,172.168.1.8
      271,09/04/2019,17:24,B,172.168.1.8
      118,09/04/2019,17:24,B,172.168.1.8
      254,09/04/2019,17:24,B,172.168.1.8
      273,09/04/2019,17:27,B,172.168.1.8
      273,09/04/2019,17:28,B,172.168.1.8
      114,09/04/2019,17:31,B,172.168.1.8
      296,09/04/2019,17:31,B,172.168.1.8
      268,09/04/2019,17:32,B,172.168.1.8
      131,09/04/2019,17:33,B,172.168.1.8
      123,09/04/2019,17:33,B,172.168.1.8
       14,09/04/2019,17:40,B,172.168.1.8
       16,09/04/2019,17:40,B,172.168.1.8
       10,09/04/2019,17:40,B,172.168.1.8
        9,09/04/2019,17:43,B,172.168.1.8
      280,09/04/2019,17:49,B,172.168.1.8
      293,09/04/2019,17:51,B,172.168.1.8
      129,09/04/2019,17:53,B,172.168.1.8
        9,09/04/2019,17:53,B,172.168.1.8
       30,09/04/2019,18:01,B,172.168.1.8
      287,09/04/2019,18:04,B,172.168.1.8
      260,09/04/2019,18:06,B,172.168.1.8
      116,09/04/2019,18:07,B,172.168.1.8
       58,09/04/2019,18:07,B,172.168.1.8
       32,09/04/2019,18:23,B,172.168.1.8
      312,09/04/2019,18:24,B,172.168.1.8
       24,09/04/2019,18:26,B,172.168.1.8
       17,09/04/2019,18:35,B,172.168.1.8
      255,09/04/2019,19:00,B,172.168.1.8
      310,09/04/2019,19:10,B,172.168.1.8
      283,09/04/2019,19:10,B,172.168.1.8
      251,09/04/2019,21:33,B,172.168.1.8
      251,09/04/2019,21:34,B,172.168.1.8
      115,09/04/2019,21:34,B,172.168.1.8
      101,09/04/2019,21:34,B,172.168.1.8
      112,09/04/2019,22:30,B,172.168.1.8
       11,09/04/2019,22:51,B,172.168.1.8
        2,09/04/2019,22:52,B,172.168.1.8
        8,09/04/2019,22:53,B,172.168.1.8
       12,09/04/2019,22:55,B,172.168.1.8
        8,09/04/2019,22:56,B,172.168.1.8
        1,09/04/2019,23:03,B,172.168.1.8
      256,09/04/2019,23:04,B,172.168.1.8
      121,10/04/2019,06:42,B,172.168.1.8
      262,10/04/2019,06:57,B,172.168.1.8
      273,10/04/2019,07:27,B,172.168.1.8
      126,10/04/2019,07:35,B,172.168.1.8
      125,10/04/2019,07:49,B,172.168.1.8
      205,10/04/2019,07:54,B,172.168.1.8
      287,10/04/2019,08:06,B,172.168.1.8
      215,10/04/2019,08:11,B,172.168.1.8
      260,10/04/2019,08:21,B,172.168.1.8
      260,10/04/2019,08:21,B,172.168.1.8
      208,10/04/2019,08:26,B,172.168.1.8
      212,10/04/2019,08:26,B,172.168.1.8
      255,10/04/2019,08:33,B,172.168.1.8
       65,10/04/2019,08:42,B,172.168.1.8
       36,10/04/2019,08:45,B,172.168.1.8
      115,10/04/2019,08:47,B,172.168.1.8
      207,10/04/2019,08:52,B,172.168.1.8
       11,10/04/2019,08:55,B,172.168.1.8
      120,10/04/2019,08:56,B,172.168.1.8
      119,10/04/2019,08:58,B,172.168.1.8
       25,10/04/2019,08:59,B,172.168.1.8
       28,10/04/2019,08:59,B,172.168.1.8
      301,10/04/2019,09:01,B,172.168.1.8
      296,10/04/2019,09:02,B,172.168.1.8
      202,10/04/2019,09:05,B,172.168.1.8
      203,10/04/2019,09:06,B,172.168.1.8
      268,10/04/2019,09:07,B,172.168.1.8
       21,10/04/2019,09:08,B,172.168.1.8
      216,10/04/2019,09:09,B,172.168.1.8
      214,10/04/2019,09:09,B,172.168.1.8
       23,10/04/2019,09:14,B,172.168.1.8
       18,10/04/2019,09:15,B,172.168.1.8
       32,10/04/2019,09:25,B,172.168.1.8
      303,10/04/2019,09:25,B,172.168.1.8
      206,10/04/2019,09:27,B,172.168.1.8
       12,10/04/2019,09:30,B,172.168.1.8
       12,10/04/2019,09:33,B,172.168.1.8
      283,10/04/2019,09:37,B,172.168.1.8
      213,10/04/2019,09:37,B,172.168.1.8
       64,10/04/2019,09:37,B,172.168.1.8
      110,10/04/2019,09:38,B,172.168.1.8
       72,10/04/2019,09:42,B,172.168.1.8
      127,10/04/2019,09:42,B,172.168.1.8
       17,10/04/2019,09:46,B,172.168.1.8
      209,10/04/2019,09:47,B,172.168.1.8
      204,10/04/2019,09:48,B,172.168.1.8
      204,10/04/2019,09:48,B,172.168.1.8
      211,10/04/2019,09:52,B,172.168.1.8
      131,10/04/2019,09:52,B,172.168.1.8
      290,10/04/2019,09:54,B,172.168.1.8
      112,10/04/2019,09:58,B,172.168.1.8
        5,10/04/2019,09:58,B,172.168.1.8
      128,10/04/2019,09:59,B,172.168.1.8
      258,10/04/2019,09:59,B,172.168.1.8
       24,10/04/2019,10:00,B,172.168.1.8
      297,10/04/2019,10:01,B,172.168.1.8
      109,10/04/2019,10:01,B,172.168.1.8
      310,10/04/2019,10:01,B,172.168.1.8
      289,10/04/2019,10:03,B,172.168.1.8
      114,10/04/2019,10:03,B,172.168.1.8
       35,10/04/2019,10:04,B,172.168.1.8
      116,10/04/2019,10:06,B,172.168.1.8
       35,10/04/2019,10:06,B,172.168.1.8
      280,10/04/2019,10:06,B,172.168.1.8
      271,10/04/2019,10:07,B,172.168.1.8
      256,10/04/2019,10:08,B,172.168.1.8
      261,10/04/2019,10:12,B,172.168.1.8
        1,10/04/2019,10:13,B,172.168.1.8
       14,10/04/2019,10:18,B,172.168.1.8
      129,10/04/2019,10:19,B,172.168.1.8
       16,10/04/2019,10:21,B,172.168.1.8
       16,10/04/2019,10:21,B,172.168.1.8
      117,10/04/2019,10:27,B,172.168.1.8
      295,10/04/2019,10:28,B,172.168.1.8
      123,10/04/2019,10:29,B,172.168.1.8
      101,10/04/2019,10:32,B,172.168.1.8
      118,10/04/2019,10:34,B,172.168.1.8
       10,10/04/2019,10:38,B,172.168.1.8
      254,10/04/2019,10:42,B,172.168.1.8
      210,10/04/2019,10:46,B,172.168.1.8
      251,10/04/2019,10:47,B,172.168.1.8
        8,10/04/2019,10:57,B,172.168.1.8
      106,10/04/2019,11:00,B,172.168.1.8
       19,10/04/2019,11:10,B,172.168.1.8
       30,10/04/2019,11:15,B,172.168.1.8
      312,10/04/2019,11:20,B,172.168.1.8
       22,10/04/2019,11:20,B,172.168.1.8
       27,10/04/2019,11:24,B,172.168.1.8
        2,10/04/2019,12:18,B,172.168.1.8
      293,10/04/2019,12:23,B,172.168.1.8
       64,10/04/2019,12:34,B,172.168.1.8
      205,10/04/2019,13:05,B,172.168.1.8
      205,10/04/2019,13:06,B,172.168.1.8
      291,10/04/2019,13:07,B,172.168.1.8
      215,10/04/2019,13:11,B,172.168.1.8
      203,10/04/2019,14:14,B,172.168.1.8
      202,10/04/2019,14:15,B,172.168.1.8
      214,10/04/2019,14:18,B,172.168.1.8
      212,10/04/2019,14:18,B,172.168.1.8
      208,10/04/2019,14:18,B,172.168.1.8
      207,10/04/2019,14:19,B,172.168.1.8
      207,10/04/2019,14:19,B,172.168.1.8
      207,10/04/2019,14:19,B,172.168.1.8
      131,10/04/2019,14:22,B,172.168.1.8
      216,10/04/2019,14:23,B,172.168.1.8
      209,10/04/2019,14:26,B,172.168.1.8
      204,10/04/2019,14:26,B,172.168.1.8
      206,10/04/2019,14:27,B,172.168.1.8
      213,10/04/2019,14:27,B,172.168.1.8
      209,10/04/2019,14:28,B,172.168.1.8
      204,10/04/2019,14:28,B,172.168.1.8
      211,10/04/2019,14:57,B,172.168.1.8
      121,10/04/2019,14:59,B,172.168.1.8
      210,10/04/2019,15:00,B,172.168.1.8
       36,10/04/2019,15:02,B,172.168.1.8
      262,10/04/2019,15:13,B,172.168.1.8
      303,10/04/2019,15:33,B,172.168.1.8
      303,10/04/2019,15:33,B,172.168.1.8
      301,10/04/2019,15:44,B,172.168.1.8
      116,10/04/2019,15:45,B,172.168.1.8
      125,10/04/2019,15:49,B,172.168.1.8
      298,10/04/2019,16:03,B,172.168.1.8
       24,10/04/2019,16:05,B,172.168.1.8
       35,10/04/2019,16:05,B,172.168.1.8
       65,10/04/2019,16:10,B,172.168.1.8
        5,10/04/2019,16:17,B,172.168.1.8
      119,10/04/2019,16:42,B,172.168.1.8
      126,10/04/2019,16:45,B,172.168.1.8
       72,10/04/2019,16:58,B,172.168.1.8
       16,10/04/2019,17:00,B,172.168.1.8
       25,10/04/2019,17:04,B,172.168.1.8
      110,10/04/2019,17:10,B,172.168.1.8
      109,10/04/2019,17:10,B,172.168.1.8
      291,10/04/2019,17:12,B,172.168.1.8
      128,10/04/2019,17:13,B,172.168.1.8
      297,10/04/2019,17:20,B,172.168.1.8
      295,10/04/2019,17:24,B,172.168.1.8
      271,10/04/2019,17:28,B,172.168.1.8
      254,10/04/2019,17:28,B,172.168.1.8
      118,10/04/2019,17:31,B,172.168.1.8
      296,10/04/2019,17:36,B,172.168.1.8
      273,10/04/2019,17:39,B,172.168.1.8
      123,10/04/2019,17:41,B,172.168.1.8
      289,10/04/2019,17:42,B,172.168.1.8
      261,10/04/2019,17:43,B,172.168.1.8
      114,10/04/2019,17:44,B,172.168.1.8
       21,10/04/2019,17:46,B,172.168.1.8
      120,10/04/2019,17:48,B,172.168.1.8
      127,10/04/2019,17:49,B,172.168.1.8
      106,10/04/2019,17:50,B,172.168.1.8
      258,10/04/2019,17:50,B,172.168.1.8
      258,10/04/2019,17:51,B,172.168.1.8
      290,10/04/2019,17:52,B,172.168.1.8
      256,10/04/2019,18:00,B,172.168.1.8
       23,10/04/2019,18:04,B,172.168.1.8
      260,10/04/2019,18:04,B,172.168.1.8
       27,10/04/2019,18:08,B,172.168.1.8
      293,10/04/2019,18:12,B,172.168.1.8
      251,10/04/2019,18:21,B,172.168.1.8
      118,10/04/2019,18:21,B,172.168.1.8
      101,10/04/2019,18:21,B,172.168.1.8
      117,10/04/2019,18:24,B,172.168.1.8
       32,10/04/2019,18:25,B,172.168.1.8
      129,10/04/2019,18:30,B,172.168.1.8
      312,10/04/2019,18:35,B,172.168.1.8
      268,10/04/2019,18:36,B,172.168.1.8
      280,10/04/2019,18:36,B,172.168.1.8
        2,10/04/2019,18:40,B,172.168.1.8
        2,10/04/2019,18:40,B,172.168.1.8
       14,10/04/2019,18:40,B,172.168.1.8
       17,10/04/2019,18:40,B,172.168.1.8
       22,10/04/2019,18:42,B,172.168.1.8
       28,10/04/2019,18:46,B,172.168.1.8
       11,10/04/2019,18:57,B,172.168.1.8
       10,10/04/2019,18:57,B,172.168.1.8
        8,10/04/2019,18:58,B,172.168.1.8
      255,10/04/2019,19:05,B,172.168.1.8
       18,10/04/2019,19:19,B,172.168.1.8
      310,10/04/2019,19:36,B,172.168.1.8
      283,10/04/2019,19:38,B,172.168.1.8
      283,10/04/2019,19:41,B,172.168.1.8
       19,10/04/2019,23:00,B,172.168.1.8
        9,10/04/2019,23:02,B,172.168.1.8
       30,10/04/2019,23:02,B,172.168.1.8
       12,10/04/2019,23:08,B,172.168.1.8
        1,10/04/2019,23:10,B,172.168.1.8
      112,10/04/2019,23:12,B,172.168.1.8
      287,10/04/2019,23:12,B,172.168.1.8
      121,11/04/2019,06:43,B,172.168.1.8
      273,11/04/2019,07:28,B,172.168.1.8
      298,11/04/2019,07:28,B,172.168.1.8
      126,11/04/2019,07:34,B,172.168.1.8
      260,11/04/2019,08:19,B,172.168.1.8
      125,11/04/2019,08:21,B,172.168.1.8
      287,11/04/2019,08:28,B,172.168.1.8
       23,11/04/2019,08:30,B,172.168.1.8
      115,11/04/2019,08:47,B,172.168.1.8
      120,11/04/2019,08:55,B,172.168.1.8
      119,11/04/2019,08:56,B,172.168.1.8
      255,11/04/2019,09:00,B,172.168.1.8
       21,11/04/2019,09:06,B,172.168.1.8
      296,11/04/2019,09:08,B,172.168.1.8
       25,11/04/2019,09:08,B,172.168.1.8
       16,11/04/2019,09:17,B,172.168.1.8
       18,11/04/2019,09:17,B,172.168.1.8
       14,11/04/2019,09:18,B,172.168.1.8
       12,11/04/2019,09:25,B,172.168.1.8
      118,11/04/2019,09:26,B,172.168.1.8
      283,11/04/2019,09:26,B,172.168.1.8
      303,11/04/2019,09:28,B,172.168.1.8
      116,11/04/2019,09:30,B,172.168.1.8
      127,11/04/2019,09:33,B,172.168.1.8
      110,11/04/2019,09:39,B,172.168.1.8
       72,11/04/2019,09:41,B,172.168.1.8
       64,11/04/2019,09:43,B,172.168.1.8
       35,11/04/2019,09:46,B,172.168.1.8
      289,11/04/2019,09:49,B,172.168.1.8
      280,11/04/2019,09:49,B,172.168.1.8
      268,11/04/2019,09:49,B,172.168.1.8
      309,11/04/2019,09:51,B,172.168.1.8
      290,11/04/2019,09:51,B,172.168.1.8
       32,11/04/2019,09:52,B,172.168.1.8
       28,11/04/2019,09:55,B,172.168.1.8
      109,11/04/2019,09:55,B,172.168.1.8
       17,11/04/2019,09:56,B,172.168.1.8
      131,11/04/2019,10:03,B,172.168.1.8
      297,11/04/2019,10:04,B,172.168.1.8
      271,11/04/2019,10:06,B,172.168.1.8
      261,11/04/2019,10:07,B,172.168.1.8
      310,11/04/2019,10:09,B,172.168.1.8
       52,11/04/2019,10:09,B,172.168.1.8
      293,11/04/2019,10:11,B,172.168.1.8
      114,11/04/2019,10:17,B,172.168.1.8
      101,11/04/2019,10:19,B,172.168.1.8
        5,11/04/2019,10:22,B,172.168.1.8
       22,11/04/2019,10:22,B,172.168.1.8
      312,11/04/2019,10:22,B,172.168.1.8
      112,11/04/2019,10:23,B,172.168.1.8
       22,11/04/2019,10:23,B,172.168.1.8
      117,11/04/2019,10:30,B,172.168.1.8
        1,11/04/2019,10:32,B,172.168.1.8
       24,11/04/2019,10:37,B,172.168.1.8
      254,11/04/2019,10:41,B,172.168.1.8
        2,11/04/2019,10:42,B,172.168.1.8
      291,11/04/2019,10:49,B,172.168.1.8
        8,11/04/2019,10:54,B,172.168.1.8
      251,11/04/2019,11:07,B,172.168.1.8
       11,11/04/2019,11:12,B,172.168.1.8
       27,11/04/2019,11:25,B,172.168.1.8
       10,11/04/2019,11:32,B,172.168.1.8
       26,11/04/2019,11:35,B,172.168.1.8
      256,11/04/2019,11:44,B,172.168.1.8
      305,11/04/2019,11:46,B,172.168.1.8
      201,11/04/2019,12:02,B,172.168.1.8
      301,11/04/2019,12:15,B,172.168.1.8
       65,11/04/2019,12:30,B,172.168.1.8
       64,11/04/2019,12:43,B,172.168.1.8
      201,11/04/2019,13:16,B,172.168.1.8
       16,11/04/2019,14:36,B,172.168.1.8
      309,11/04/2019,15:04,B,172.168.1.8
      303,11/04/2019,15:09,B,172.168.1.8
      305,11/04/2019,15:10,B,172.168.1.8
       30,11/04/2019,15:11,B,172.168.1.8
      121,11/04/2019,15:13,B,172.168.1.8
        2,11/04/2019,15:38,B,172.168.1.8
      298,11/04/2019,16:02,B,172.168.1.8
        5,11/04/2019,16:15,B,172.168.1.8
      125,11/04/2019,16:17,B,172.168.1.8
       72,11/04/2019,16:35,B,172.168.1.8
        9,11/04/2019,16:37,B,172.168.1.8
      297,11/04/2019,16:40,B,172.168.1.8
      126,11/04/2019,16:52,B,172.168.1.8
      119,11/04/2019,16:54,B,172.168.1.8
      119,11/04/2019,16:55,B,172.168.1.8
      301,11/04/2019,16:57,B,172.168.1.8
      126,11/04/2019,16:57,B,172.168.1.8
       35,11/04/2019,16:59,B,172.168.1.8
       25,11/04/2019,17:04,B,172.168.1.8
      109,11/04/2019,17:12,B,172.168.1.8
      110,11/04/2019,17:12,B,172.168.1.8
      131,11/04/2019,17:15,B,172.168.1.8
      291,11/04/2019,17:17,B,172.168.1.8
      118,11/04/2019,17:20,B,172.168.1.8
      254,11/04/2019,17:27,B,172.168.1.8
      127,11/04/2019,17:39,B,172.168.1.8
      268,11/04/2019,17:40,B,172.168.1.8
      287,11/04/2019,17:41,B,172.168.1.8
      289,11/04/2019,17:42,B,172.168.1.8
      261,11/04/2019,17:42,B,172.168.1.8
      273,11/04/2019,17:42,B,172.168.1.8
      114,11/04/2019,17:42,B,172.168.1.8
       18,11/04/2019,17:47,B,172.168.1.8
      290,11/04/2019,17:48,B,172.168.1.8
      120,11/04/2019,17:57,B,172.168.1.8
      116,11/04/2019,18:05,B,172.168.1.8
       19,11/04/2019,18:05,B,172.168.1.8
      117,11/04/2019,18:05,B,172.168.1.8
       19,11/04/2019,18:05,B,172.168.1.8
      260,11/04/2019,18:05,B,172.168.1.8
       23,11/04/2019,18:06,B,172.168.1.8
       27,11/04/2019,18:12,B,172.168.1.8
       65,11/04/2019,18:13,B,172.168.1.8
      293,11/04/2019,18:15,B,172.168.1.8
       26,11/04/2019,18:17,B,172.168.1.8
       12,11/04/2019,18:20,B,172.168.1.8
       22,11/04/2019,18:21,B,172.168.1.8
       21,11/04/2019,18:21,B,172.168.1.8
      115,11/04/2019,18:24,B,172.168.1.8
      251,11/04/2019,18:24,B,172.168.1.8
       32,11/04/2019,18:28,B,172.168.1.8
       17,11/04/2019,18:34,B,172.168.1.8
       28,11/04/2019,18:39,B,172.168.1.8
        8,11/04/2019,18:41,B,172.168.1.8
      312,11/04/2019,18:41,B,172.168.1.8
       24,11/04/2019,18:44,B,172.168.1.8
       14,11/04/2019,18:49,B,172.168.1.8
       10,11/04/2019,19:00,B,172.168.1.8
       10,11/04/2019,19:00,B,172.168.1.8
        1,11/04/2019,19:13,B,172.168.1.8
      255,11/04/2019,19:31,B,172.168.1.8
      310,11/04/2019,19:31,B,172.168.1.8
       30,11/04/2019,19:34,B,172.168.1.8
       30,11/04/2019,19:35,B,172.168.1.8
      280,11/04/2019,20:01,B,172.168.1.8
      283,11/04/2019,20:01,B,172.168.1.8
      256,11/04/2019,20:01,B,172.168.1.8
      271,11/04/2019,20:01,B,172.168.1.8
      112,11/04/2019,20:01,B,172.168.1.8
      112,11/04/2019,20:02,B,172.168.1.8
      296,11/04/2019,20:02,B,172.168.1.8
      121,12/04/2019,06:48,B,172.168.1.8
      210,12/04/2019,07:35,B,172.168.1.8
      126,12/04/2019,07:41,B,172.168.1.8
      298,12/04/2019,07:43,B,172.168.1.8
      287,12/04/2019,08:02,B,172.168.1.8
      273,12/04/2019,08:07,B,172.168.1.8
      205,12/04/2019,08:08,B,172.168.1.8
      205,12/04/2019,08:08,B,172.168.1.8
      214,12/04/2019,08:18,B,172.168.1.8
      215,12/04/2019,08:23,B,172.168.1.8
      260,12/04/2019,08:26,B,172.168.1.8
      260,12/04/2019,08:26,B,172.168.1.8
       36,12/04/2019,08:27,B,172.168.1.8
      255,12/04/2019,08:33,B,172.168.1.8
       14,12/04/2019,08:42,B,172.168.1.8
      268,12/04/2019,08:48,B,172.168.1.8
      119,12/04/2019,08:49,B,172.168.1.8
      115,12/04/2019,08:49,B,172.168.1.8
      209,12/04/2019,08:51,B,172.168.1.8
      208,12/04/2019,08:54,B,172.168.1.8
      120,12/04/2019,08:59,B,172.168.1.8
      207,12/04/2019,08:59,B,172.168.1.8
      212,12/04/2019,08:59,B,172.168.1.8
      296,12/04/2019,09:03,B,172.168.1.8
      118,12/04/2019,09:09,B,172.168.1.8
      216,12/04/2019,09:19,B,172.168.1.8
      202,12/04/2019,09:19,B,172.168.1.8
       21,12/04/2019,09:20,B,172.168.1.8
      303,12/04/2019,09:20,B,172.168.1.8
       12,12/04/2019,09:21,B,172.168.1.8
       25,12/04/2019,09:25,B,172.168.1.8
       18,12/04/2019,09:28,B,172.168.1.8
      283,12/04/2019,09:32,B,172.168.1.8
      309,12/04/2019,09:37,B,172.168.1.8
        1,12/04/2019,09:41,B,172.168.1.8
      312,12/04/2019,09:42,B,172.168.1.8
      206,12/04/2019,09:44,B,172.168.1.8
      204,12/04/2019,09:44,B,172.168.1.8
      128,12/04/2019,09:46,B,172.168.1.8
      258,12/04/2019,09:48,B,172.168.1.8
       32,12/04/2019,09:50,B,172.168.1.8
       17,12/04/2019,09:51,B,172.168.1.8
      114,12/04/2019,09:54,B,172.168.1.8
      289,12/04/2019,09:57,B,172.168.1.8
       64,12/04/2019,09:58,B,172.168.1.8
      297,12/04/2019,09:59,B,172.168.1.8
      131,12/04/2019,09:59,B,172.168.1.8
      290,12/04/2019,10:00,B,172.168.1.8
      256,12/04/2019,10:02,B,172.168.1.8
      116,12/04/2019,10:02,B,172.168.1.8
      293,12/04/2019,10:04,B,172.168.1.8
      201,12/04/2019,10:06,B,172.168.1.8
       28,12/04/2019,10:07,B,172.168.1.8
       23,12/04/2019,10:07,B,172.168.1.8
       35,12/04/2019,10:07,B,172.168.1.8
      271,12/04/2019,10:07,B,172.168.1.8
      129,12/04/2019,10:08,B,172.168.1.8
       72,12/04/2019,10:08,B,172.168.1.8
      112,12/04/2019,10:08,B,172.168.1.8
       10,12/04/2019,10:17,B,172.168.1.8
      261,12/04/2019,10:17,B,172.168.1.8
      213,12/04/2019,10:17,B,172.168.1.8
        5,12/04/2019,10:17,B,172.168.1.8
      101,12/04/2019,10:18,B,172.168.1.8
       26,12/04/2019,10:23,B,172.168.1.8
      117,12/04/2019,10:29,B,172.168.1.8
      295,12/04/2019,10:36,B,172.168.1.8
      291,12/04/2019,10:40,B,172.168.1.8
       16,12/04/2019,10:42,B,172.168.1.8
      254,12/04/2019,10:43,B,172.168.1.8
       11,12/04/2019,10:55,B,172.168.1.8
      210,12/04/2019,11:01,B,172.168.1.8
       30,12/04/2019,11:02,B,172.168.1.8
        8,12/04/2019,11:05,B,172.168.1.8
       19,12/04/2019,11:06,B,172.168.1.8
       24,12/04/2019,11:07,B,172.168.1.8
        9,12/04/2019,11:49,B,172.168.1.8
      215,12/04/2019,11:51,B,172.168.1.8
      209,12/04/2019,11:51,B,172.168.1.8
      209,12/04/2019,11:52,B,172.168.1.8
      213,12/04/2019,11:52,B,172.168.1.8
      305,12/04/2019,11:59,B,172.168.1.8
      309,12/04/2019,12:26,B,172.168.1.8
       27,12/04/2019,12:33,B,172.168.1.8
      203,12/04/2019,12:55,B,172.168.1.8
      208,12/04/2019,12:56,B,172.168.1.8
      205,12/04/2019,12:59,B,172.168.1.8
      214,12/04/2019,13:26,B,172.168.1.8
      127,12/04/2019,13:27,B,172.168.1.8
      304,12/04/2019,13:44,B,172.168.1.8
      207,12/04/2019,13:54,B,172.168.1.8
      212,12/04/2019,13:54,B,172.168.1.8
      216,12/04/2019,13:54,B,172.168.1.8
      204,12/04/2019,13:58,B,172.168.1.8
      206,12/04/2019,13:59,B,172.168.1.8
      202,12/04/2019,14:15,B,172.168.1.8
       36,12/04/2019,14:47,B,172.168.1.8
      303,12/04/2019,14:56,B,172.168.1.8
       72,12/04/2019,14:58,B,172.168.1.8
      305,12/04/2019,15:25,B,172.168.1.8
      298,12/04/2019,15:34,B,172.168.1.8
      121,12/04/2019,15:39,B,172.168.1.8
      201,12/04/2019,15:47,B,172.168.1.8
      131,12/04/2019,15:56,B,172.168.1.8
       18,12/04/2019,15:58,B,172.168.1.8
      126,12/04/2019,16:01,B,172.168.1.8
      291,12/04/2019,16:11,B,172.168.1.8
        5,12/04/2019,16:23,B,172.168.1.8
      119,12/04/2019,16:32,B,172.168.1.8
       25,12/04/2019,17:01,B,172.168.1.8
       35,12/04/2019,17:05,B,172.168.1.8
      312,12/04/2019,17:12,B,172.168.1.8
      128,12/04/2019,17:13,B,172.168.1.8
      289,12/04/2019,17:19,B,172.168.1.8
      261,12/04/2019,17:20,B,172.168.1.8
      118,12/04/2019,17:20,B,172.168.1.8
      297,12/04/2019,17:20,B,172.168.1.8
      296,12/04/2019,17:20,B,172.168.1.8
      295,12/04/2019,17:20,B,172.168.1.8
      271,12/04/2019,17:20,B,172.168.1.8
      287,12/04/2019,17:29,B,172.168.1.8
      268,12/04/2019,17:30,B,172.168.1.8
      254,12/04/2019,17:30,B,172.168.1.8
      287,12/04/2019,17:30,B,172.168.1.8
      120,12/04/2019,17:32,B,172.168.1.8
       19,12/04/2019,17:33,B,172.168.1.8
      273,12/04/2019,17:34,B,172.168.1.8
      258,12/04/2019,17:36,B,172.168.1.8
       24,12/04/2019,17:37,B,172.168.1.8
      260,12/04/2019,17:40,B,172.168.1.8
       23,12/04/2019,17:47,B,172.168.1.8
      127,12/04/2019,17:55,B,172.168.1.8
      290,12/04/2019,17:55,B,172.168.1.8
       21,12/04/2019,17:56,B,172.168.1.8
       17,12/04/2019,17:58,B,172.168.1.8
       11,12/04/2019,17:59,B,172.168.1.8
      116,12/04/2019,18:02,B,172.168.1.8
       28,12/04/2019,18:03,B,172.168.1.8
       26,12/04/2019,18:04,B,172.168.1.8
       28,12/04/2019,18:05,B,172.168.1.8
        8,12/04/2019,18:08,B,172.168.1.8
        9,12/04/2019,18:08,B,172.168.1.8
      129,12/04/2019,18:16,B,172.168.1.8
       16,12/04/2019,18:18,B,172.168.1.8
       32,12/04/2019,18:21,B,172.168.1.8
      117,12/04/2019,18:24,B,172.168.1.8
      293,12/04/2019,18:28,B,172.168.1.8
      114,12/04/2019,18:28,B,172.168.1.8
       27,12/04/2019,18:36,B,172.168.1.8
        1,12/04/2019,18:50,B,172.168.1.8
      251,12/04/2019,18:51,B,172.168.1.8
      251,12/04/2019,18:51,B,172.168.1.8
       12,12/04/2019,18:52,B,172.168.1.8
      101,12/04/2019,18:53,B,172.168.1.8
        1,12/04/2019,18:53,B,172.168.1.8
      115,12/04/2019,18:53,B,172.168.1.8
       10,12/04/2019,19:26,B,172.168.1.8
       14,12/04/2019,19:27,B,172.168.1.8
       30,12/04/2019,19:27,B,172.168.1.8
      256,12/04/2019,19:31,B,172.168.1.8
      283,12/04/2019,19:32,B,172.168.1.8
      112,12/04/2019,19:32,B,172.168.1.8
      255,12/04/2019,19:32,B,172.168.1.8
      121,13/04/2019,06:52,B,172.168.1.8
      273,13/04/2019,07:33,B,172.168.1.8
      126,13/04/2019,07:35,B,172.168.1.8
      260,13/04/2019,08:27,B,172.168.1.8
      296,13/04/2019,08:39,B,172.168.1.8
      115,13/04/2019,08:50,B,172.168.1.8
       32,13/04/2019,08:51,B,172.168.1.8
      268,13/04/2019,08:57,B,172.168.1.8
      209,13/04/2019,08:59,B,172.168.1.8
      120,13/04/2019,09:00,B,172.168.1.8
      207,13/04/2019,09:00,B,172.168.1.8
      118,13/04/2019,09:06,B,172.168.1.8
       14,13/04/2019,09:08,B,172.168.1.8
       25,13/04/2019,09:09,B,172.168.1.8
      255,13/04/2019,09:11,B,172.168.1.8
      204,13/04/2019,09:12,B,172.168.1.8
       23,13/04/2019,09:12,B,172.168.1.8
       12,13/04/2019,09:16,B,172.168.1.8
      303,13/04/2019,09:20,B,172.168.1.8
      112,13/04/2019,09:21,B,172.168.1.8
       65,13/04/2019,09:21,B,172.168.1.8
      203,13/04/2019,09:22,B,172.168.1.8
      206,13/04/2019,09:25,B,172.168.1.8
      283,13/04/2019,09:26,B,172.168.1.8
      202,13/04/2019,09:27,B,172.168.1.8
       11,13/04/2019,09:29,B,172.168.1.8
      201,13/04/2019,09:40,B,172.168.1.8
      201,13/04/2019,09:40,B,172.168.1.8
       18,13/04/2019,09:42,B,172.168.1.8
       18,13/04/2019,09:42,B,172.168.1.8
       21,13/04/2019,09:46,B,172.168.1.8
      214,13/04/2019,09:48,B,172.168.1.8
      216,13/04/2019,09:49,B,172.168.1.8
      116,13/04/2019,09:49,B,172.168.1.8
      127,13/04/2019,09:52,B,172.168.1.8
      311,13/04/2019,09:56,B,172.168.1.8
      289,13/04/2019,09:57,B,172.168.1.8
      211,13/04/2019,09:58,B,172.168.1.8
      109,13/04/2019,10:00,B,172.168.1.8
       35,13/04/2019,10:02,B,172.168.1.8
      256,13/04/2019,10:04,B,172.168.1.8
      261,13/04/2019,10:07,B,172.168.1.8
       36,13/04/2019,10:08,B,172.168.1.8
      271,13/04/2019,10:08,B,172.168.1.8
       72,13/04/2019,10:08,B,172.168.1.8
       10,13/04/2019,10:12,B,172.168.1.8
       20,13/04/2019,10:16,B,172.168.1.8
       28,13/04/2019,10:16,B,172.168.1.8
      258,13/04/2019,10:18,B,172.168.1.8
      117,13/04/2019,10:26,B,172.168.1.8
        8,13/04/2019,10:33,B,172.168.1.8
      293,13/04/2019,10:38,B,172.168.1.8
      215,13/04/2019,10:38,B,172.168.1.8
       30,13/04/2019,10:39,B,172.168.1.8
       16,13/04/2019,10:44,B,172.168.1.8
      290,13/04/2019,10:52,B,172.168.1.8
       22,13/04/2019,10:58,B,172.168.1.8
      210,13/04/2019,10:59,B,172.168.1.8
      213,13/04/2019,11:00,B,172.168.1.8
      209,13/04/2019,11:01,B,172.168.1.8
      209,13/04/2019,11:01,B,172.168.1.8
      204,13/04/2019,11:09,B,172.168.1.8
      204,13/04/2019,11:10,B,172.168.1.8
      114,13/04/2019,11:14,B,172.168.1.8
      251,13/04/2019,11:18,B,172.168.1.8
      101,13/04/2019,11:18,B,172.168.1.8
      207,13/04/2019,11:20,B,172.168.1.8
       26,13/04/2019,11:29,B,172.168.1.8
        9,13/04/2019,11:33,B,172.168.1.8
      206,13/04/2019,11:45,B,172.168.1.8
       19,13/04/2019,11:57,B,172.168.1.8
      203,13/04/2019,11:58,B,172.168.1.8
      216,13/04/2019,12:06,B,172.168.1.8
       27,13/04/2019,12:08,B,172.168.1.8
        5,13/04/2019,12:10,B,172.168.1.8
      201,13/04/2019,12:12,B,172.168.1.8
      203,13/04/2019,12:12,B,172.168.1.8
      202,13/04/2019,12:13,B,172.168.1.8
        2,13/04/2019,12:22,B,172.168.1.8
      303,13/04/2019,12:48,B,172.168.1.8
      303,13/04/2019,12:48,B,172.168.1.8
      214,13/04/2019,12:51,B,172.168.1.8
       18,13/04/2019,12:56,B,172.168.1.8
       24,13/04/2019,13:05,B,172.168.1.8
      215,13/04/2019,13:09,B,172.168.1.8
      210,13/04/2019,13:20,B,172.168.1.8
       16,13/04/2019,13:30,B,172.168.1.8
       10,13/04/2019,13:36,B,172.168.1.8
       14,13/04/2019,13:44,B,172.168.1.8
       65,13/04/2019,13:58,B,172.168.1.8
        1,13/04/2019,14:02,B,172.168.1.8
      121,13/04/2019,14:12,B,172.168.1.8
       23,13/04/2019,14:24,B,172.168.1.8
       21,13/04/2019,14:27,B,172.168.1.8
        5,13/04/2019,14:51,B,172.168.1.8
        9,13/04/2019,14:58,B,172.168.1.8
       72,13/04/2019,15:06,B,172.168.1.8
       28,13/04/2019,15:14,B,172.168.1.8
      311,13/04/2019,15:20,B,172.168.1.8
       20,13/04/2019,15:50,B,172.168.1.8
      126,13/04/2019,15:52,B,172.168.1.8
       30,13/04/2019,16:00,B,172.168.1.8
      283,13/04/2019,16:04,B,172.168.1.8
       35,13/04/2019,16:06,B,172.168.1.8
       22,13/04/2019,16:07,B,172.168.1.8
       27,13/04/2019,16:13,B,172.168.1.8
      271,13/04/2019,16:15,B,172.168.1.8
      289,13/04/2019,16:29,B,172.168.1.8
      261,13/04/2019,16:29,B,172.168.1.8
      127,13/04/2019,16:35,B,172.168.1.8
        9,13/04/2019,16:37,B,172.168.1.8
        9,13/04/2019,16:40,B,172.168.1.8
      273,13/04/2019,16:53,B,172.168.1.8
      114,13/04/2019,16:54,B,172.168.1.8
       11,13/04/2019,16:55,B,172.168.1.8
       25,13/04/2019,16:58,B,172.168.1.8
      296,13/04/2019,17:08,B,172.168.1.8
      118,13/04/2019,17:10,B,172.168.1.8
      293,13/04/2019,17:17,B,172.168.1.8
      120,13/04/2019,17:20,B,172.168.1.8
      290,13/04/2019,17:20,B,172.168.1.8
      109,13/04/2019,17:20,B,172.168.1.8
      258,13/04/2019,17:21,B,172.168.1.8
      268,13/04/2019,17:21,B,172.168.1.8
       24,13/04/2019,17:27,B,172.168.1.8
       36,13/04/2019,17:31,B,172.168.1.8
      101,13/04/2019,17:36,B,172.168.1.8
       26,13/04/2019,17:38,B,172.168.1.8
      115,13/04/2019,17:43,B,172.168.1.8
      115,13/04/2019,17:43,B,172.168.1.8
      251,13/04/2019,17:43,B,172.168.1.8
      260,13/04/2019,17:44,B,172.168.1.8
      116,13/04/2019,17:47,B,172.168.1.8
       58,13/04/2019,17:47,B,172.168.1.8
        8,13/04/2019,17:49,B,172.168.1.8
       19,13/04/2019,17:49,B,172.168.1.8
       32,13/04/2019,18:44,B,172.168.1.8
        2,13/04/2019,19:53,B,172.168.1.8
      112,13/04/2019,19:57,B,172.168.1.8
        1,13/04/2019,22:38,B,172.168.1.8
       12,13/04/2019,22:38,B,172.168.1.8
      256,13/04/2019,23:05,B,172.168.1.8
      255,13/04/2019,23:06,B,172.168.1.8
      126,14/04/2019,13:25,B,172.168.1.8
      126,14/04/2019,14:22,B,172.168.1.8
      121,15/04/2019,06:55,B,172.168.1.8
      126,15/04/2019,07:40,B,172.168.1.8
      125,15/04/2019,07:52,B,172.168.1.8
      298,15/04/2019,07:54,B,172.168.1.8
       63,15/04/2019,08:02,B,172.168.1.8
       36,15/04/2019,08:40,B,172.168.1.8
      260,15/04/2019,08:46,B,172.168.1.8
      260,15/04/2019,08:46,B,172.168.1.8
      120,15/04/2019,08:51,B,172.168.1.8
      115,15/04/2019,08:53,B,172.168.1.8
      296,15/04/2019,08:53,B,172.168.1.8
      303,15/04/2019,08:53,B,172.168.1.8
      112,15/04/2019,08:57,B,172.168.1.8
      273,15/04/2019,09:04,B,172.168.1.8
      255,15/04/2019,09:08,B,172.168.1.8
       20,15/04/2019,09:10,B,172.168.1.8
      118,15/04/2019,09:13,B,172.168.1.8
       32,15/04/2019,09:18,B,172.168.1.8
      309,15/04/2019,09:20,B,172.168.1.8
      287,15/04/2019,09:22,B,172.168.1.8
       28,15/04/2019,09:22,B,172.168.1.8
      268,15/04/2019,09:22,B,172.168.1.8
      123,15/04/2019,09:23,B,172.168.1.8
       25,15/04/2019,09:25,B,172.168.1.8
       21,15/04/2019,09:29,B,172.168.1.8
       16,15/04/2019,09:30,B,172.168.1.8
      122,15/04/2019,09:31,B,172.168.1.8
       72,15/04/2019,09:36,B,172.168.1.8
      283,15/04/2019,09:38,B,172.168.1.8
      280,15/04/2019,09:40,B,172.168.1.8
       23,15/04/2019,09:40,B,172.168.1.8
      110,15/04/2019,09:43,B,172.168.1.8
       35,15/04/2019,09:50,B,172.168.1.8
      127,15/04/2019,09:51,B,172.168.1.8
      290,15/04/2019,09:53,B,172.168.1.8
      114,15/04/2019,09:53,B,172.168.1.8
      131,15/04/2019,09:53,B,172.168.1.8
       26,15/04/2019,09:57,B,172.168.1.8
       11,15/04/2019,10:00,B,172.168.1.8
      289,15/04/2019,10:00,B,172.168.1.8
      128,15/04/2019,10:01,B,172.168.1.8
      109,15/04/2019,10:01,B,172.168.1.8
       17,15/04/2019,10:02,B,172.168.1.8
      310,15/04/2019,10:03,B,172.168.1.8
      116,15/04/2019,10:04,B,172.168.1.8
      297,15/04/2019,10:05,B,172.168.1.8
       27,15/04/2019,10:05,B,172.168.1.8
       14,15/04/2019,10:06,B,172.168.1.8
      261,15/04/2019,10:08,B,172.168.1.8
      256,15/04/2019,10:10,B,172.168.1.8
        8,15/04/2019,10:10,B,172.168.1.8
      201,15/04/2019,10:12,B,172.168.1.8
      312,15/04/2019,10:14,B,172.168.1.8
      271,15/04/2019,10:14,B,172.168.1.8
      101,15/04/2019,10:25,B,172.168.1.8
      295,15/04/2019,10:25,B,172.168.1.8
        5,15/04/2019,10:25,B,172.168.1.8
       10,15/04/2019,10:26,B,172.168.1.8
      117,15/04/2019,10:34,B,172.168.1.8
        9,15/04/2019,10:39,B,172.168.1.8
      254,15/04/2019,10:45,B,172.168.1.8
       63,15/04/2019,10:54,B,172.168.1.8
       22,15/04/2019,10:56,B,172.168.1.8
       37,15/04/2019,10:59,B,172.168.1.8
       29,15/04/2019,11:03,B,172.168.1.8
      251,15/04/2019,11:03,B,172.168.1.8
       19,15/04/2019,11:22,B,172.168.1.8
       30,15/04/2019,11:26,B,172.168.1.8
       65,15/04/2019,11:40,B,172.168.1.8
        2,15/04/2019,12:15,B,172.168.1.8
      258,15/04/2019,12:45,B,172.168.1.8
      293,15/04/2019,13:31,B,172.168.1.8
       65,15/04/2019,13:57,B,172.168.1.8
       18,15/04/2019,14:02,B,172.168.1.8
       36,15/04/2019,14:06,B,172.168.1.8
      106,15/04/2019,14:16,B,172.168.1.8
       12,15/04/2019,14:19,B,172.168.1.8
      201,15/04/2019,14:28,B,172.168.1.8
      309,15/04/2019,14:47,B,172.168.1.8
      303,15/04/2019,15:04,B,172.168.1.8
      303,15/04/2019,15:04,B,172.168.1.8
      121,15/04/2019,15:04,B,172.168.1.8
       72,15/04/2019,15:05,B,172.168.1.8
       37,15/04/2019,15:06,B,172.168.1.8
       35,15/04/2019,15:26,B,172.168.1.8
       27,15/04/2019,15:27,B,172.168.1.8
      126,15/04/2019,15:46,B,172.168.1.8
      298,15/04/2019,15:50,B,172.168.1.8
      125,15/04/2019,15:52,B,172.168.1.8
       16,15/04/2019,15:52,B,172.168.1.8
      126,15/04/2019,15:58,B,172.168.1.8
      126,15/04/2019,16:01,B,172.168.1.8
        5,15/04/2019,16:04,B,172.168.1.8
      128,15/04/2019,16:07,B,172.168.1.8
       25,15/04/2019,17:00,B,172.168.1.8
      115,15/04/2019,17:06,B,172.168.1.8
      122,15/04/2019,17:06,B,172.168.1.8
      110,15/04/2019,17:13,B,172.168.1.8
      109,15/04/2019,17:13,B,172.168.1.8
      131,15/04/2019,17:16,B,172.168.1.8
      297,15/04/2019,17:17,B,172.168.1.8
       23,15/04/2019,17:17,B,172.168.1.8
      289,15/04/2019,17:17,B,172.168.1.8
      273,15/04/2019,17:18,B,172.168.1.8
      261,15/04/2019,17:18,B,172.168.1.8
      127,15/04/2019,17:19,B,172.168.1.8
      120,15/04/2019,17:20,B,172.168.1.8
       21,15/04/2019,17:24,B,172.168.1.8
      296,15/04/2019,17:24,B,172.168.1.8
      254,15/04/2019,17:24,B,172.168.1.8
      118,15/04/2019,17:25,B,172.168.1.8
      271,15/04/2019,17:26,B,172.168.1.8
      295,15/04/2019,17:28,B,172.168.1.8
      258,15/04/2019,17:30,B,172.168.1.8
       29,15/04/2019,17:32,B,172.168.1.8
       28,15/04/2019,17:35,B,172.168.1.8
      123,15/04/2019,17:36,B,172.168.1.8
      260,15/04/2019,17:39,B,172.168.1.8
      256,15/04/2019,17:39,B,172.168.1.8
      114,15/04/2019,17:42,B,172.168.1.8
       26,15/04/2019,17:47,B,172.168.1.8
      290,15/04/2019,17:53,B,172.168.1.8
      287,15/04/2019,17:53,B,172.168.1.8
      290,15/04/2019,17:53,B,172.168.1.8
      296,15/04/2019,17:53,B,172.168.1.8
      280,15/04/2019,17:55,B,172.168.1.8
      116,15/04/2019,17:56,B,172.168.1.8
      116,15/04/2019,18:00,B,172.168.1.8
       19,15/04/2019,18:03,B,172.168.1.8
      312,15/04/2019,18:05,B,172.168.1.8
      101,15/04/2019,18:09,B,172.168.1.8
      251,15/04/2019,18:09,B,172.168.1.8
      293,15/04/2019,18:10,B,172.168.1.8
       17,15/04/2019,18:11,B,172.168.1.8
      106,15/04/2019,18:20,B,172.168.1.8
      117,15/04/2019,18:21,B,172.168.1.8
       14,15/04/2019,18:26,B,172.168.1.8
       14,15/04/2019,18:26,B,172.168.1.8
        2,15/04/2019,18:26,B,172.168.1.8
       32,15/04/2019,18:26,B,172.168.1.8
        9,15/04/2019,18:29,B,172.168.1.8
        9,15/04/2019,18:32,B,172.168.1.8
       20,15/04/2019,18:42,B,172.168.1.8
       30,15/04/2019,19:28,B,172.168.1.8
      112,15/04/2019,19:35,B,172.168.1.8
      310,15/04/2019,19:35,B,172.168.1.8
        8,15/04/2019,19:55,B,172.168.1.8
       11,15/04/2019,19:55,B,172.168.1.8
       10,15/04/2019,19:55,B,172.168.1.8
       22,15/04/2019,20:00,B,172.168.1.8
       12,15/04/2019,20:03,B,172.168.1.8
      268,15/04/2019,20:06,B,172.168.1.8
      283,15/04/2019,20:07,B,172.168.1.8
      255,15/04/2019,20:07,B,172.168.1.8
      121,16/04/2019,06:41,B,172.168.1.8
      126,16/04/2019,07:32,B,172.168.1.8
       54,16/04/2019,07:49,B,172.168.1.8
       42,16/04/2019,07:58,B,172.168.1.8
      298,16/04/2019,08:05,B,172.168.1.8
      273,16/04/2019,08:18,B,172.168.1.8
      260,16/04/2019,08:28,B,172.168.1.8
      208,16/04/2019,08:46,B,172.168.1.8
       64,16/04/2019,08:52,B,172.168.1.8
      120,16/04/2019,08:52,B,172.168.1.8
       36,16/04/2019,08:54,B,172.168.1.8
      296,16/04/2019,08:57,B,172.168.1.8
      112,16/04/2019,08:59,B,172.168.1.8
       25,16/04/2019,09:04,B,172.168.1.8
      268,16/04/2019,09:04,B,172.168.1.8
      207,16/04/2019,09:07,B,172.168.1.8
      216,16/04/2019,09:07,B,172.168.1.8
      212,16/04/2019,09:08,B,172.168.1.8
      214,16/04/2019,09:10,B,172.168.1.8
      255,16/04/2019,09:10,B,172.168.1.8
       20,16/04/2019,09:15,B,172.168.1.8
      287,16/04/2019,09:16,B,172.168.1.8
      122,16/04/2019,09:22,B,172.168.1.8
      110,16/04/2019,09:22,B,172.168.1.8
       23,16/04/2019,09:22,B,172.168.1.8
      295,16/04/2019,09:24,B,172.168.1.8
       18,16/04/2019,09:27,B,172.168.1.8
      118,16/04/2019,09:27,B,172.168.1.8
       32,16/04/2019,09:27,B,172.168.1.8
      303,16/04/2019,09:29,B,172.168.1.8
       12,16/04/2019,09:32,B,172.168.1.8
      309,16/04/2019,09:36,B,172.168.1.8
      201,16/04/2019,09:37,B,172.168.1.8
       14,16/04/2019,09:37,B,172.168.1.8
      127,16/04/2019,09:39,B,172.168.1.8
       72,16/04/2019,09:40,B,172.168.1.8
       64,16/04/2019,09:44,B,172.168.1.8
       21,16/04/2019,09:44,B,172.168.1.8
      202,16/04/2019,09:44,B,172.168.1.8
      202,16/04/2019,09:44,B,172.168.1.8
       28,16/04/2019,09:45,B,172.168.1.8
       35,16/04/2019,09:45,B,172.168.1.8
      115,16/04/2019,09:47,B,172.168.1.8
       17,16/04/2019,09:52,B,172.168.1.8
       42,16/04/2019,09:52,B,172.168.1.8
       54,16/04/2019,09:52,B,172.168.1.8
      116,16/04/2019,09:52,B,172.168.1.8
      128,16/04/2019,09:52,B,172.168.1.8
      289,16/04/2019,09:58,B,172.168.1.8
      114,16/04/2019,09:58,B,172.168.1.8
      297,16/04/2019,09:59,B,172.168.1.8
      203,16/04/2019,10:00,B,172.168.1.8
       30,16/04/2019,10:01,B,172.168.1.8
      204,16/04/2019,10:02,B,172.168.1.8
      256,16/04/2019,10:02,B,172.168.1.8
      310,16/04/2019,10:03,B,172.168.1.8
      204,16/04/2019,10:03,B,172.168.1.8
       24,16/04/2019,10:04,B,172.168.1.8
      311,16/04/2019,10:05,B,172.168.1.8
      290,16/04/2019,10:06,B,172.168.1.8
      206,16/04/2019,10:07,B,172.168.1.8
      258,16/04/2019,10:08,B,172.168.1.8
      261,16/04/2019,10:09,B,172.168.1.8
      280,16/04/2019,10:09,B,172.168.1.8
      213,16/04/2019,10:13,B,172.168.1.8
      293,16/04/2019,10:14,B,172.168.1.8
      271,16/04/2019,10:14,B,172.168.1.8
        9,16/04/2019,10:20,B,172.168.1.8
       16,16/04/2019,10:22,B,172.168.1.8
       26,16/04/2019,10:22,B,172.168.1.8
      312,16/04/2019,10:23,B,172.168.1.8
      101,16/04/2019,10:32,B,172.168.1.8
      123,16/04/2019,10:32,B,172.168.1.8
      254,16/04/2019,10:42,B,172.168.1.8
      109,16/04/2019,10:43,B,172.168.1.8
        8,16/04/2019,10:49,B,172.168.1.8
      251,16/04/2019,10:54,B,172.168.1.8
       27,16/04/2019,11:02,B,172.168.1.8
       11,16/04/2019,11:06,B,172.168.1.8
       10,16/04/2019,11:09,B,172.168.1.8
        5,16/04/2019,11:09,B,172.168.1.8
       19,16/04/2019,11:13,B,172.168.1.8
      205,16/04/2019,11:17,B,172.168.1.8
      283,16/04/2019,11:27,B,172.168.1.8
       29,16/04/2019,11:30,B,172.168.1.8
      291,16/04/2019,11:49,B,172.168.1.8
        2,16/04/2019,11:51,B,172.168.1.8
      305,16/04/2019,12:01,B,172.168.1.8
      309,16/04/2019,12:24,B,172.168.1.8
      206,16/04/2019,12:50,B,172.168.1.8
      213,16/04/2019,13:24,B,172.168.1.8
      304,16/04/2019,13:51,B,172.168.1.8
        1,16/04/2019,13:57,B,172.168.1.8
      208,16/04/2019,14:05,B,172.168.1.8
      214,16/04/2019,14:17,B,172.168.1.8
      204,16/04/2019,14:18,B,172.168.1.8
      205,16/04/2019,14:18,B,172.168.1.8
      205,16/04/2019,14:18,B,172.168.1.8
      216,16/04/2019,14:20,B,172.168.1.8
      207,16/04/2019,14:20,B,172.168.1.8
      212,16/04/2019,14:20,B,172.168.1.8
      205,16/04/2019,14:21,B,172.168.1.8
      121,16/04/2019,14:24,B,172.168.1.8
      106,16/04/2019,14:28,B,172.168.1.8
      202,16/04/2019,14:52,B,172.168.1.8
      202,16/04/2019,14:52,B,172.168.1.8
      201,16/04/2019,14:55,B,172.168.1.8
      201,16/04/2019,14:56,B,172.168.1.8
      203,16/04/2019,14:56,B,172.168.1.8
      203,16/04/2019,14:56,B,172.168.1.8
      303,16/04/2019,14:56,B,172.168.1.8
       18,16/04/2019,15:09,B,172.168.1.8
       72,16/04/2019,15:15,B,172.168.1.8
      305,16/04/2019,15:19,B,172.168.1.8
       36,16/04/2019,15:25,B,172.168.1.8
      126,16/04/2019,15:30,B,172.168.1.8
      126,16/04/2019,15:38,B,172.168.1.8
      298,16/04/2019,15:53,B,172.168.1.8
       35,16/04/2019,16:03,B,172.168.1.8
       35,16/04/2019,16:03,B,172.168.1.8
       21,16/04/2019,16:16,B,172.168.1.8
        5,16/04/2019,16:29,B,172.168.1.8
       23,16/04/2019,16:29,B,172.168.1.8
       12,16/04/2019,16:48,B,172.168.1.8
       25,16/04/2019,17:02,B,172.168.1.8
       28,16/04/2019,17:04,B,172.168.1.8
       20,16/04/2019,17:09,B,172.168.1.8
       16,16/04/2019,17:10,B,172.168.1.8
      291,16/04/2019,17:15,B,172.168.1.8
      128,16/04/2019,17:16,B,172.168.1.8
      110,16/04/2019,17:16,B,172.168.1.8
       14,16/04/2019,17:16,B,172.168.1.8
      122,16/04/2019,17:17,B,172.168.1.8
      109,16/04/2019,17:17,B,172.168.1.8
      289,16/04/2019,17:17,B,172.168.1.8
      297,16/04/2019,17:18,B,172.168.1.8
      261,16/04/2019,17:19,B,172.168.1.8
      311,16/04/2019,17:19,B,172.168.1.8
      295,16/04/2019,17:20,B,172.168.1.8
       27,16/04/2019,17:21,B,172.168.1.8
      120,16/04/2019,17:21,B,172.168.1.8
      127,16/04/2019,17:21,B,172.168.1.8
      271,16/04/2019,17:22,B,172.168.1.8
      296,16/04/2019,17:22,B,172.168.1.8
      254,16/04/2019,17:27,B,172.168.1.8
      101,16/04/2019,17:29,B,172.168.1.8
      115,16/04/2019,17:30,B,172.168.1.8
      251,16/04/2019,17:30,B,172.168.1.8
      118,16/04/2019,17:30,B,172.168.1.8
        8,16/04/2019,17:33,B,172.168.1.8
      101,16/04/2019,17:36,B,172.168.1.8
      114,16/04/2019,17:41,B,172.168.1.8
      273,16/04/2019,17:42,B,172.168.1.8
       29,16/04/2019,17:47,B,172.168.1.8
       29,16/04/2019,17:48,B,172.168.1.8
      260,16/04/2019,17:50,B,172.168.1.8
       10,16/04/2019,17:55,B,172.168.1.8
       10,16/04/2019,17:55,B,172.168.1.8
       19,16/04/2019,17:56,B,172.168.1.8
      258,16/04/2019,17:59,B,172.168.1.8
      287,16/04/2019,17:59,B,172.168.1.8
      280,16/04/2019,18:00,B,172.168.1.8
      268,16/04/2019,18:00,B,172.168.1.8
      123,16/04/2019,18:00,B,172.168.1.8
      106,16/04/2019,18:01,B,172.168.1.8
      290,16/04/2019,18:01,B,172.168.1.8
      290,16/04/2019,18:03,B,172.168.1.8
      116,16/04/2019,18:04,B,172.168.1.8
      293,16/04/2019,18:04,B,172.168.1.8
       26,16/04/2019,18:05,B,172.168.1.8
        9,16/04/2019,18:08,B,172.168.1.8
      312,16/04/2019,18:23,B,172.168.1.8
       32,16/04/2019,18:36,B,172.168.1.8
        2,16/04/2019,18:46,B,172.168.1.8
       24,16/04/2019,18:47,B,172.168.1.8
       30,16/04/2019,18:49,B,172.168.1.8
       17,16/04/2019,18:51,B,172.168.1.8
       11,16/04/2019,18:53,B,172.168.1.8
      310,16/04/2019,19:03,B,172.168.1.8
      310,16/04/2019,19:11,B,172.168.1.8
      112,16/04/2019,20:25,B,172.168.1.8
      283,16/04/2019,20:25,B,172.168.1.8
      255,16/04/2019,21:01,B,172.168.1.8
      256,16/04/2019,21:19,B,172.168.1.8
        1,16/04/2019,21:19,B,172.168.1.8
      121,17/04/2019,06:54,B,172.168.1.8
      126,17/04/2019,07:41,B,172.168.1.8
       42,17/04/2019,07:58,B,172.168.1.8
      205,17/04/2019,08:27,B,172.168.1.8
      214,17/04/2019,08:48,B,172.168.1.8
      115,17/04/2019,08:52,B,172.168.1.8
      112,17/04/2019,08:53,B,172.168.1.8
      208,17/04/2019,08:56,B,172.168.1.8
      280,17/04/2019,09:00,B,172.168.1.8
      268,17/04/2019,09:00,B,172.168.1.8
      207,17/04/2019,09:04,B,172.168.1.8
      216,17/04/2019,09:04,B,172.168.1.8
      212,17/04/2019,09:04,B,172.168.1.8
       25,17/04/2019,09:06,B,172.168.1.8
      202,17/04/2019,09:25,B,172.168.1.8
      215,17/04/2019,09:25,B,172.168.1.8
      122,17/04/2019,09:28,B,172.168.1.8
      256,17/04/2019,09:34,B,172.168.1.8
       12,17/04/2019,09:41,B,172.168.1.8
       35,17/04/2019,09:46,B,172.168.1.8
      206,17/04/2019,09:46,B,172.168.1.8
      201,17/04/2019,09:53,B,172.168.1.8
      128,17/04/2019,09:55,B,172.168.1.8
       11,17/04/2019,10:00,B,172.168.1.8
      312,17/04/2019,10:00,B,172.168.1.8
       14,17/04/2019,10:00,B,172.168.1.8
      128,17/04/2019,10:01,B,172.168.1.8
      290,17/04/2019,10:04,B,172.168.1.8
      290,17/04/2019,10:04,B,172.168.1.8
      310,17/04/2019,10:07,B,172.168.1.8
      109,17/04/2019,10:10,B,172.168.1.8
      110,17/04/2019,10:10,B,172.168.1.8
      293,17/04/2019,10:11,B,172.168.1.8
      295,17/04/2019,10:15,B,172.168.1.8
       11,17/04/2019,10:15,B,172.168.1.8
       24,17/04/2019,10:15,B,172.168.1.8
       32,17/04/2019,10:17,B,172.168.1.8
        1,17/04/2019,10:22,B,172.168.1.8
       26,17/04/2019,10:25,B,172.168.1.8
       29,17/04/2019,10:26,B,172.168.1.8
       42,17/04/2019,10:28,B,172.168.1.8
       36,17/04/2019,10:28,B,172.168.1.8
        8,17/04/2019,10:31,B,172.168.1.8
      254,17/04/2019,10:36,B,172.168.1.8
      258,17/04/2019,10:46,B,172.168.1.8
      210,17/04/2019,10:54,B,172.168.1.8
      101,17/04/2019,11:04,B,172.168.1.8
       22,17/04/2019,11:09,B,172.168.1.8
       21,17/04/2019,11:11,B,172.168.1.8
       17,17/04/2019,11:12,B,172.168.1.8
      251,17/04/2019,11:17,B,172.168.1.8
       18,17/04/2019,11:28,B,172.168.1.8
       28,17/04/2019,11:31,B,172.168.1.8
       20,17/04/2019,11:38,B,172.168.1.8
       16,17/04/2019,11:54,B,172.168.1.8
       16,17/04/2019,11:54,B,172.168.1.8
       23,17/04/2019,12:20,B,172.168.1.8
        2,17/04/2019,12:40,B,172.168.1.8
      205,17/04/2019,13:38,B,172.168.1.8
      205,17/04/2019,13:38,B,172.168.1.8
      208,17/04/2019,14:10,B,172.168.1.8
      206,17/04/2019,14:21,B,172.168.1.8
      202,17/04/2019,14:22,B,172.168.1.8
       36,17/04/2019,14:39,B,172.168.1.8
      207,17/04/2019,14:51,B,172.168.1.8
      201,17/04/2019,14:54,B,172.168.1.8
      216,17/04/2019,14:55,B,172.168.1.8
      207,17/04/2019,14:55,B,172.168.1.8
      212,17/04/2019,14:55,B,172.168.1.8
      215,17/04/2019,14:56,B,172.168.1.8
      214,17/04/2019,14:56,B,172.168.1.8
      312,17/04/2019,15:11,B,172.168.1.8
      121,17/04/2019,15:17,B,172.168.1.8
       12,17/04/2019,15:36,B,172.168.1.8
       23,17/04/2019,15:37,B,172.168.1.8
       21,17/04/2019,15:37,B,172.168.1.8
      126,17/04/2019,15:45,B,172.168.1.8
       28,17/04/2019,15:52,B,172.168.1.8
      210,17/04/2019,15:55,B,172.168.1.8
      210,17/04/2019,15:56,B,172.168.1.8
      128,17/04/2019,16:00,B,172.168.1.8
      254,17/04/2019,16:01,B,172.168.1.8
      110,17/04/2019,16:02,B,172.168.1.8
      109,17/04/2019,16:02,B,172.168.1.8
       25,17/04/2019,16:53,B,172.168.1.8
      122,17/04/2019,17:00,B,172.168.1.8
       20,17/04/2019,17:01,B,172.168.1.8
       35,17/04/2019,17:01,B,172.168.1.8
      115,17/04/2019,17:04,B,172.168.1.8
      251,17/04/2019,17:04,B,172.168.1.8
       14,17/04/2019,17:13,B,172.168.1.8
       16,17/04/2019,17:17,B,172.168.1.8
       18,17/04/2019,17:18,B,172.168.1.8
      295,17/04/2019,17:18,B,172.168.1.8
       29,17/04/2019,17:19,B,172.168.1.8
      101,17/04/2019,17:24,B,172.168.1.8
       22,17/04/2019,17:33,B,172.168.1.8
       26,17/04/2019,17:54,B,172.168.1.8
      290,17/04/2019,17:57,B,172.168.1.8
        9,17/04/2019,18:13,B,172.168.1.8
      310,17/04/2019,18:16,B,172.168.1.8
      293,17/04/2019,18:23,B,172.168.1.8
      280,17/04/2019,18:35,B,172.168.1.8
      268,17/04/2019,18:35,B,172.168.1.8
      310,17/04/2019,18:37,B,172.168.1.8
       32,17/04/2019,19:02,B,172.168.1.8
        1,17/04/2019,19:08,B,172.168.1.8
        2,17/04/2019,19:36,B,172.168.1.8
       17,17/04/2019,19:36,B,172.168.1.8
       11,17/04/2019,19:37,B,172.168.1.8
      258,17/04/2019,19:38,B,172.168.1.8
        8,17/04/2019,19:43,B,172.168.1.8
       24,17/04/2019,19:43,B,172.168.1.8
      256,17/04/2019,20:00,B,172.168.1.8
      112,17/04/2019,20:00,B,172.168.1.8
      121,18/04/2019,06:51,B,172.168.1.8
      273,18/04/2019,07:38,B,172.168.1.8
      126,18/04/2019,07:39,B,172.168.1.8
      125,18/04/2019,07:41,B,172.168.1.8
       42,18/04/2019,07:58,B,172.168.1.8
       54,18/04/2019,08:06,B,172.168.1.8
      298,18/04/2019,08:07,B,172.168.1.8
      260,18/04/2019,08:25,B,172.168.1.8
       21,18/04/2019,08:29,B,172.168.1.8
      255,18/04/2019,08:30,B,172.168.1.8
      312,18/04/2019,08:45,B,172.168.1.8
      296,18/04/2019,08:46,B,172.168.1.8
       12,18/04/2019,08:49,B,172.168.1.8
      115,18/04/2019,08:50,B,172.168.1.8
      303,18/04/2019,08:57,B,172.168.1.8
      283,18/04/2019,08:58,B,172.168.1.8
      120,18/04/2019,08:58,B,172.168.1.8
      208,18/04/2019,09:02,B,172.168.1.8
      280,18/04/2019,09:03,B,172.168.1.8
       18,18/04/2019,09:07,B,172.168.1.8
       16,18/04/2019,09:07,B,172.168.1.8
      112,18/04/2019,09:08,B,172.168.1.8
       28,18/04/2019,09:08,B,172.168.1.8
        9,18/04/2019,09:12,B,172.168.1.8
      122,18/04/2019,09:14,B,172.168.1.8
       20,18/04/2019,09:16,B,172.168.1.8
       11,18/04/2019,09:21,B,172.168.1.8
       17,18/04/2019,09:22,B,172.168.1.8
       25,18/04/2019,09:23,B,172.168.1.8
       10,18/04/2019,09:24,B,172.168.1.8
        1,18/04/2019,09:26,B,172.168.1.8
        1,18/04/2019,09:26,B,172.168.1.8
      212,18/04/2019,09:28,B,172.168.1.8
       22,18/04/2019,09:32,B,172.168.1.8
       36,18/04/2019,09:34,B,172.168.1.8
       72,18/04/2019,09:37,B,172.168.1.8
      123,18/04/2019,09:37,B,172.168.1.8
       64,18/04/2019,09:39,B,172.168.1.8
      110,18/04/2019,09:42,B,172.168.1.8
      116,18/04/2019,09:42,B,172.168.1.8
      256,18/04/2019,09:43,B,172.168.1.8
      290,18/04/2019,09:51,B,172.168.1.8
      127,18/04/2019,09:52,B,172.168.1.8
       14,18/04/2019,09:52,B,172.168.1.8
      309,18/04/2019,09:53,B,172.168.1.8
      289,18/04/2019,09:55,B,172.168.1.8
        8,18/04/2019,09:56,B,172.168.1.8
      201,18/04/2019,09:58,B,172.168.1.8
      297,18/04/2019,10:00,B,172.168.1.8
      128,18/04/2019,10:01,B,172.168.1.8
       29,18/04/2019,10:03,B,172.168.1.8
      131,18/04/2019,10:06,B,172.168.1.8
      114,18/04/2019,10:08,B,172.168.1.8
        2,18/04/2019,10:09,B,172.168.1.8
      310,18/04/2019,10:10,B,172.168.1.8
      109,18/04/2019,10:11,B,172.168.1.8
       26,18/04/2019,10:18,B,172.168.1.8
       26,18/04/2019,10:18,B,172.168.1.8
      261,18/04/2019,10:18,B,172.168.1.8
      295,18/04/2019,10:18,B,172.168.1.8
      258,18/04/2019,10:18,B,172.168.1.8
       26,18/04/2019,10:19,B,172.168.1.8
       24,18/04/2019,10:21,B,172.168.1.8
       23,18/04/2019,10:22,B,172.168.1.8
      117,18/04/2019,10:23,B,172.168.1.8
      129,18/04/2019,10:28,B,172.168.1.8
      293,18/04/2019,10:29,B,172.168.1.8
        5,18/04/2019,10:32,B,172.168.1.8
      101,18/04/2019,10:32,B,172.168.1.8
       54,18/04/2019,10:33,B,172.168.1.8
      101,18/04/2019,10:34,B,172.168.1.8
       42,18/04/2019,10:34,B,172.168.1.8
      254,18/04/2019,10:40,B,172.168.1.8
      210,18/04/2019,11:09,B,172.168.1.8
       19,18/04/2019,11:28,B,172.168.1.8
       30,18/04/2019,11:40,B,172.168.1.8
      106,18/04/2019,11:47,B,172.168.1.8
      309,18/04/2019,12:17,B,172.168.1.8
      291,18/04/2019,12:18,B,172.168.1.8
       64,18/04/2019,12:21,B,172.168.1.8
      251,18/04/2019,12:34,B,172.168.1.8
      212,18/04/2019,13:09,B,172.168.1.8
      201,18/04/2019,13:10,B,172.168.1.8
      208,18/04/2019,13:10,B,172.168.1.8
      128,18/04/2019,13:25,B,172.168.1.8
      121,18/04/2019,13:30,B,172.168.1.8
       21,18/04/2019,13:58,B,172.168.1.8
      210,18/04/2019,14:21,B,172.168.1.8
      210,18/04/2019,14:23,B,172.168.1.8
      303,18/04/2019,15:00,B,172.168.1.8
      303,18/04/2019,15:00,B,172.168.1.8
       72,18/04/2019,15:01,B,172.168.1.8
       72,18/04/2019,15:04,B,172.168.1.8
       36,18/04/2019,16:10,B,172.168.1.8
      298,18/04/2019,16:14,B,172.168.1.8
      125,18/04/2019,16:19,B,172.168.1.8
        5,18/04/2019,16:41,B,172.168.1.8
       25,18/04/2019,16:57,B,172.168.1.8
      126,18/04/2019,17:03,B,172.168.1.8
      296,18/04/2019,17:03,B,172.168.1.8
      110,18/04/2019,17:10,B,172.168.1.8
      122,18/04/2019,17:10,B,172.168.1.8
      109,18/04/2019,17:11,B,172.168.1.8
      110,18/04/2019,17:11,B,172.168.1.8
      297,18/04/2019,17:14,B,172.168.1.8
      295,18/04/2019,17:14,B,172.168.1.8
      131,18/04/2019,17:15,B,172.168.1.8
      273,18/04/2019,17:17,B,172.168.1.8
       20,18/04/2019,17:18,B,172.168.1.8
      291,18/04/2019,17:18,B,172.168.1.8
      289,18/04/2019,17:21,B,172.168.1.8
      261,18/04/2019,17:22,B,172.168.1.8
      254,18/04/2019,17:24,B,172.168.1.8
      120,18/04/2019,17:24,B,172.168.1.8
      127,18/04/2019,17:29,B,172.168.1.8
      114,18/04/2019,17:34,B,172.168.1.8
      129,18/04/2019,17:44,B,172.168.1.8
      129,18/04/2019,17:45,B,172.168.1.8
      290,18/04/2019,17:50,B,172.168.1.8
      106,18/04/2019,17:51,B,172.168.1.8
      258,18/04/2019,17:52,B,172.168.1.8
      280,18/04/2019,17:52,B,172.168.1.8
      290,18/04/2019,17:52,B,172.168.1.8
      293,18/04/2019,17:54,B,172.168.1.8
       16,18/04/2019,18:05,B,172.168.1.8
       18,18/04/2019,18:05,B,172.168.1.8
       14,18/04/2019,18:06,B,172.168.1.8
      116,18/04/2019,18:07,B,172.168.1.8
      255,18/04/2019,18:07,B,172.168.1.8
       58,18/04/2019,18:07,B,172.168.1.8
       23,18/04/2019,18:23,B,172.168.1.8
       28,18/04/2019,18:24,B,172.168.1.8
      101,18/04/2019,18:35,B,172.168.1.8
      101,18/04/2019,18:35,B,172.168.1.8
      115,18/04/2019,18:36,B,172.168.1.8
      251,18/04/2019,18:36,B,172.168.1.8
       26,18/04/2019,19:26,B,172.168.1.8
       22,18/04/2019,19:27,B,172.168.1.8
       12,18/04/2019,19:27,B,172.168.1.8
       30,18/04/2019,19:27,B,172.168.1.8
       19,18/04/2019,19:27,B,172.168.1.8
       19,18/04/2019,19:28,B,172.168.1.8
        9,18/04/2019,19:29,B,172.168.1.8
        2,18/04/2019,19:29,B,172.168.1.8
      310,18/04/2019,19:35,B,172.168.1.8
      312,18/04/2019,20:32,B,172.168.1.8
       17,18/04/2019,20:32,B,172.168.1.8
       24,18/04/2019,20:32,B,172.168.1.8
       10,18/04/2019,20:35,B,172.168.1.8
       11,18/04/2019,20:35,B,172.168.1.8
      283,18/04/2019,20:36,B,172.168.1.8
        1,18/04/2019,20:40,B,172.168.1.8
        8,18/04/2019,20:40,B,172.168.1.8
      256,18/04/2019,21:00,B,172.168.1.8
      112,18/04/2019,21:00,B,172.168.1.8
      121,19/04/2019,07:06,B,172.168.1.8
      126,19/04/2019,07:32,B,172.168.1.8
      112,19/04/2019,08:20,B,172.168.1.8
      115,19/04/2019,08:50,B,172.168.1.8
       25,19/04/2019,09:20,B,172.168.1.8
      268,19/04/2019,09:21,B,172.168.1.8
      280,19/04/2019,09:22,B,172.168.1.8
       23,19/04/2019,09:31,B,172.168.1.8
      255,19/04/2019,09:32,B,172.168.1.8
      128,19/04/2019,09:51,B,172.168.1.8
       32,19/04/2019,09:57,B,172.168.1.8
       28,19/04/2019,10:06,B,172.168.1.8
      310,19/04/2019,10:07,B,172.168.1.8
      283,19/04/2019,10:07,B,172.168.1.8
      258,19/04/2019,10:07,B,172.168.1.8
        2,19/04/2019,10:08,B,172.168.1.8
      312,19/04/2019,10:15,B,172.168.1.8
       14,19/04/2019,10:17,B,172.168.1.8
      109,19/04/2019,10:26,B,172.168.1.8
       17,19/04/2019,10:28,B,172.168.1.8
      290,19/04/2019,10:31,B,172.168.1.8
        1,19/04/2019,10:34,B,172.168.1.8
       11,19/04/2019,10:34,B,172.168.1.8
       24,19/04/2019,10:36,B,172.168.1.8
      131,19/04/2019,10:43,B,172.168.1.8
      295,19/04/2019,10:43,B,172.168.1.8
      293,19/04/2019,10:46,B,172.168.1.8
        8,19/04/2019,10:50,B,172.168.1.8
       10,19/04/2019,10:52,B,172.168.1.8
      101,19/04/2019,10:53,B,172.168.1.8
        9,19/04/2019,11:02,B,172.168.1.8
      251,19/04/2019,11:12,B,172.168.1.8
       30,19/04/2019,11:14,B,172.168.1.8
       19,19/04/2019,11:34,B,172.168.1.8
       37,19/04/2019,12:08,B,172.168.1.8
       18,19/04/2019,12:18,B,172.168.1.8
       18,19/04/2019,12:18,B,172.168.1.8
       23,19/04/2019,13:53,B,172.168.1.8
      251,19/04/2019,13:58,B,172.168.1.8
      126,19/04/2019,14:08,B,172.168.1.8
       36,19/04/2019,14:39,B,172.168.1.8
      121,19/04/2019,15:12,B,172.168.1.8
        5,19/04/2019,15:53,B,172.168.1.8
       28,19/04/2019,16:02,B,172.168.1.8
       18,19/04/2019,16:30,B,172.168.1.8
      101,19/04/2019,16:42,B,172.168.1.8
      295,19/04/2019,16:44,B,172.168.1.8
      115,19/04/2019,16:49,B,172.168.1.8
      109,19/04/2019,16:54,B,172.168.1.8
      258,19/04/2019,16:54,B,172.168.1.8
      258,19/04/2019,16:54,B,172.168.1.8
      128,19/04/2019,16:55,B,172.168.1.8
      255,19/04/2019,17:01,B,172.168.1.8
      131,19/04/2019,17:04,B,172.168.1.8
       14,19/04/2019,17:37,B,172.168.1.8
      290,19/04/2019,18:08,B,172.168.1.8
      290,19/04/2019,18:08,B,172.168.1.8
       29,19/04/2019,18:14,B,172.168.1.8
       25,19/04/2019,18:16,B,172.168.1.8
       36,19/04/2019,18:46,B,172.168.1.8
        5,19/04/2019,18:50,B,172.168.1.8
      310,19/04/2019,19:31,B,172.168.1.8
      310,19/04/2019,19:35,B,172.168.1.8
       32,19/04/2019,19:39,B,172.168.1.8
        2,19/04/2019,19:47,B,172.168.1.8
       11,19/04/2019,20:55,B,172.168.1.8
       17,19/04/2019,20:56,B,172.168.1.8
        8,19/04/2019,20:57,B,172.168.1.8
      312,19/04/2019,20:57,B,172.168.1.8
       24,19/04/2019,20:57,B,172.168.1.8
      283,19/04/2019,21:00,B,172.168.1.8
       19,19/04/2019,21:45,B,172.168.1.8
       30,19/04/2019,21:47,B,172.168.1.8
        9,19/04/2019,21:48,B,172.168.1.8
        1,19/04/2019,22:03,B,172.168.1.8
      268,19/04/2019,22:10,B,172.168.1.8
      280,19/04/2019,22:12,B,172.168.1.8
      112,19/04/2019,22:13,B,172.168.1.8
      280,19/04/2019,22:13,B,172.168.1.8
      268,19/04/2019,22:13,B,172.168.1.8
      112,19/04/2019,22:13,B,172.168.1.8
      121,20/04/2019,06:48,B,172.168.1.8
      125,20/04/2019,07:26,B,172.168.1.8
      273,20/04/2019,07:35,B,172.168.1.8
      126,20/04/2019,07:42,B,172.168.1.8
      207,20/04/2019,08:00,B,172.168.1.8
      260,20/04/2019,08:20,B,172.168.1.8
      214,20/04/2019,08:36,B,172.168.1.8
      216,20/04/2019,08:41,B,172.168.1.8
      212,20/04/2019,08:41,B,172.168.1.8
       72,20/04/2019,08:41,B,172.168.1.8
      296,20/04/2019,08:45,B,172.168.1.8
      303,20/04/2019,08:46,B,172.168.1.8
      205,20/04/2019,08:48,B,172.168.1.8
       35,20/04/2019,08:49,B,172.168.1.8
      208,20/04/2019,08:52,B,172.168.1.8
      115,20/04/2019,08:54,B,172.168.1.8
      120,20/04/2019,08:58,B,172.168.1.8
       12,20/04/2019,09:02,B,172.168.1.8
       18,20/04/2019,09:03,B,172.168.1.8
      202,20/04/2019,09:06,B,172.168.1.8
      202,20/04/2019,09:06,B,172.168.1.8
       25,20/04/2019,09:11,B,172.168.1.8
      280,20/04/2019,09:16,B,172.168.1.8
      268,20/04/2019,09:16,B,172.168.1.8
      268,20/04/2019,09:17,B,172.168.1.8
       20,20/04/2019,09:17,B,172.168.1.8
      209,20/04/2019,09:21,B,172.168.1.8
      204,20/04/2019,09:21,B,172.168.1.8
      110,20/04/2019,09:21,B,172.168.1.8
       32,20/04/2019,09:25,B,172.168.1.8
      283,20/04/2019,09:26,B,172.168.1.8
      312,20/04/2019,09:27,B,172.168.1.8
      203,20/04/2019,09:33,B,172.168.1.8
      118,20/04/2019,09:34,B,172.168.1.8
       36,20/04/2019,09:38,B,172.168.1.8
      123,20/04/2019,09:39,B,172.168.1.8
      290,20/04/2019,09:42,B,172.168.1.8
      116,20/04/2019,09:45,B,172.168.1.8
      131,20/04/2019,09:49,B,172.168.1.8
      256,20/04/2019,09:50,B,172.168.1.8
      112,20/04/2019,09:50,B,172.168.1.8
      112,20/04/2019,09:50,B,172.168.1.8
      128,20/04/2019,09:52,B,172.168.1.8
      201,20/04/2019,09:52,B,172.168.1.8
      297,20/04/2019,09:52,B,172.168.1.8
      127,20/04/2019,09:56,B,172.168.1.8
       14,20/04/2019,09:56,B,172.168.1.8
      206,20/04/2019,09:58,B,172.168.1.8
      289,20/04/2019,09:58,B,172.168.1.8
       16,20/04/2019,09:59,B,172.168.1.8
      295,20/04/2019,09:59,B,172.168.1.8
       17,20/04/2019,10:05,B,172.168.1.8
      258,20/04/2019,10:07,B,172.168.1.8
        5,20/04/2019,10:10,B,172.168.1.8
      109,20/04/2019,10:12,B,172.168.1.8
      207,20/04/2019,10:12,B,172.168.1.8
      261,20/04/2019,10:15,B,172.168.1.8
      271,20/04/2019,10:15,B,172.168.1.8
       30,20/04/2019,10:18,B,172.168.1.8
       26,20/04/2019,10:18,B,172.168.1.8
      129,20/04/2019,10:18,B,172.168.1.8
       10,20/04/2019,10:19,B,172.168.1.8
      215,20/04/2019,10:20,B,172.168.1.8
      117,20/04/2019,10:24,B,172.168.1.8
      101,20/04/2019,10:29,B,172.168.1.8
      255,20/04/2019,10:30,B,172.168.1.8
      254,20/04/2019,10:38,B,172.168.1.8
      293,20/04/2019,10:41,B,172.168.1.8
      310,20/04/2019,10:42,B,172.168.1.8
       22,20/04/2019,10:43,B,172.168.1.8
      210,20/04/2019,10:47,B,172.168.1.8
      211,20/04/2019,10:51,B,172.168.1.8
      212,20/04/2019,10:54,B,172.168.1.8
      216,20/04/2019,10:55,B,172.168.1.8
        8,20/04/2019,11:00,B,172.168.1.8
      114,20/04/2019,11:04,B,172.168.1.8
      106,20/04/2019,11:21,B,172.168.1.8
      205,20/04/2019,11:21,B,172.168.1.8
      205,20/04/2019,11:22,B,172.168.1.8
       24,20/04/2019,11:23,B,172.168.1.8
      208,20/04/2019,11:25,B,172.168.1.8
      214,20/04/2019,11:26,B,172.168.1.8
      204,20/04/2019,11:32,B,172.168.1.8
      209,20/04/2019,11:33,B,172.168.1.8
      204,20/04/2019,11:33,B,172.168.1.8
      202,20/04/2019,11:34,B,172.168.1.8
      203,20/04/2019,11:38,B,172.168.1.8
       29,20/04/2019,11:42,B,172.168.1.8
       29,20/04/2019,11:42,B,172.168.1.8
       19,20/04/2019,12:00,B,172.168.1.8
      303,20/04/2019,12:04,B,172.168.1.8
       72,20/04/2019,12:04,B,172.168.1.8
      201,20/04/2019,12:17,B,172.168.1.8
      206,20/04/2019,12:26,B,172.168.1.8
      215,20/04/2019,12:34,B,172.168.1.8
       16,20/04/2019,12:52,B,172.168.1.8
       26,20/04/2019,12:53,B,172.168.1.8
        1,20/04/2019,12:54,B,172.168.1.8
        2,20/04/2019,12:56,B,172.168.1.8
       20,20/04/2019,13:05,B,172.168.1.8
       18,20/04/2019,13:08,B,172.168.1.8
       18,20/04/2019,13:08,B,172.168.1.8
      211,20/04/2019,13:22,B,172.168.1.8
      260,20/04/2019,13:23,B,172.168.1.8
      210,20/04/2019,13:24,B,172.168.1.8
      210,20/04/2019,13:25,B,172.168.1.8
      121,20/04/2019,15:32,B,172.168.1.8
       37,20/04/2019,15:40,B,172.168.1.8
      128,20/04/2019,15:54,B,172.168.1.8
      125,20/04/2019,16:09,B,172.168.1.8
       25,20/04/2019,17:00,B,172.168.1.8
       22,20/04/2019,17:01,B,172.168.1.8
       35,20/04/2019,17:01,B,172.168.1.8
      261,20/04/2019,17:07,B,172.168.1.8
       19,20/04/2019,17:12,B,172.168.1.8
      110,20/04/2019,17:15,B,172.168.1.8
      289,20/04/2019,17:15,B,172.168.1.8
      120,20/04/2019,17:16,B,172.168.1.8
      271,20/04/2019,17:24,B,172.168.1.8
      297,20/04/2019,17:25,B,172.168.1.8
      131,20/04/2019,17:25,B,172.168.1.8
      273,20/04/2019,17:26,B,172.168.1.8
      131,20/04/2019,17:26,B,172.168.1.8
      109,20/04/2019,17:27,B,172.168.1.8
      116,20/04/2019,17:27,B,172.168.1.8
      271,20/04/2019,17:29,B,172.168.1.8
      295,20/04/2019,17:29,B,172.168.1.8
      254,20/04/2019,17:30,B,172.168.1.8
      115,20/04/2019,17:31,B,172.168.1.8
      118,20/04/2019,17:31,B,172.168.1.8
      296,20/04/2019,17:32,B,172.168.1.8
      290,20/04/2019,17:32,B,172.168.1.8
        5,20/04/2019,17:34,B,172.168.1.8
      123,20/04/2019,17:36,B,172.168.1.8
       36,20/04/2019,17:36,B,172.168.1.8
      101,20/04/2019,17:38,B,172.168.1.8
       14,20/04/2019,17:40,B,172.168.1.8
      114,20/04/2019,17:44,B,172.168.1.8
      112,20/04/2019,17:46,B,172.168.1.8
      106,20/04/2019,18:09,B,172.168.1.8
      117,20/04/2019,18:12,B,172.168.1.8
      129,20/04/2019,18:25,B,172.168.1.8
      310,20/04/2019,18:31,B,172.168.1.8
      310,20/04/2019,18:33,B,172.168.1.8
      129,20/04/2019,18:33,B,172.168.1.8
      268,20/04/2019,18:50,B,172.168.1.8
      280,20/04/2019,18:50,B,172.168.1.8
      293,20/04/2019,18:54,B,172.168.1.8
       19,20/04/2019,19:22,B,172.168.1.8
       19,20/04/2019,19:27,B,172.168.1.8
        9,20/04/2019,19:31,B,172.168.1.8
       30,20/04/2019,19:48,B,172.168.1.8
       29,20/04/2019,19:55,B,172.168.1.8
       29,20/04/2019,19:55,B,172.168.1.8
       11,20/04/2019,21:31,B,172.168.1.8
        8,20/04/2019,21:32,B,172.168.1.8
      258,20/04/2019,21:32,B,172.168.1.8
        1,20/04/2019,21:33,B,172.168.1.8
       24,20/04/2019,21:35,B,172.168.1.8
      312,20/04/2019,21:35,B,172.168.1.8
        2,20/04/2019,21:40,B,172.168.1.8
       12,20/04/2019,21:41,B,172.168.1.8
      255,20/04/2019,22:27,B,172.168.1.8
      256,20/04/2019,22:27,B,172.168.1.8
      126,21/04/2019,08:40,B,172.168.1.8
      260,21/04/2019,08:42,B,172.168.1.8
      115,21/04/2019,08:49,B,172.168.1.8
       25,21/04/2019,09:07,B,172.168.1.8
       12,21/04/2019,09:14,B,172.168.1.8
        2,21/04/2019,09:34,B,172.168.1.8
      280,21/04/2019,09:34,B,172.168.1.8
      268,21/04/2019,09:35,B,172.168.1.8
       32,21/04/2019,10:00,B,172.168.1.8
       11,21/04/2019,10:12,B,172.168.1.8
      256,21/04/2019,10:14,B,172.168.1.8
      255,21/04/2019,10:17,B,172.168.1.8
       14,21/04/2019,10:21,B,172.168.1.8
      283,21/04/2019,10:36,B,172.168.1.8
       23,21/04/2019,10:39,B,172.168.1.8
      131,21/04/2019,10:40,B,172.168.1.8
       17,21/04/2019,10:40,B,172.168.1.8
      312,21/04/2019,10:44,B,172.168.1.8
      290,21/04/2019,10:50,B,172.168.1.8
       35,21/04/2019,10:51,B,172.168.1.8
        9,21/04/2019,10:51,B,172.168.1.8
      112,21/04/2019,10:53,B,172.168.1.8
       24,21/04/2019,10:53,B,172.168.1.8
       36,21/04/2019,10:55,B,172.168.1.8
        5,21/04/2019,10:55,B,172.168.1.8
        9,21/04/2019,11:04,B,172.168.1.8
      258,21/04/2019,11:07,B,172.168.1.8
      101,21/04/2019,11:14,B,172.168.1.8
      295,21/04/2019,11:17,B,172.168.1.8
       29,21/04/2019,11:18,B,172.168.1.8
      129,21/04/2019,11:24,B,172.168.1.8
       26,21/04/2019,11:25,B,172.168.1.8
       30,21/04/2019,11:25,B,172.168.1.8
      109,21/04/2019,11:32,B,172.168.1.8
       20,21/04/2019,11:43,B,172.168.1.8
        8,21/04/2019,11:46,B,172.168.1.8
       19,21/04/2019,11:46,B,172.168.1.8
        1,21/04/2019,11:47,B,172.168.1.8
       28,21/04/2019,11:51,B,172.168.1.8
       16,21/04/2019,11:53,B,172.168.1.8
       10,21/04/2019,12:35,B,172.168.1.8
       22,21/04/2019,13:31,B,172.168.1.8
      256,21/04/2019,15:54,B,172.168.1.8
      126,21/04/2019,16:00,B,172.168.1.8
      126,21/04/2019,16:05,B,172.168.1.8
       35,21/04/2019,16:41,B,172.168.1.8
      109,21/04/2019,16:49,B,172.168.1.8
      295,21/04/2019,17:11,B,172.168.1.8
        5,21/04/2019,17:36,B,172.168.1.8
        5,21/04/2019,17:37,B,172.168.1.8
       36,21/04/2019,17:38,B,172.168.1.8
      290,21/04/2019,18:13,B,172.168.1.8
      101,21/04/2019,18:27,B,172.168.1.8
      131,21/04/2019,21:24,B,172.168.1.8
      129,21/04/2019,21:43,B,172.168.1.8
       29,21/04/2019,21:45,B,172.168.1.8
      131,21/04/2019,21:45,B,172.168.1.8
       25,21/04/2019,21:46,B,172.168.1.8
       23,21/04/2019,21:54,B,172.168.1.8
       26,21/04/2019,21:54,B,172.168.1.8
       14,21/04/2019,21:54,B,172.168.1.8
       28,21/04/2019,21:54,B,172.168.1.8
       22,21/04/2019,21:54,B,172.168.1.8
       20,21/04/2019,21:55,B,172.168.1.8
       19,21/04/2019,21:55,B,172.168.1.8
       22,21/04/2019,21:55,B,172.168.1.8
        9,21/04/2019,21:56,B,172.168.1.8
       16,21/04/2019,21:56,B,172.168.1.8
       10,21/04/2019,21:58,B,172.168.1.8
       30,21/04/2019,21:58,B,172.168.1.8
       12,21/04/2019,21:58,B,172.168.1.8
       32,21/04/2019,22:00,B,172.168.1.8
        2,21/04/2019,22:01,B,172.168.1.8
        2,21/04/2019,22:01,B,172.168.1.8
        1,21/04/2019,22:04,B,172.168.1.8
      283,21/04/2019,22:05,B,172.168.1.8
      115,21/04/2019,22:05,B,172.168.1.8
      260,21/04/2019,22:06,B,172.168.1.8
       11,21/04/2019,22:07,B,172.168.1.8
       17,21/04/2019,22:08,B,172.168.1.8
      312,21/04/2019,22:10,B,172.168.1.8
       24,21/04/2019,22:10,B,172.168.1.8
      268,21/04/2019,22:33,B,172.168.1.8
      258,21/04/2019,22:36,B,172.168.1.8
      268,21/04/2019,22:36,B,172.168.1.8
      280,21/04/2019,22:36,B,172.168.1.8
      112,21/04/2019,22:36,B,172.168.1.8
      256,21/04/2019,22:37,B,172.168.1.8
      255,21/04/2019,22:37,B,172.168.1.8
      121,22/04/2019,06:47,B,172.168.1.8
      273,22/04/2019,07:30,B,172.168.1.8
       63,22/04/2019,07:44,B,172.168.1.8
      125,22/04/2019,07:52,B,172.168.1.8
      214,22/04/2019,08:15,B,172.168.1.8
      260,22/04/2019,08:19,B,172.168.1.8
       18,22/04/2019,08:24,B,172.168.1.8
       42,22/04/2019,08:27,B,172.168.1.8
      298,22/04/2019,08:32,B,172.168.1.8
       17,22/04/2019,08:45,B,172.168.1.8
      296,22/04/2019,08:52,B,172.168.1.8
      126,22/04/2019,08:52,B,172.168.1.8
       32,22/04/2019,08:55,B,172.168.1.8
      262,22/04/2019,08:55,B,172.168.1.8
      115,22/04/2019,08:56,B,172.168.1.8
      120,22/04/2019,08:58,B,172.168.1.8
      216,22/04/2019,08:59,B,172.168.1.8
      212,22/04/2019,09:00,B,172.168.1.8
      119,22/04/2019,09:06,B,172.168.1.8
      312,22/04/2019,09:07,B,172.168.1.8
      255,22/04/2019,09:11,B,172.168.1.8
      122,22/04/2019,09:14,B,172.168.1.8
      203,22/04/2019,09:15,B,172.168.1.8
       20,22/04/2019,09:22,B,172.168.1.8
       25,22/04/2019,09:30,B,172.168.1.8
      204,22/04/2019,09:30,B,172.168.1.8
      303,22/04/2019,09:31,B,172.168.1.8
       11,22/04/2019,09:32,B,172.168.1.8
      118,22/04/2019,09:33,B,172.168.1.8
       14,22/04/2019,09:37,B,172.168.1.8
      201,22/04/2019,09:42,B,172.168.1.8
      110,22/04/2019,09:43,B,172.168.1.8
       12,22/04/2019,09:44,B,172.168.1.8
      123,22/04/2019,09:45,B,172.168.1.8
      211,22/04/2019,09:45,B,172.168.1.8
      283,22/04/2019,09:47,B,172.168.1.8
       35,22/04/2019,09:47,B,172.168.1.8
       35,22/04/2019,09:48,B,172.168.1.8
      213,22/04/2019,09:53,B,172.168.1.8
      256,22/04/2019,09:53,B,172.168.1.8
       23,22/04/2019,09:54,B,172.168.1.8
      202,22/04/2019,09:55,B,172.168.1.8
      127,22/04/2019,09:56,B,172.168.1.8
      297,22/04/2019,09:57,B,172.168.1.8
      109,22/04/2019,09:57,B,172.168.1.8
      309,22/04/2019,09:57,B,172.168.1.8
      289,22/04/2019,09:58,B,172.168.1.8
      280,22/04/2019,09:58,B,172.168.1.8
      268,22/04/2019,09:58,B,172.168.1.8
      310,22/04/2019,09:59,B,172.168.1.8
        8,22/04/2019,10:02,B,172.168.1.8
       28,22/04/2019,10:06,B,172.168.1.8
        1,22/04/2019,10:06,B,172.168.1.8
      295,22/04/2019,10:09,B,172.168.1.8
      116,22/04/2019,10:09,B,172.168.1.8
       24,22/04/2019,10:12,B,172.168.1.8
       24,22/04/2019,10:12,B,172.168.1.8
       21,22/04/2019,10:16,B,172.168.1.8
      271,22/04/2019,10:16,B,172.168.1.8
       72,22/04/2019,10:18,B,172.168.1.8
       27,22/04/2019,10:20,B,172.168.1.8
      293,22/04/2019,10:21,B,172.168.1.8
        5,22/04/2019,10:21,B,172.168.1.8
      114,22/04/2019,10:22,B,172.168.1.8
       29,22/04/2019,10:23,B,172.168.1.8
      261,22/04/2019,10:24,B,172.168.1.8
       26,22/04/2019,10:30,B,172.168.1.8
      101,22/04/2019,10:32,B,172.168.1.8
      129,22/04/2019,10:35,B,172.168.1.8
      117,22/04/2019,10:35,B,172.168.1.8
       36,22/04/2019,10:36,B,172.168.1.8
      254,22/04/2019,10:38,B,172.168.1.8
       22,22/04/2019,10:39,B,172.168.1.8
        9,22/04/2019,10:39,B,172.168.1.8
       30,22/04/2019,10:49,B,172.168.1.8
       30,22/04/2019,10:50,B,172.168.1.8
      251,22/04/2019,10:51,B,172.168.1.8
       63,22/04/2019,10:51,B,172.168.1.8
      106,22/04/2019,10:58,B,172.168.1.8
        2,22/04/2019,11:16,B,172.168.1.8
       19,22/04/2019,11:19,B,172.168.1.8
       42,22/04/2019,11:35,B,172.168.1.8
      112,22/04/2019,11:42,B,172.168.1.8
       10,22/04/2019,11:51,B,172.168.1.8
      309,22/04/2019,12:25,B,172.168.1.8
      258,22/04/2019,12:46,B,172.168.1.8
      271,22/04/2019,13:06,B,172.168.1.8
      214,22/04/2019,13:16,B,172.168.1.8
      203,22/04/2019,13:17,B,172.168.1.8
      202,22/04/2019,13:17,B,172.168.1.8
      212,22/04/2019,13:20,B,172.168.1.8
      216,22/04/2019,13:20,B,172.168.1.8
      204,22/04/2019,13:56,B,172.168.1.8
      213,22/04/2019,13:56,B,172.168.1.8
       64,22/04/2019,13:59,B,172.168.1.8
      211,22/04/2019,14:04,B,172.168.1.8
      201,22/04/2019,14:08,B,172.168.1.8
      205,22/04/2019,14:48,B,172.168.1.8
      205,22/04/2019,14:54,B,172.168.1.8
      121,22/04/2019,15:09,B,172.168.1.8
      303,22/04/2019,15:22,B,172.168.1.8
      303,22/04/2019,15:22,B,172.168.1.8
       72,22/04/2019,15:31,B,172.168.1.8
       30,22/04/2019,15:42,B,172.168.1.8
      298,22/04/2019,16:01,B,172.168.1.8
       18,22/04/2019,16:29,B,172.168.1.8
       64,22/04/2019,16:51,B,172.168.1.8
      125,22/04/2019,16:54,B,172.168.1.8
      119,22/04/2019,16:57,B,172.168.1.8
      262,22/04/2019,17:05,B,172.168.1.8
      109,22/04/2019,17:12,B,172.168.1.8
      110,22/04/2019,17:12,B,172.168.1.8
      258,22/04/2019,17:13,B,172.168.1.8
      122,22/04/2019,17:20,B,172.168.1.8
      289,22/04/2019,17:22,B,172.168.1.8
      261,22/04/2019,17:22,B,172.168.1.8
      273,22/04/2019,17:22,B,172.168.1.8
      127,22/04/2019,17:22,B,172.168.1.8
      120,22/04/2019,17:23,B,172.168.1.8
      297,22/04/2019,17:23,B,172.168.1.8
      254,22/04/2019,17:29,B,172.168.1.8
      254,22/04/2019,17:30,B,172.168.1.8
      126,22/04/2019,17:30,B,172.168.1.8
      123,22/04/2019,17:31,B,172.168.1.8
      295,22/04/2019,17:33,B,172.168.1.8
      118,22/04/2019,17:39,B,172.168.1.8
      296,22/04/2019,17:40,B,172.168.1.8
      129,22/04/2019,17:47,B,172.168.1.8
      129,22/04/2019,17:48,B,172.168.1.8
      114,22/04/2019,17:55,B,172.168.1.8
      260,22/04/2019,18:00,B,172.168.1.8
      106,22/04/2019,18:08,B,172.168.1.8
      116,22/04/2019,18:09,B,172.168.1.8
      280,22/04/2019,18:09,B,172.168.1.8
      293,22/04/2019,18:10,B,172.168.1.8
      117,22/04/2019,18:14,B,172.168.1.8
      116,22/04/2019,18:14,B,172.168.1.8
      106,22/04/2019,18:14,B,172.168.1.8
        5,22/04/2019,18:19,B,172.168.1.8
       14,22/04/2019,18:54,B,172.168.1.8
       10,22/04/2019,18:54,B,172.168.1.8
       10,22/04/2019,18:54,B,172.168.1.8
      310,22/04/2019,19:28,B,172.168.1.8
      310,22/04/2019,19:30,B,172.168.1.8
       36,22/04/2019,19:38,B,172.168.1.8
       25,22/04/2019,19:39,B,172.168.1.8
       21,22/04/2019,21:03,B,172.168.1.8
       35,22/04/2019,21:28,B,172.168.1.8
       20,22/04/2019,21:29,B,172.168.1.8
       28,22/04/2019,21:29,B,172.168.1.8
        9,22/04/2019,21:38,B,172.168.1.8
      312,22/04/2019,22:12,B,172.168.1.8
       22,22/04/2019,22:18,B,172.168.1.8
        8,22/04/2019,22:31,B,172.168.1.8
       27,22/04/2019,22:32,B,172.168.1.8
       26,22/04/2019,22:34,B,172.168.1.8
        8,22/04/2019,22:34,B,172.168.1.8
      268,22/04/2019,22:45,B,172.168.1.8
      112,22/04/2019,22:47,B,172.168.1.8
      112,22/04/2019,22:49,B,172.168.1.8
      112,22/04/2019,22:50,B,172.168.1.8
      115,22/04/2019,23:07,B,172.168.1.8
       26,22/04/2019,23:08,B,172.168.1.8
       23,22/04/2019,23:08,B,172.168.1.8
       11,22/04/2019,23:08,B,172.168.1.8
       17,22/04/2019,23:08,B,172.168.1.8
      283,22/04/2019,23:08,B,172.168.1.8
       24,22/04/2019,23:08,B,172.168.1.8
      115,22/04/2019,23:08,B,172.168.1.8
      101,22/04/2019,23:09,B,172.168.1.8
      101,22/04/2019,23:09,B,172.168.1.8
        2,22/04/2019,23:11,B,172.168.1.8
       12,22/04/2019,23:12,B,172.168.1.8
        1,22/04/2019,23:20,B,172.168.1.8
      256,22/04/2019,23:21,B,172.168.1.8
      255,22/04/2019,23:22,B,172.168.1.8
      262,23/04/2019,06:41,B,172.168.1.8
      121,23/04/2019,06:41,B,172.168.1.8
      273,23/04/2019,07:16,B,172.168.1.8
      125,23/04/2019,07:39,B,172.168.1.8
      205,23/04/2019,08:09,B,172.168.1.8
       42,23/04/2019,08:10,B,172.168.1.8
       54,23/04/2019,08:12,B,172.168.1.8
      260,23/04/2019,08:26,B,172.168.1.8
      260,23/04/2019,08:26,B,172.168.1.8
      298,23/04/2019,08:30,B,172.168.1.8
       14,23/04/2019,08:36,B,172.168.1.8
      283,23/04/2019,08:38,B,172.168.1.8
      119,23/04/2019,08:42,B,172.168.1.8
      115,23/04/2019,08:47,B,172.168.1.8
      208,23/04/2019,08:50,B,172.168.1.8
       22,23/04/2019,08:52,B,172.168.1.8
       22,23/04/2019,08:53,B,172.168.1.8
      287,23/04/2019,08:54,B,172.168.1.8
      120,23/04/2019,08:54,B,172.168.1.8
      214,23/04/2019,08:55,B,172.168.1.8
      216,23/04/2019,08:56,B,172.168.1.8
      296,23/04/2019,08:56,B,172.168.1.8
      303,23/04/2019,09:02,B,172.168.1.8
      122,23/04/2019,09:12,B,172.168.1.8
      123,23/04/2019,09:21,B,172.168.1.8
      280,23/04/2019,09:23,B,172.168.1.8
      268,23/04/2019,09:23,B,172.168.1.8
       17,23/04/2019,09:24,B,172.168.1.8
       37,23/04/2019,09:24,B,172.168.1.8
       25,23/04/2019,09:25,B,172.168.1.8
      206,23/04/2019,09:25,B,172.168.1.8
       20,23/04/2019,09:33,B,172.168.1.8
       18,23/04/2019,09:39,B,172.168.1.8
       32,23/04/2019,09:39,B,172.168.1.8
      203,23/04/2019,09:40,B,172.168.1.8
      255,23/04/2019,09:42,B,172.168.1.8
      309,23/04/2019,09:46,B,172.168.1.8
      127,23/04/2019,09:49,B,172.168.1.8
      201,23/04/2019,09:49,B,172.168.1.8
      110,23/04/2019,09:49,B,172.168.1.8
      209,23/04/2019,09:50,B,172.168.1.8
       23,23/04/2019,09:50,B,172.168.1.8
      209,23/04/2019,09:50,B,172.168.1.8
      290,23/04/2019,09:52,B,172.168.1.8
      289,23/04/2019,09:58,B,172.168.1.8
      297,23/04/2019,09:58,B,172.168.1.8
      114,23/04/2019,10:01,B,172.168.1.8
      312,23/04/2019,10:02,B,172.168.1.8
       72,23/04/2019,10:03,B,172.168.1.8
      129,23/04/2019,10:08,B,172.168.1.8
      310,23/04/2019,10:08,B,172.168.1.8
      256,23/04/2019,10:08,B,172.168.1.8
      116,23/04/2019,10:09,B,172.168.1.8
      109,23/04/2019,10:10,B,172.168.1.8
      202,23/04/2019,10:11,B,172.168.1.8
      202,23/04/2019,10:13,B,172.168.1.8
      293,23/04/2019,10:13,B,172.168.1.8
      204,23/04/2019,10:13,B,172.168.1.8
      131,23/04/2019,10:14,B,172.168.1.8
      271,23/04/2019,10:16,B,172.168.1.8
      118,23/04/2019,10:17,B,172.168.1.8
      261,23/04/2019,10:18,B,172.168.1.8
      295,23/04/2019,10:27,B,172.168.1.8
       11,23/04/2019,10:27,B,172.168.1.8
      117,23/04/2019,10:28,B,172.168.1.8
       54,23/04/2019,10:30,B,172.168.1.8
      101,23/04/2019,10:33,B,172.168.1.8
       24,23/04/2019,10:38,B,172.168.1.8
        5,23/04/2019,10:39,B,172.168.1.8
        1,23/04/2019,10:40,B,172.168.1.8
      254,23/04/2019,10:41,B,172.168.1.8
      210,23/04/2019,10:52,B,172.168.1.8
        2,23/04/2019,11:12,B,172.168.1.8
       21,23/04/2019,11:15,B,172.168.1.8
      309,23/04/2019,11:24,B,172.168.1.8
      251,23/04/2019,11:47,B,172.168.1.8
      106,23/04/2019,11:47,B,172.168.1.8
       26,23/04/2019,12:05,B,172.168.1.8
      258,23/04/2019,12:06,B,172.168.1.8
       12,23/04/2019,12:19,B,172.168.1.8
      205,23/04/2019,12:20,B,172.168.1.8
       10,23/04/2019,12:21,B,172.168.1.8
      208,23/04/2019,13:00,B,172.168.1.8
      214,23/04/2019,13:03,B,172.168.1.8
       42,23/04/2019,13:13,B,172.168.1.8
      304,23/04/2019,13:34,B,172.168.1.8
      202,23/04/2019,14:13,B,172.168.1.8
      204,23/04/2019,14:14,B,172.168.1.8
      201,23/04/2019,14:14,B,172.168.1.8
      203,23/04/2019,14:14,B,172.168.1.8
      203,23/04/2019,14:14,B,172.168.1.8
      206,23/04/2019,14:15,B,172.168.1.8
      209,23/04/2019,14:15,B,172.168.1.8
      101,23/04/2019,14:15,B,172.168.1.8
      262,23/04/2019,15:07,B,172.168.1.8
      121,23/04/2019,15:20,B,172.168.1.8
      303,23/04/2019,15:29,B,172.168.1.8
      303,23/04/2019,15:29,B,172.168.1.8
       64,23/04/2019,15:29,B,172.168.1.8
       72,23/04/2019,15:30,B,172.168.1.8
       23,23/04/2019,15:30,B,172.168.1.8
       23,23/04/2019,15:33,B,172.168.1.8
      122,23/04/2019,15:47,B,172.168.1.8
      298,23/04/2019,15:48,B,172.168.1.8
      312,23/04/2019,15:52,B,172.168.1.8
      210,23/04/2019,15:55,B,172.168.1.8
      125,23/04/2019,16:04,B,172.168.1.8
       24,23/04/2019,16:08,B,172.168.1.8
       25,23/04/2019,16:16,B,172.168.1.8
       10,23/04/2019,16:40,B,172.168.1.8
      116,23/04/2019,16:42,B,172.168.1.8
      119,23/04/2019,16:50,B,172.168.1.8
       12,23/04/2019,16:55,B,172.168.1.8
        1,23/04/2019,16:56,B,172.168.1.8
       11,23/04/2019,17:00,B,172.168.1.8
      251,23/04/2019,17:05,B,172.168.1.8
      115,23/04/2019,17:06,B,172.168.1.8
        5,23/04/2019,17:06,B,172.168.1.8
       64,23/04/2019,17:06,B,172.168.1.8
       14,23/04/2019,17:08,B,172.168.1.8
       22,23/04/2019,17:08,B,172.168.1.8
      295,23/04/2019,17:09,B,172.168.1.8
      297,23/04/2019,17:10,B,172.168.1.8
      110,23/04/2019,17:10,B,172.168.1.8
      109,23/04/2019,17:10,B,172.168.1.8
      255,23/04/2019,17:11,B,172.168.1.8
       17,23/04/2019,17:14,B,172.168.1.8
       21,23/04/2019,17:14,B,172.168.1.8
      260,23/04/2019,17:15,B,172.168.1.8
      271,23/04/2019,17:15,B,172.168.1.8
      296,23/04/2019,17:15,B,172.168.1.8
       22,23/04/2019,17:15,B,172.168.1.8
        2,23/04/2019,17:15,B,172.168.1.8
      118,23/04/2019,17:16,B,172.168.1.8
      131,23/04/2019,17:18,B,172.168.1.8
      289,23/04/2019,17:18,B,172.168.1.8
      261,23/04/2019,17:19,B,172.168.1.8
      120,23/04/2019,17:20,B,172.168.1.8
      273,23/04/2019,17:22,B,172.168.1.8
      114,23/04/2019,17:22,B,172.168.1.8
       20,23/04/2019,17:22,B,172.168.1.8
      283,23/04/2019,17:27,B,172.168.1.8
      256,23/04/2019,17:28,B,172.168.1.8
      123,23/04/2019,17:32,B,172.168.1.8
      258,23/04/2019,17:39,B,172.168.1.8
      258,23/04/2019,17:40,B,172.168.1.8
       26,23/04/2019,17:43,B,172.168.1.8
      287,23/04/2019,17:46,B,172.168.1.8
      127,23/04/2019,17:46,B,172.168.1.8
      129,23/04/2019,17:47,B,172.168.1.8
      127,23/04/2019,17:47,B,172.168.1.8
      280,23/04/2019,17:48,B,172.168.1.8
      268,23/04/2019,17:49,B,172.168.1.8
      293,23/04/2019,17:50,B,172.168.1.8
      268,23/04/2019,17:50,B,172.168.1.8
       18,23/04/2019,17:51,B,172.168.1.8
      290,23/04/2019,17:55,B,172.168.1.8
      106,23/04/2019,18:02,B,172.168.1.8
      310,23/04/2019,18:09,B,172.168.1.8
      117,23/04/2019,18:10,B,172.168.1.8
      121,24/04/2019,06:49,B,172.168.1.8
      262,24/04/2019,06:56,B,172.168.1.8
      125,24/04/2019,07:32,B,172.168.1.8
      273,24/04/2019,08:00,B,172.168.1.8
       42,24/04/2019,08:06,B,172.168.1.8
      126,24/04/2019,08:16,B,172.168.1.8
      298,24/04/2019,08:18,B,172.168.1.8
      260,24/04/2019,08:29,B,172.168.1.8
      260,24/04/2019,08:29,B,172.168.1.8
      303,24/04/2019,08:42,B,172.168.1.8
      115,24/04/2019,08:49,B,172.168.1.8
      216,24/04/2019,08:54,B,172.168.1.8
      296,24/04/2019,08:58,B,172.168.1.8
      215,24/04/2019,08:59,B,172.168.1.8
      208,24/04/2019,09:02,B,172.168.1.8
      120,24/04/2019,09:03,B,172.168.1.8
       25,24/04/2019,09:07,B,172.168.1.8
      114,24/04/2019,09:08,B,172.168.1.8
       18,24/04/2019,09:09,B,172.168.1.8
       16,24/04/2019,09:09,B,172.168.1.8
       32,24/04/2019,09:12,B,172.168.1.8
      207,24/04/2019,09:13,B,172.168.1.8
      212,24/04/2019,09:13,B,172.168.1.8
      255,24/04/2019,09:14,B,172.168.1.8
       20,24/04/2019,09:19,B,172.168.1.8
      122,24/04/2019,09:20,B,172.168.1.8
       65,24/04/2019,09:23,B,172.168.1.8
       36,24/04/2019,09:25,B,172.168.1.8
      280,24/04/2019,09:28,B,172.168.1.8
      268,24/04/2019,09:30,B,172.168.1.8
       17,24/04/2019,09:34,B,172.168.1.8
      206,24/04/2019,09:40,B,172.168.1.8
       72,24/04/2019,09:41,B,172.168.1.8
      110,24/04/2019,09:42,B,172.168.1.8
      123,24/04/2019,09:42,B,172.168.1.8
      209,24/04/2019,09:45,B,172.168.1.8
      203,24/04/2019,09:49,B,172.168.1.8
      211,24/04/2019,09:52,B,172.168.1.8
       12,24/04/2019,09:53,B,172.168.1.8
       21,24/04/2019,09:55,B,172.168.1.8
      131,24/04/2019,09:56,B,172.168.1.8
       35,24/04/2019,09:57,B,172.168.1.8
      289,24/04/2019,09:59,B,172.168.1.8
      297,24/04/2019,09:59,B,172.168.1.8
      128,24/04/2019,10:01,B,172.168.1.8
      204,24/04/2019,10:02,B,172.168.1.8
      127,24/04/2019,10:02,B,172.168.1.8
      271,24/04/2019,10:03,B,172.168.1.8
      310,24/04/2019,10:05,B,172.168.1.8
      290,24/04/2019,10:09,B,172.168.1.8
      116,24/04/2019,10:11,B,172.168.1.8
      201,24/04/2019,10:11,B,172.168.1.8
       28,24/04/2019,10:13,B,172.168.1.8
      293,24/04/2019,10:13,B,172.168.1.8
       10,24/04/2019,10:14,B,172.168.1.8
      109,24/04/2019,10:15,B,172.168.1.8
      118,24/04/2019,10:16,B,172.168.1.8
       65,24/04/2019,10:17,B,172.168.1.8
      261,24/04/2019,10:18,B,172.168.1.8
      213,24/04/2019,10:22,B,172.168.1.8
      258,24/04/2019,10:23,B,172.168.1.8
        5,24/04/2019,10:23,B,172.168.1.8
      117,24/04/2019,10:27,B,172.168.1.8
      205,24/04/2019,10:29,B,172.168.1.8
      112,24/04/2019,10:29,B,172.168.1.8
        1,24/04/2019,10:31,B,172.168.1.8
       14,24/04/2019,10:33,B,172.168.1.8
      214,24/04/2019,10:36,B,172.168.1.8
        8,24/04/2019,10:36,B,172.168.1.8
      256,24/04/2019,10:37,B,172.168.1.8
      254,24/04/2019,10:41,B,172.168.1.8
       26,24/04/2019,10:44,B,172.168.1.8
      101,24/04/2019,10:46,B,172.168.1.8
      210,24/04/2019,10:55,B,172.168.1.8
      251,24/04/2019,11:06,B,172.168.1.8
       27,24/04/2019,11:12,B,172.168.1.8
       19,24/04/2019,11:13,B,172.168.1.8
        9,24/04/2019,11:13,B,172.168.1.8
       42,24/04/2019,11:20,B,172.168.1.8
       30,24/04/2019,11:20,B,172.168.1.8
        2,24/04/2019,11:51,B,172.168.1.8
      110,24/04/2019,12:20,B,172.168.1.8
      213,24/04/2019,13:02,B,172.168.1.8
      204,24/04/2019,13:02,B,172.168.1.8
      262,24/04/2019,13:03,B,172.168.1.8
      215,24/04/2019,13:17,B,172.168.1.8
      203,24/04/2019,13:34,B,172.168.1.8
      201,24/04/2019,13:34,B,172.168.1.8
      208,24/04/2019,13:35,B,172.168.1.8
      207,24/04/2019,13:36,B,172.168.1.8
      216,24/04/2019,13:36,B,172.168.1.8
      212,24/04/2019,13:36,B,172.168.1.8
      214,24/04/2019,13:58,B,172.168.1.8
       36,24/04/2019,14:21,B,172.168.1.8
      211,24/04/2019,14:25,B,172.168.1.8
       16,24/04/2019,14:35,B,172.168.1.8
      106,24/04/2019,14:39,B,172.168.1.8
       64,24/04/2019,14:58,B,172.168.1.8
      206,24/04/2019,15:01,B,172.168.1.8
      205,24/04/2019,15:02,B,172.168.1.8
      205,24/04/2019,15:02,B,172.168.1.8
      206,24/04/2019,15:02,B,172.168.1.8
      209,24/04/2019,15:02,B,172.168.1.8
       18,24/04/2019,15:12,B,172.168.1.8
      303,24/04/2019,15:30,B,172.168.1.8
       72,24/04/2019,15:31,B,172.168.1.8
      298,24/04/2019,15:51,B,172.168.1.8
        5,24/04/2019,15:52,B,172.168.1.8
      210,24/04/2019,15:57,B,172.168.1.8
      125,24/04/2019,15:57,B,172.168.1.8
       21,24/04/2019,16:05,B,172.168.1.8
        2,24/04/2019,16:08,B,172.168.1.8
      126,24/04/2019,16:15,B,172.168.1.8
       20,24/04/2019,16:22,B,172.168.1.8
       64,24/04/2019,16:31,B,172.168.1.8
       35,24/04/2019,16:33,B,172.168.1.8
       25,24/04/2019,16:42,B,172.168.1.8
        9,24/04/2019,16:44,B,172.168.1.8
       17,24/04/2019,16:46,B,172.168.1.8
        9,24/04/2019,16:54,B,172.168.1.8
       19,24/04/2019,16:57,B,172.168.1.8
       19,24/04/2019,16:57,B,172.168.1.8
      109,24/04/2019,17:17,B,172.168.1.8
      297,24/04/2019,17:18,B,172.168.1.8
      131,24/04/2019,17:18,B,172.168.1.8
      289,24/04/2019,17:21,B,172.168.1.8
      261,24/04/2019,17:21,B,172.168.1.8
      120,24/04/2019,17:21,B,172.168.1.8
       28,24/04/2019,17:21,B,172.168.1.8
       10,24/04/2019,17:21,B,172.168.1.8
      268,24/04/2019,17:22,B,172.168.1.8
      128,24/04/2019,17:23,B,172.168.1.8
      122,24/04/2019,17:24,B,172.168.1.8
      271,24/04/2019,17:28,B,172.168.1.8
      118,24/04/2019,17:30,B,172.168.1.8
      296,24/04/2019,17:30,B,172.168.1.8
      123,24/04/2019,17:31,B,172.168.1.8
      254,24/04/2019,17:35,B,172.168.1.8
      251,24/04/2019,17:36,B,172.168.1.8
      115,24/04/2019,17:36,B,172.168.1.8
      101,24/04/2019,17:39,B,172.168.1.8
       27,24/04/2019,17:41,B,172.168.1.8
       32,24/04/2019,17:43,B,172.168.1.8
      127,24/04/2019,17:46,B,172.168.1.8
      290,24/04/2019,18:09,B,172.168.1.8
      112,24/04/2019,18:13,B,172.168.1.8
        8,24/04/2019,18:19,B,172.168.1.8
      273,24/04/2019,18:19,B,172.168.1.8
      116,24/04/2019,18:20,B,172.168.1.8
      117,24/04/2019,18:20,B,172.168.1.8
      106,24/04/2019,18:21,B,172.168.1.8
      293,24/04/2019,18:25,B,172.168.1.8
      114,24/04/2019,18:25,B,172.168.1.8
        8,24/04/2019,18:30,B,172.168.1.8
       26,24/04/2019,18:32,B,172.168.1.8
       30,24/04/2019,18:38,B,172.168.1.8
      310,24/04/2019,19:22,B,172.168.1.8
      310,24/04/2019,19:25,B,172.168.1.8
       14,24/04/2019,19:49,B,172.168.1.8
      255,24/04/2019,20:15,B,172.168.1.8
      258,24/04/2019,20:15,B,172.168.1.8
      258,24/04/2019,20:15,B,172.168.1.8
      280,24/04/2019,20:15,B,172.168.1.8
       12,24/04/2019,21:04,B,172.168.1.8
      260,24/04/2019,21:05,B,172.168.1.8
      256,24/04/2019,21:05,B,172.168.1.8
      126,25/04/2019,07:18,B,172.168.1.8
      262,25/04/2019,07:19,B,172.168.1.8
      273,25/04/2019,07:47,B,172.168.1.8
      298,25/04/2019,07:53,B,172.168.1.8
      125,25/04/2019,07:56,B,172.168.1.8
       54,25/04/2019,08:02,B,172.168.1.8
      260,25/04/2019,08:27,B,172.168.1.8
       65,25/04/2019,08:28,B,172.168.1.8
      215,25/04/2019,08:42,B,172.168.1.8
      215,25/04/2019,08:44,B,172.168.1.8
      115,25/04/2019,08:49,B,172.168.1.8
      120,25/04/2019,08:54,B,172.168.1.8
      119,25/04/2019,08:54,B,172.168.1.8
       23,25/04/2019,08:57,B,172.168.1.8
      303,25/04/2019,08:57,B,172.168.1.8
      296,25/04/2019,08:58,B,172.168.1.8
      112,25/04/2019,08:58,B,172.168.1.8
      214,25/04/2019,08:59,B,172.168.1.8
       25,25/04/2019,09:07,B,172.168.1.8
      255,25/04/2019,09:10,B,172.168.1.8
      208,25/04/2019,09:11,B,172.168.1.8
      212,25/04/2019,09:11,B,172.168.1.8
      216,25/04/2019,09:11,B,172.168.1.8
      268,25/04/2019,09:12,B,172.168.1.8
      207,25/04/2019,09:12,B,172.168.1.8
      205,25/04/2019,09:19,B,172.168.1.8
       20,25/04/2019,09:22,B,172.168.1.8
      110,25/04/2019,09:22,B,172.168.1.8
      118,25/04/2019,09:25,B,172.168.1.8
       14,25/04/2019,09:25,B,172.168.1.8
       21,25/04/2019,09:27,B,172.168.1.8
       72,25/04/2019,09:32,B,172.168.1.8
        5,25/04/2019,09:34,B,172.168.1.8
       36,25/04/2019,09:37,B,172.168.1.8
       11,25/04/2019,09:37,B,172.168.1.8
      283,25/04/2019,09:39,B,172.168.1.8
      123,25/04/2019,09:41,B,172.168.1.8
      122,25/04/2019,09:42,B,172.168.1.8
       26,25/04/2019,09:47,B,172.168.1.8
       32,25/04/2019,09:48,B,172.168.1.8
      128,25/04/2019,09:49,B,172.168.1.8
      293,25/04/2019,09:51,B,172.168.1.8
      206,25/04/2019,09:52,B,172.168.1.8
      209,25/04/2019,09:56,B,172.168.1.8
      109,25/04/2019,09:58,B,172.168.1.8
      297,25/04/2019,09:58,B,172.168.1.8
      116,25/04/2019,09:59,B,172.168.1.8
       24,25/04/2019,09:59,B,172.168.1.8
      290,25/04/2019,09:59,B,172.168.1.8
      290,25/04/2019,09:59,B,172.168.1.8
      289,25/04/2019,10:00,B,172.168.1.8
       28,25/04/2019,10:05,B,172.168.1.8
      271,25/04/2019,10:05,B,172.168.1.8
      310,25/04/2019,10:06,B,172.168.1.8
      256,25/04/2019,10:08,B,172.168.1.8
      127,25/04/2019,10:09,B,172.168.1.8
      201,25/04/2019,10:11,B,172.168.1.8
      129,25/04/2019,10:11,B,172.168.1.8
      203,25/04/2019,10:12,B,172.168.1.8
      295,25/04/2019,10:13,B,172.168.1.8
      312,25/04/2019,10:13,B,172.168.1.8
      101,25/04/2019,10:17,B,172.168.1.8
      261,25/04/2019,10:23,B,172.168.1.8
      117,25/04/2019,10:27,B,172.168.1.8
      211,25/04/2019,10:27,B,172.168.1.8
       16,25/04/2019,10:27,B,172.168.1.8
       16,25/04/2019,10:27,B,172.168.1.8
       35,25/04/2019,10:28,B,172.168.1.8
        8,25/04/2019,10:30,B,172.168.1.8
        1,25/04/2019,10:31,B,172.168.1.8
      254,25/04/2019,10:35,B,172.168.1.8
      213,25/04/2019,10:36,B,172.168.1.8
      213,25/04/2019,10:36,B,172.168.1.8
        2,25/04/2019,10:42,B,172.168.1.8
      131,25/04/2019,10:42,B,172.168.1.8
       54,25/04/2019,10:44,B,172.168.1.8
       17,25/04/2019,10:45,B,172.168.1.8
      210,25/04/2019,10:48,B,172.168.1.8
       29,25/04/2019,11:05,B,172.168.1.8
       30,25/04/2019,11:05,B,172.168.1.8
      251,25/04/2019,11:09,B,172.168.1.8
       19,25/04/2019,11:16,B,172.168.1.8
       27,25/04/2019,11:20,B,172.168.1.8
       10,25/04/2019,11:23,B,172.168.1.8
      106,25/04/2019,11:27,B,172.168.1.8
        9,25/04/2019,11:29,B,172.168.1.8
      202,25/04/2019,11:29,B,172.168.1.8
      305,25/04/2019,12:11,B,172.168.1.8
       37,25/04/2019,12:19,B,172.168.1.8
      291,25/04/2019,12:28,B,172.168.1.8
      258,25/04/2019,12:47,B,172.168.1.8
      215,25/04/2019,13:13,B,172.168.1.8
      280,25/04/2019,13:19,B,172.168.1.8
      207,25/04/2019,13:50,B,172.168.1.8
      208,25/04/2019,13:51,B,172.168.1.8
      212,25/04/2019,13:52,B,172.168.1.8
      216,25/04/2019,13:52,B,172.168.1.8
      207,25/04/2019,13:52,B,172.168.1.8
      122,25/04/2019,13:59,B,172.168.1.8
      214,25/04/2019,14:03,B,172.168.1.8
      205,25/04/2019,14:28,B,172.168.1.8
      205,25/04/2019,14:28,B,172.168.1.8
      287,25/04/2019,14:33,B,172.168.1.8
      254,25/04/2019,14:41,B,172.168.1.8
       36,25/04/2019,14:49,B,172.168.1.8
      206,25/04/2019,14:53,B,172.168.1.8
      209,25/04/2019,14:57,B,172.168.1.8
      213,25/04/2019,14:57,B,172.168.1.8
      131,25/04/2019,15:09,B,172.168.1.8
      305,25/04/2019,15:12,B,172.168.1.8
       72,25/04/2019,15:14,B,172.168.1.8
      303,25/04/2019,15:14,B,172.168.1.8
      262,25/04/2019,15:15,B,172.168.1.8
      203,25/04/2019,15:24,B,172.168.1.8
      201,25/04/2019,15:24,B,172.168.1.8
      202,25/04/2019,15:24,B,172.168.1.8
      312,25/04/2019,15:27,B,172.168.1.8
      211,25/04/2019,15:28,B,172.168.1.8
        5,25/04/2019,15:33,B,172.168.1.8
       16,25/04/2019,15:35,B,172.168.1.8
       65,25/04/2019,15:35,B,172.168.1.8
       20,25/04/2019,15:39,B,172.168.1.8
      298,25/04/2019,15:44,B,172.168.1.8
      210,25/04/2019,15:51,B,172.168.1.8
       23,25/04/2019,15:59,B,172.168.1.8
       21,25/04/2019,16:00,B,172.168.1.8
      126,25/04/2019,16:02,B,172.168.1.8
       28,25/04/2019,16:04,B,172.168.1.8
      125,25/04/2019,16:33,B,172.168.1.8
       11,25/04/2019,16:34,B,172.168.1.8
       24,25/04/2019,16:48,B,172.168.1.8
       25,25/04/2019,16:48,B,172.168.1.8
      119,25/04/2019,16:49,B,172.168.1.8
       35,25/04/2019,16:51,B,172.168.1.8
      261,25/04/2019,17:10,B,172.168.1.8
      289,25/04/2019,17:10,B,172.168.1.8
        9,25/04/2019,17:12,B,172.168.1.8
      110,25/04/2019,17:15,B,172.168.1.8
      128,25/04/2019,17:15,B,172.168.1.8
      109,25/04/2019,17:15,B,172.168.1.8
      297,25/04/2019,17:15,B,172.168.1.8
      295,25/04/2019,17:20,B,172.168.1.8
        1,25/04/2019,17:21,B,172.168.1.8
      291,25/04/2019,17:21,B,172.168.1.8
      271,25/04/2019,17:22,B,172.168.1.8
      271,25/04/2019,17:25,B,172.168.1.8
      118,25/04/2019,17:25,B,172.168.1.8
       29,25/04/2019,17:25,B,172.168.1.8
       17,25/04/2019,17:29,B,172.168.1.8
      123,25/04/2019,17:30,B,172.168.1.8
      120,25/04/2019,17:30,B,172.168.1.8
      268,25/04/2019,17:32,B,172.168.1.8
      127,25/04/2019,17:32,B,172.168.1.8
      268,25/04/2019,17:32,B,172.168.1.8
       32,25/04/2019,17:33,B,172.168.1.8
      296,25/04/2019,17:33,B,172.168.1.8
      101,25/04/2019,17:34,B,172.168.1.8
      115,25/04/2019,17:34,B,172.168.1.8
      273,25/04/2019,17:34,B,172.168.1.8
      251,25/04/2019,17:34,B,172.168.1.8
      260,25/04/2019,17:35,B,172.168.1.8
      260,25/04/2019,17:38,B,172.168.1.8
      129,25/04/2019,17:38,B,172.168.1.8
       19,25/04/2019,17:40,B,172.168.1.8
      129,25/04/2019,17:40,B,172.168.1.8
      258,25/04/2019,17:46,B,172.168.1.8
       30,25/04/2019,17:51,B,172.168.1.8
      283,25/04/2019,17:51,B,172.168.1.8
       26,25/04/2019,17:52,B,172.168.1.8
      283,25/04/2019,17:53,B,172.168.1.8
      256,25/04/2019,18:00,B,172.168.1.8
      280,25/04/2019,18:04,B,172.168.1.8
      268,25/04/2019,18:05,B,172.168.1.8
      280,25/04/2019,18:06,B,172.168.1.8
      293,25/04/2019,18:07,B,172.168.1.8
      287,25/04/2019,18:07,B,172.168.1.8
      290,25/04/2019,18:08,B,172.168.1.8
       10,25/04/2019,18:13,B,172.168.1.8
      112,25/04/2019,18:16,B,172.168.1.8
      116,25/04/2019,18:20,B,172.168.1.8
      117,25/04/2019,18:20,B,172.168.1.8
      310,25/04/2019,18:20,B,172.168.1.8
      106,25/04/2019,18:22,B,172.168.1.8
        2,25/04/2019,18:22,B,172.168.1.8
       27,25/04/2019,18:30,B,172.168.1.8
        8,25/04/2019,18:51,B,172.168.1.8
      255,25/04/2019,19:01,B,172.168.1.8
      121,26/04/2019,06:46,B,172.168.1.8
      262,26/04/2019,07:00,B,172.168.1.8
      255,26/04/2019,07:35,B,172.168.1.8
      273,26/04/2019,07:40,B,172.168.1.8
      125,26/04/2019,07:59,B,172.168.1.8
      298,26/04/2019,07:59,B,172.168.1.8
      260,26/04/2019,08:25,B,172.168.1.8
      119,26/04/2019,08:42,B,172.168.1.8
      287,26/04/2019,08:45,B,172.168.1.8
      126,26/04/2019,08:47,B,172.168.1.8
       32,26/04/2019,08:53,B,172.168.1.8
      296,26/04/2019,08:58,B,172.168.1.8
      256,26/04/2019,09:03,B,172.168.1.8
      303,26/04/2019,09:13,B,172.168.1.8
      115,26/04/2019,09:16,B,172.168.1.8
      280,26/04/2019,09:19,B,172.168.1.8
      268,26/04/2019,09:19,B,172.168.1.8
      122,26/04/2019,09:19,B,172.168.1.8
       12,26/04/2019,09:24,B,172.168.1.8
       20,26/04/2019,09:29,B,172.168.1.8
      118,26/04/2019,09:30,B,172.168.1.8
      112,26/04/2019,09:31,B,172.168.1.8
       72,26/04/2019,09:32,B,172.168.1.8
       36,26/04/2019,09:34,B,172.168.1.8
       21,26/04/2019,09:35,B,172.168.1.8
      123,26/04/2019,09:35,B,172.168.1.8
       23,26/04/2019,09:38,B,172.168.1.8
      110,26/04/2019,09:43,B,172.168.1.8
      131,26/04/2019,09:48,B,172.168.1.8
      128,26/04/2019,09:49,B,172.168.1.8
       11,26/04/2019,09:51,B,172.168.1.8
      127,26/04/2019,09:51,B,172.168.1.8
      116,26/04/2019,09:52,B,172.168.1.8
       28,26/04/2019,09:52,B,172.168.1.8
      209,26/04/2019,09:55,B,172.168.1.8
      209,26/04/2019,09:56,B,172.168.1.8
       14,26/04/2019,09:57,B,172.168.1.8
        1,26/04/2019,09:57,B,172.168.1.8
      297,26/04/2019,09:58,B,172.168.1.8
       65,26/04/2019,09:58,B,172.168.1.8
       35,26/04/2019,10:01,B,172.168.1.8
      289,26/04/2019,10:02,B,172.168.1.8
      109,26/04/2019,10:03,B,172.168.1.8
      101,26/04/2019,10:06,B,172.168.1.8
      290,26/04/2019,10:07,B,172.168.1.8
      129,26/04/2019,10:09,B,172.168.1.8
      258,26/04/2019,10:09,B,172.168.1.8
      293,26/04/2019,10:14,B,172.168.1.8
      114,26/04/2019,10:15,B,172.168.1.8
      201,26/04/2019,10:21,B,172.168.1.8
      261,26/04/2019,10:23,B,172.168.1.8
      117,26/04/2019,10:27,B,172.168.1.8
      310,26/04/2019,10:31,B,172.168.1.8
        9,26/04/2019,10:32,B,172.168.1.8
      283,26/04/2019,10:33,B,172.168.1.8
      295,26/04/2019,10:34,B,172.168.1.8
        2,26/04/2019,10:46,B,172.168.1.8
      210,26/04/2019,10:51,B,172.168.1.8
       17,26/04/2019,10:53,B,172.168.1.8
      251,26/04/2019,10:58,B,172.168.1.8
        8,26/04/2019,10:59,B,172.168.1.8
       26,26/04/2019,10:59,B,172.168.1.8
       10,26/04/2019,11:14,B,172.168.1.8
       22,26/04/2019,11:21,B,172.168.1.8
       27,26/04/2019,11:22,B,172.168.1.8
      309,26/04/2019,11:26,B,172.168.1.8
       64,26/04/2019,11:38,B,172.168.1.8
      122,26/04/2019,11:43,B,172.168.1.8
       30,26/04/2019,11:49,B,172.168.1.8
      305,26/04/2019,11:50,B,172.168.1.8
      209,26/04/2019,12:08,B,172.168.1.8
      120,26/04/2019,12:39,B,172.168.1.8
       64,26/04/2019,13:02,B,172.168.1.8
      110,26/04/2019,13:13,B,172.168.1.8
      201,26/04/2019,13:13,B,172.168.1.8
      287,26/04/2019,13:28,B,172.168.1.8
      127,26/04/2019,13:30,B,172.168.1.8
      304,26/04/2019,13:34,B,172.168.1.8
      128,26/04/2019,13:35,B,172.168.1.8
       12,26/04/2019,13:43,B,172.168.1.8
      295,26/04/2019,14:04,B,172.168.1.8
        1,26/04/2019,14:23,B,172.168.1.8
       36,26/04/2019,14:49,B,172.168.1.8
       20,26/04/2019,15:03,B,172.168.1.8
      262,26/04/2019,15:08,B,172.168.1.8
      287,26/04/2019,15:08,B,172.168.1.8
      303,26/04/2019,15:10,B,172.168.1.8
      121,26/04/2019,15:21,B,172.168.1.8
       35,26/04/2019,15:21,B,172.168.1.8
       35,26/04/2019,15:22,B,172.168.1.8
       72,26/04/2019,15:35,B,172.168.1.8
      210,26/04/2019,15:53,B,172.168.1.8
      298,26/04/2019,15:56,B,172.168.1.8
      305,26/04/2019,15:58,B,172.168.1.8
       21,26/04/2019,16:07,B,172.168.1.8
       14,26/04/2019,16:07,B,172.168.1.8
       21,26/04/2019,16:08,B,172.168.1.8
       11,26/04/2019,16:10,B,172.168.1.8
       23,26/04/2019,16:13,B,172.168.1.8
      126,26/04/2019,16:20,B,172.168.1.8
      126,26/04/2019,16:20,B,172.168.1.8
       30,26/04/2019,16:21,B,172.168.1.8
      125,26/04/2019,16:27,B,172.168.1.8
      126,26/04/2019,16:30,B,172.168.1.8
       28,26/04/2019,16:32,B,172.168.1.8
      119,26/04/2019,16:42,B,172.168.1.8
        9,26/04/2019,16:48,B,172.168.1.8
       29,26/04/2019,17:00,B,172.168.1.8
       32,26/04/2019,17:02,B,172.168.1.8
        2,26/04/2019,17:05,B,172.168.1.8
      109,26/04/2019,17:06,B,172.168.1.8
       22,26/04/2019,17:06,B,172.168.1.8
      131,26/04/2019,17:11,B,172.168.1.8
      297,26/04/2019,17:11,B,172.168.1.8
       17,26/04/2019,17:13,B,172.168.1.8
       65,26/04/2019,17:18,B,172.168.1.8
       26,26/04/2019,17:21,B,172.168.1.8
      289,26/04/2019,17:24,B,172.168.1.8
      261,26/04/2019,17:25,B,172.168.1.8
      120,26/04/2019,17:25,B,172.168.1.8
      256,26/04/2019,17:30,B,172.168.1.8
        8,26/04/2019,17:31,B,172.168.1.8
      273,26/04/2019,17:33,B,172.168.1.8
       10,26/04/2019,17:35,B,172.168.1.8
      118,26/04/2019,17:36,B,172.168.1.8
      123,26/04/2019,17:38,B,172.168.1.8
      114,26/04/2019,17:39,B,172.168.1.8
       19,26/04/2019,17:39,B,172.168.1.8
      258,26/04/2019,17:45,B,172.168.1.8
      251,26/04/2019,17:45,B,172.168.1.8
      296,26/04/2019,17:46,B,172.168.1.8
      112,26/04/2019,17:48,B,172.168.1.8
      280,26/04/2019,17:50,B,172.168.1.8
      268,26/04/2019,17:50,B,172.168.1.8
      101,26/04/2019,17:55,B,172.168.1.8
      296,26/04/2019,17:55,B,172.168.1.8
      290,26/04/2019,18:00,B,172.168.1.8
      293,26/04/2019,18:00,B,172.168.1.8
      129,26/04/2019,18:00,B,172.168.1.8
       27,26/04/2019,18:01,B,172.168.1.8
      255,26/04/2019,18:02,B,172.168.1.8
      260,26/04/2019,18:15,B,172.168.1.8
      116,26/04/2019,18:20,B,172.168.1.8
      117,26/04/2019,18:21,B,172.168.1.8
      283,26/04/2019,18:21,B,172.168.1.8
      126,27/04/2019,07:55,B,172.168.1.8
      273,27/04/2019,07:58,B,172.168.1.8
      205,27/04/2019,08:01,B,172.168.1.8
      296,27/04/2019,08:03,B,172.168.1.8
      287,27/04/2019,08:16,B,172.168.1.8
      260,27/04/2019,08:31,B,172.168.1.8
       14,27/04/2019,08:42,B,172.168.1.8
      215,27/04/2019,08:43,B,172.168.1.8
       23,27/04/2019,08:48,B,172.168.1.8
       11,27/04/2019,08:49,B,172.168.1.8
      120,27/04/2019,08:57,B,172.168.1.8
      280,27/04/2019,09:05,B,172.168.1.8
      116,27/04/2019,09:05,B,172.168.1.8
       25,27/04/2019,09:06,B,172.168.1.8
      208,27/04/2019,09:07,B,172.168.1.8
      216,27/04/2019,09:10,B,172.168.1.8
      212,27/04/2019,09:10,B,172.168.1.8
      212,27/04/2019,09:10,B,172.168.1.8
      206,27/04/2019,09:11,B,172.168.1.8
       32,27/04/2019,09:13,B,172.168.1.8
      303,27/04/2019,09:17,B,172.168.1.8
      303,27/04/2019,09:17,B,172.168.1.8
      303,27/04/2019,09:17,B,172.168.1.8
       65,27/04/2019,09:17,B,172.168.1.8
       12,27/04/2019,09:20,B,172.168.1.8
      255,27/04/2019,09:28,B,172.168.1.8
       26,27/04/2019,09:31,B,172.168.1.8
      262,27/04/2019,09:38,B,172.168.1.8
       16,27/04/2019,09:40,B,172.168.1.8
      118,27/04/2019,09:40,B,172.168.1.8
      283,27/04/2019,09:41,B,172.168.1.8
      209,27/04/2019,09:42,B,172.168.1.8
      256,27/04/2019,09:44,B,172.168.1.8
       21,27/04/2019,09:44,B,172.168.1.8
       10,27/04/2019,09:45,B,172.168.1.8
      202,27/04/2019,09:48,B,172.168.1.8
      127,27/04/2019,09:50,B,172.168.1.8
       22,27/04/2019,09:52,B,172.168.1.8
      114,27/04/2019,09:54,B,172.168.1.8
      289,27/04/2019,09:58,B,172.168.1.8
      214,27/04/2019,09:59,B,172.168.1.8
      203,27/04/2019,10:00,B,172.168.1.8
      310,27/04/2019,10:02,B,172.168.1.8
      258,27/04/2019,10:12,B,172.168.1.8
       27,27/04/2019,10:13,B,172.168.1.8
        5,27/04/2019,10:14,B,172.168.1.8
       36,27/04/2019,10:18,B,172.168.1.8
      213,27/04/2019,10:23,B,172.168.1.8
        1,27/04/2019,10:24,B,172.168.1.8
      129,27/04/2019,10:24,B,172.168.1.8
      293,27/04/2019,10:25,B,172.168.1.8
      201,27/04/2019,10:26,B,172.168.1.8
      290,27/04/2019,10:27,B,172.168.1.8
      290,27/04/2019,10:27,B,172.168.1.8
      117,27/04/2019,10:28,B,172.168.1.8
       28,27/04/2019,10:32,B,172.168.1.8
      131,27/04/2019,10:34,B,172.168.1.8
      261,27/04/2019,10:35,B,172.168.1.8
      112,27/04/2019,10:36,B,172.168.1.8
       35,27/04/2019,10:40,B,172.168.1.8
      210,27/04/2019,10:49,B,172.168.1.8
        9,27/04/2019,10:51,B,172.168.1.8
        9,27/04/2019,10:52,B,172.168.1.8
      215,27/04/2019,11:07,B,172.168.1.8
      101,27/04/2019,11:08,B,172.168.1.8
      101,27/04/2019,11:08,B,172.168.1.8
      251,27/04/2019,11:13,B,172.168.1.8
      212,27/04/2019,11:19,B,172.168.1.8
      216,27/04/2019,11:19,B,172.168.1.8
      208,27/04/2019,11:19,B,172.168.1.8
       23,27/04/2019,11:20,B,172.168.1.8
      205,27/04/2019,11:21,B,172.168.1.8
      205,27/04/2019,11:22,B,172.168.1.8
        8,27/04/2019,11:24,B,172.168.1.8
       19,27/04/2019,11:25,B,172.168.1.8
       17,27/04/2019,11:26,B,172.168.1.8
      303,27/04/2019,11:41,B,172.168.1.8
      213,27/04/2019,11:51,B,172.168.1.8
      213,27/04/2019,11:51,B,172.168.1.8
      209,27/04/2019,11:52,B,172.168.1.8
       16,27/04/2019,12:02,B,172.168.1.8
       11,27/04/2019,12:04,B,172.168.1.8
      203,27/04/2019,12:11,B,172.168.1.8
      201,27/04/2019,12:13,B,172.168.1.8
      201,27/04/2019,12:13,B,172.168.1.8
      202,27/04/2019,12:13,B,172.168.1.8
        5,27/04/2019,12:19,B,172.168.1.8
        2,27/04/2019,12:32,B,172.168.1.8
      214,27/04/2019,12:35,B,172.168.1.8
       20,27/04/2019,13:10,B,172.168.1.8
      210,27/04/2019,13:25,B,172.168.1.8
      287,27/04/2019,13:30,B,172.168.1.8
       17,27/04/2019,13:57,B,172.168.1.8
       14,27/04/2019,14:07,B,172.168.1.8
        8,27/04/2019,14:15,B,172.168.1.8
      283,27/04/2019,14:22,B,172.168.1.8
       22,27/04/2019,14:30,B,172.168.1.8
       21,27/04/2019,14:31,B,172.168.1.8
       21,27/04/2019,14:32,B,172.168.1.8
        2,27/04/2019,14:33,B,172.168.1.8
       65,27/04/2019,14:33,B,172.168.1.8
        9,27/04/2019,14:42,B,172.168.1.8
       36,27/04/2019,14:57,B,172.168.1.8
       37,27/04/2019,15:02,B,172.168.1.8
       27,27/04/2019,15:29,B,172.168.1.8
      273,27/04/2019,15:38,B,172.168.1.8
      114,27/04/2019,15:51,B,172.168.1.8
       12,27/04/2019,16:11,B,172.168.1.8
       35,27/04/2019,16:15,B,172.168.1.8
       10,27/04/2019,16:26,B,172.168.1.8
       28,27/04/2019,16:27,B,172.168.1.8
        1,27/04/2019,16:36,B,172.168.1.8
      101,27/04/2019,16:40,B,172.168.1.8
       32,27/04/2019,16:44,B,172.168.1.8
       29,27/04/2019,16:45,B,172.168.1.8
       29,27/04/2019,16:45,B,172.168.1.8
       19,27/04/2019,16:49,B,172.168.1.8
      258,27/04/2019,16:51,B,172.168.1.8
      255,27/04/2019,16:52,B,172.168.1.8
      251,27/04/2019,16:54,B,172.168.1.8
      116,27/04/2019,16:57,B,172.168.1.8
       25,27/04/2019,16:58,B,172.168.1.8
      290,27/04/2019,17:01,B,172.168.1.8
      296,27/04/2019,17:04,B,172.168.1.8
      118,27/04/2019,17:06,B,172.168.1.8
      260,27/04/2019,17:11,B,172.168.1.8
      289,27/04/2019,17:11,B,172.168.1.8
      261,27/04/2019,17:12,B,172.168.1.8
      293,27/04/2019,17:12,B,172.168.1.8
      280,27/04/2019,17:15,B,172.168.1.8
      120,27/04/2019,17:16,B,172.168.1.8
      131,27/04/2019,17:19,B,172.168.1.8
      117,27/04/2019,17:26,B,172.168.1.8
      310,27/04/2019,17:30,B,172.168.1.8
      117,27/04/2019,17:30,B,172.168.1.8
      129,27/04/2019,17:35,B,172.168.1.8
       26,27/04/2019,18:55,B,172.168.1.8
      268,27/04/2019,19:22,B,172.168.1.8
      268,27/04/2019,19:30,B,172.168.1.8
      112,27/04/2019,19:30,B,172.168.1.8
      262,27/04/2019,19:31,B,172.168.1.8
      256,27/04/2019,20:33,B,172.168.1.8
      126,27/04/2019,23:57,B,172.168.1.8
      112,28/04/2019,00:06,B,172.168.1.8
      112,28/04/2019,00:07,B,172.168.1.8
      126,28/04/2019,00:08,B,172.168.1.8
      126,28/04/2019,07:12,B,172.168.1.8
      268,28/04/2019,07:49,B,172.168.1.8
      112,28/04/2019,10:19,B,172.168.1.8
      268,28/04/2019,20:12,B,172.168.1.8
      268,28/04/2019,20:43,B,172.168.1.8
      268,28/04/2019,20:45,B,172.168.1.8
      126,28/04/2019,23:56,B,172.168.1.8
      112,28/04/2019,23:56,B,172.168.1.8
      126,29/04/2019,00:07,B,172.168.1.8
      112,29/04/2019,00:07,B,172.168.1.8
      262,29/04/2019,06:57,B,172.168.1.8
      268,29/04/2019,07:00,B,172.168.1.8
      268,29/04/2019,22:41,B,172.168.1.8
      268,29/04/2019,22:43,B,172.168.1.8
      268,29/04/2019,22:43,B,172.168.1.8
      262,29/04/2019,22:43,B,172.168.1.8
      268,29/04/2019,22:45,B,172.168.1.8
      262,29/04/2019,22:45,B,172.168.1.8
      126,29/04/2019,23:57,B,172.168.1.8
      112,29/04/2019,23:57,B,172.168.1.8
      126,30/04/2019,00:03,B,172.168.1.8
      112,30/04/2019,00:03,B,172.168.1.8
      112,30/04/2019,00:07,B,172.168.1.8
      121,30/04/2019,06:54,B,172.168.1.8
      296,30/04/2019,07:51,B,172.168.1.8
      298,30/04/2019,08:02,B,172.168.1.8
      273,30/04/2019,08:07,B,172.168.1.8
      260,30/04/2019,08:12,B,172.168.1.8
      255,30/04/2019,08:31,B,172.168.1.8
      303,30/04/2019,08:44,B,172.168.1.8
       32,30/04/2019,08:45,B,172.168.1.8
      280,30/04/2019,08:58,B,172.168.1.8
      119,30/04/2019,09:00,B,172.168.1.8
      120,30/04/2019,09:00,B,172.168.1.8
       25,30/04/2019,09:04,B,172.168.1.8
       18,30/04/2019,09:08,B,172.168.1.8
      312,30/04/2019,09:15,B,172.168.1.8
      312,30/04/2019,09:15,B,172.168.1.8
       72,30/04/2019,09:23,B,172.168.1.8
       36,30/04/2019,09:28,B,172.168.1.8
      256,30/04/2019,09:35,B,172.168.1.8
      207,30/04/2019,09:35,B,172.168.1.8
      207,30/04/2019,09:35,B,172.168.1.8
      208,30/04/2019,09:38,B,172.168.1.8
      206,30/04/2019,09:38,B,172.168.1.8
      208,30/04/2019,09:40,B,172.168.1.8
       65,30/04/2019,09:43,B,172.168.1.8
      209,30/04/2019,09:46,B,172.168.1.8
      109,30/04/2019,09:47,B,172.168.1.8
      110,30/04/2019,09:48,B,172.168.1.8
      127,30/04/2019,09:49,B,172.168.1.8
      114,30/04/2019,09:51,B,172.168.1.8
       20,30/04/2019,09:57,B,172.168.1.8
        5,30/04/2019,09:58,B,172.168.1.8
      290,30/04/2019,09:58,B,172.168.1.8
      297,30/04/2019,09:59,B,172.168.1.8
      116,30/04/2019,10:01,B,172.168.1.8
      271,30/04/2019,10:02,B,172.168.1.8
       35,30/04/2019,10:02,B,172.168.1.8
       23,30/04/2019,10:02,B,172.168.1.8
      117,30/04/2019,10:02,B,172.168.1.8
      310,30/04/2019,10:03,B,172.168.1.8
      289,30/04/2019,10:04,B,172.168.1.8
        1,30/04/2019,10:07,B,172.168.1.8
       14,30/04/2019,10:08,B,172.168.1.8
      258,30/04/2019,10:09,B,172.168.1.8
      129,30/04/2019,10:15,B,172.168.1.8
      261,30/04/2019,10:20,B,172.168.1.8
      293,30/04/2019,10:21,B,172.168.1.8
       24,30/04/2019,10:21,B,172.168.1.8
      268,30/04/2019,10:24,B,172.168.1.8
       27,30/04/2019,10:27,B,172.168.1.8
      295,30/04/2019,10:28,B,172.168.1.8
       17,30/04/2019,10:29,B,172.168.1.8
      309,30/04/2019,10:31,B,172.168.1.8
       21,30/04/2019,10:35,B,172.168.1.8
      205,30/04/2019,10:36,B,172.168.1.8
      205,30/04/2019,10:36,B,172.168.1.8
      254,30/04/2019,10:36,B,172.168.1.8
       28,30/04/2019,10:37,B,172.168.1.8
       28,30/04/2019,10:38,B,172.168.1.8
      101,30/04/2019,10:41,B,172.168.1.8
       26,30/04/2019,10:42,B,172.168.1.8
      210,30/04/2019,10:52,B,172.168.1.8
      203,30/04/2019,10:54,B,172.168.1.8
      106,30/04/2019,10:57,B,172.168.1.8
        8,30/04/2019,10:58,B,172.168.1.8
       11,30/04/2019,10:58,B,172.168.1.8
       22,30/04/2019,11:00,B,172.168.1.8
      204,30/04/2019,11:02,B,172.168.1.8
       10,30/04/2019,11:03,B,172.168.1.8
      212,30/04/2019,11:11,B,172.168.1.8
       19,30/04/2019,11:16,B,172.168.1.8
      251,30/04/2019,11:19,B,172.168.1.8
        9,30/04/2019,11:22,B,172.168.1.8
      202,30/04/2019,11:24,B,172.168.1.8
      201,30/04/2019,11:24,B,172.168.1.8
        2,30/04/2019,11:36,B,172.168.1.8
      305,30/04/2019,11:56,B,172.168.1.8
      208,30/04/2019,12:25,B,172.168.1.8
      216,30/04/2019,12:28,B,172.168.1.8
      204,30/04/2019,13:02,B,172.168.1.8
      204,30/04/2019,13:04,B,172.168.1.8
      206,30/04/2019,13:07,B,172.168.1.8
      209,30/04/2019,13:07,B,172.168.1.8
      212,30/04/2019,13:31,B,172.168.1.8
      216,30/04/2019,13:31,B,172.168.1.8
      207,30/04/2019,13:31,B,172.168.1.8
      304,30/04/2019,13:41,B,172.168.1.8
      203,30/04/2019,13:57,B,172.168.1.8
      203,30/04/2019,14:01,B,172.168.1.8
      202,30/04/2019,14:25,B,172.168.1.8
      202,30/04/2019,14:34,B,172.168.1.8
       64,30/04/2019,14:51,B,172.168.1.8
      205,30/04/2019,15:28,B,172.168.1.8
      205,30/04/2019,15:28,B,172.168.1.8
      205,30/04/2019,15:28,B,172.168.1.8
      205,30/04/2019,15:30,B,172.168.1.8
       20,30/04/2019,15:30,B,172.168.1.8
       23,30/04/2019,15:36,B,172.168.1.8
       65,30/04/2019,15:37,B,172.168.1.8
      303,30/04/2019,15:38,B,172.168.1.8
      303,30/04/2019,15:38,B,172.168.1.8
      298,30/04/2019,15:40,B,172.168.1.8
        5,30/04/2019,15:45,B,172.168.1.8
      312,30/04/2019,15:49,B,172.168.1.8
      201,30/04/2019,15:53,B,172.168.1.8
      201,30/04/2019,15:53,B,172.168.1.8
       72,30/04/2019,16:02,B,172.168.1.8
       72,30/04/2019,16:03,B,172.168.1.8
      121,30/04/2019,16:06,B,172.168.1.8
       24,30/04/2019,16:14,B,172.168.1.8
       36,30/04/2019,16:16,B,172.168.1.8
       35,30/04/2019,16:16,B,172.168.1.8
       64,30/04/2019,16:31,B,172.168.1.8
      210,30/04/2019,16:34,B,172.168.1.8
      210,30/04/2019,16:35,B,172.168.1.8
      119,30/04/2019,16:44,B,172.168.1.8
       21,30/04/2019,16:54,B,172.168.1.8
       25,30/04/2019,16:56,B,172.168.1.8
       28,30/04/2019,16:56,B,172.168.1.8
       27,30/04/2019,17:07,B,172.168.1.8
       37,30/04/2019,17:10,B,172.168.1.8
      305,30/04/2019,17:10,B,172.168.1.8
      110,30/04/2019,17:12,B,172.168.1.8
      289,30/04/2019,17:22,B,172.168.1.8
      120,30/04/2019,17:23,B,172.168.1.8
      261,30/04/2019,17:23,B,172.168.1.8
      273,30/04/2019,17:23,B,172.168.1.8
       19,30/04/2019,17:23,B,172.168.1.8
      271,30/04/2019,17:26,B,172.168.1.8
      254,30/04/2019,17:26,B,172.168.1.8
      297,30/04/2019,17:27,B,172.168.1.8
      271,30/04/2019,17:27,B,172.168.1.8
       17,30/04/2019,17:28,B,172.168.1.8
      295,30/04/2019,17:33,B,172.168.1.8
       14,30/04/2019,17:36,B,172.168.1.8
      127,30/04/2019,17:38,B,172.168.1.8
      114,30/04/2019,17:42,B,172.168.1.8
      280,30/04/2019,17:47,B,172.168.1.8
      268,30/04/2019,17:47,B,172.168.1.8
      296,30/04/2019,17:47,B,172.168.1.8
      268,30/04/2019,17:47,B,172.168.1.8
       32,30/04/2019,17:57,B,172.168.1.8
      290,30/04/2019,17:58,B,172.168.1.8
       10,30/04/2019,17:59,B,172.168.1.8
       10,30/04/2019,17:59,B,172.168.1.8
       11,30/04/2019,18:00,B,172.168.1.8
      109,30/04/2019,18:09,B,172.168.1.8
      109,30/04/2019,18:09,B,172.168.1.8
      106,30/04/2019,18:09,B,172.168.1.8
      258,30/04/2019,18:09,B,172.168.1.8
      116,30/04/2019,18:10,B,172.168.1.8
      293,30/04/2019,18:12,B,172.168.1.8
      117,30/04/2019,18:16,B,172.168.1.8
      310,30/04/2019,18:16,B,172.168.1.8
      116,30/04/2019,18:16,B,172.168.1.8
      260,30/04/2019,18:20,B,172.168.1.8
       26,30/04/2019,18:22,B,172.168.1.8
      129,30/04/2019,18:24,B,172.168.1.8
        2,30/04/2019,18:47,B,172.168.1.8
      251,30/04/2019,19:03,B,172.168.1.8
      101,30/04/2019,19:04,B,172.168.1.8
        8,30/04/2019,19:32,B,172.168.1.8
        1,30/04/2019,19:41,B,172.168.1.8
      255,30/04/2019,19:55,B,172.168.1.8
      256,30/04/2019,19:55,B,172.168.1.8
      255,01/05/2019,10:01,B,172.168.1.8
      258,01/05/2019,10:26,B,172.168.1.8
      109,01/05/2019,10:55,B,172.168.1.8
      109,01/05/2019,16:08,B,172.168.1.8
      258,01/05/2019,16:08,B,172.168.1.8
      255,01/05/2019,17:19,B,172.168.1.8
      121,02/05/2019,06:50,B,172.168.1.8
      255,02/05/2019,07:23,B,172.168.1.8
       54,02/05/2019,07:50,B,172.168.1.8
      125,02/05/2019,07:52,B,172.168.1.8
      273,02/05/2019,08:01,B,172.168.1.8
      296,02/05/2019,08:02,B,172.168.1.8
      296,02/05/2019,08:02,B,172.168.1.8
      260,02/05/2019,08:03,B,172.168.1.8
      283,02/05/2019,08:19,B,172.168.1.8
      298,02/05/2019,08:45,B,172.168.1.8
      119,02/05/2019,08:51,B,172.168.1.8
      312,02/05/2019,08:52,B,172.168.1.8
       12,02/05/2019,08:53,B,172.168.1.8
      303,02/05/2019,08:53,B,172.168.1.8
      120,02/05/2019,08:56,B,172.168.1.8
       36,02/05/2019,09:02,B,172.168.1.8
      118,02/05/2019,09:07,B,172.168.1.8
       32,02/05/2019,09:14,B,172.168.1.8
       65,02/05/2019,09:14,B,172.168.1.8
      110,02/05/2019,09:19,B,172.168.1.8
      280,02/05/2019,09:22,B,172.168.1.8
      268,02/05/2019,09:22,B,172.168.1.8
      262,02/05/2019,09:25,B,172.168.1.8
       25,02/05/2019,09:29,B,172.168.1.8
      256,02/05/2019,09:30,B,172.168.1.8
       72,02/05/2019,09:36,B,172.168.1.8
       16,02/05/2019,09:38,B,172.168.1.8
       23,02/05/2019,09:40,B,172.168.1.8
       20,02/05/2019,09:41,B,172.168.1.8
       11,02/05/2019,09:43,B,172.168.1.8
      297,02/05/2019,09:49,B,172.168.1.8
      127,02/05/2019,09:51,B,172.168.1.8
       26,02/05/2019,09:53,B,172.168.1.8
      114,02/05/2019,09:53,B,172.168.1.8
      109,02/05/2019,09:54,B,172.168.1.8
      258,02/05/2019,09:58,B,172.168.1.8
       17,02/05/2019,09:58,B,172.168.1.8
      290,02/05/2019,09:59,B,172.168.1.8
      128,02/05/2019,10:00,B,172.168.1.8
      129,02/05/2019,10:01,B,172.168.1.8
        5,02/05/2019,10:02,B,172.168.1.8
       10,02/05/2019,10:02,B,172.168.1.8
      271,02/05/2019,10:03,B,172.168.1.8
      131,02/05/2019,10:05,B,172.168.1.8
      289,02/05/2019,10:06,B,172.168.1.8
      310,02/05/2019,10:06,B,172.168.1.8
       14,02/05/2019,10:10,B,172.168.1.8
       28,02/05/2019,10:10,B,172.168.1.8
      123,02/05/2019,10:12,B,172.168.1.8
        2,02/05/2019,10:13,B,172.168.1.8
        1,02/05/2019,10:14,B,172.168.1.8
      122,02/05/2019,10:15,B,172.168.1.8
      101,02/05/2019,10:22,B,172.168.1.8
       27,02/05/2019,10:25,B,172.168.1.8
      116,02/05/2019,10:26,B,172.168.1.8
      295,02/05/2019,10:28,B,172.168.1.8
      117,02/05/2019,10:28,B,172.168.1.8
        9,02/05/2019,10:32,B,172.168.1.8
      261,02/05/2019,10:33,B,172.168.1.8
       24,02/05/2019,10:36,B,172.168.1.8
      254,02/05/2019,10:40,B,172.168.1.8
        8,02/05/2019,10:51,B,172.168.1.8
      106,02/05/2019,10:52,B,172.168.1.8
       22,02/05/2019,10:55,B,172.168.1.8
       21,02/05/2019,11:00,B,172.168.1.8
       19,02/05/2019,11:07,B,172.168.1.8
       35,02/05/2019,11:19,B,172.168.1.8
      251,02/05/2019,11:20,B,172.168.1.8
       29,02/05/2019,11:22,B,172.168.1.8
       30,02/05/2019,11:31,B,172.168.1.8
      312,02/05/2019,11:44,B,172.168.1.8
      291,02/05/2019,11:56,B,172.168.1.8
      305,02/05/2019,12:00,B,172.168.1.8
       54,02/05/2019,12:13,B,172.168.1.8
       28,02/05/2019,12:15,B,172.168.1.8
      305,02/05/2019,12:43,B,172.168.1.8
       36,02/05/2019,13:48,B,172.168.1.8
      303,02/05/2019,15:10,B,172.168.1.8
      303,02/05/2019,15:11,B,172.168.1.8
       72,02/05/2019,15:14,B,172.168.1.8
       65,02/05/2019,15:20,B,172.168.1.8
      121,02/05/2019,15:40,B,172.168.1.8
        5,02/05/2019,15:59,B,172.168.1.8
      125,02/05/2019,16:03,B,172.168.1.8
      298,02/05/2019,16:04,B,172.168.1.8
       35,02/05/2019,16:05,B,172.168.1.8
       35,02/05/2019,16:05,B,172.168.1.8
       23,02/05/2019,16:17,B,172.168.1.8
       29,02/05/2019,16:53,B,172.168.1.8
       25,02/05/2019,17:00,B,172.168.1.8
      291,02/05/2019,17:05,B,172.168.1.8
      283,02/05/2019,17:07,B,172.168.1.8
      128,02/05/2019,17:09,B,172.168.1.8
      289,02/05/2019,17:10,B,172.168.1.8
      261,02/05/2019,17:10,B,172.168.1.8
       21,02/05/2019,17:11,B,172.168.1.8
      110,02/05/2019,17:11,B,172.168.1.8
       22,02/05/2019,17:14,B,172.168.1.8
      122,02/05/2019,17:20,B,172.168.1.8
      120,02/05/2019,17:20,B,172.168.1.8
      297,02/05/2019,17:21,B,172.168.1.8
      295,02/05/2019,17:23,B,172.168.1.8
      271,02/05/2019,17:27,B,172.168.1.8
      254,02/05/2019,17:28,B,172.168.1.8
      118,02/05/2019,17:30,B,172.168.1.8
        9,02/05/2019,17:31,B,172.168.1.8
      273,02/05/2019,17:35,B,172.168.1.8
       20,02/05/2019,17:35,B,172.168.1.8
       18,02/05/2019,17:39,B,172.168.1.8
       16,02/05/2019,17:39,B,172.168.1.8
      123,02/05/2019,17:40,B,172.168.1.8
      131,02/05/2019,17:41,B,172.168.1.8
       24,02/05/2019,17:41,B,172.168.1.8
       30,02/05/2019,17:43,B,172.168.1.8
       19,02/05/2019,17:50,B,172.168.1.8
       19,02/05/2019,17:51,B,172.168.1.8
       32,02/05/2019,17:52,B,172.168.1.8
      268,02/05/2019,17:53,B,172.168.1.8
      114,02/05/2019,17:54,B,172.168.1.8
      127,02/05/2019,18:01,B,172.168.1.8
      109,02/05/2019,18:05,B,172.168.1.8
      251,02/05/2019,18:06,B,172.168.1.8
       26,02/05/2019,18:09,B,172.168.1.8
      129,02/05/2019,18:14,B,172.168.1.8
      260,02/05/2019,18:20,B,172.168.1.8
       11,02/05/2019,18:23,B,172.168.1.8
      117,02/05/2019,18:26,B,172.168.1.8
      258,02/05/2019,18:26,B,172.168.1.8
      310,02/05/2019,18:27,B,172.168.1.8
      116,02/05/2019,18:27,B,172.168.1.8
      258,02/05/2019,18:27,B,172.168.1.8
      106,02/05/2019,18:28,B,172.168.1.8
      296,02/05/2019,18:29,B,172.168.1.8
      290,02/05/2019,18:30,B,172.168.1.8
        8,02/05/2019,18:43,B,172.168.1.8
      101,02/05/2019,18:47,B,172.168.1.8
        8,02/05/2019,18:48,B,172.168.1.8
       10,02/05/2019,19:11,B,172.168.1.8
       14,02/05/2019,19:11,B,172.168.1.8
       10,02/05/2019,19:13,B,172.168.1.8
       12,02/05/2019,19:50,B,172.168.1.8
       17,02/05/2019,19:51,B,172.168.1.8
        2,02/05/2019,19:52,B,172.168.1.8
        1,02/05/2019,19:59,B,172.168.1.8
      256,02/05/2019,20:00,B,172.168.1.8
      262,02/05/2019,20:02,B,172.168.1.8
      255,02/05/2019,20:02,B,172.168.1.8
      121,03/05/2019,06:49,B,172.168.1.8
      126,03/05/2019,07:30,B,172.168.1.8
      255,03/05/2019,07:45,B,172.168.1.8
      125,03/05/2019,07:57,B,172.168.1.8
      298,03/05/2019,08:09,B,172.168.1.8
       63,03/05/2019,08:11,B,172.168.1.8
      296,03/05/2019,08:13,B,172.168.1.8
      273,03/05/2019,08:21,B,172.168.1.8
      260,03/05/2019,08:36,B,172.168.1.8
      119,03/05/2019,08:45,B,172.168.1.8
      262,03/05/2019,08:52,B,172.168.1.8
      120,03/05/2019,08:56,B,172.168.1.8
      283,03/05/2019,09:12,B,172.168.1.8
       12,03/05/2019,09:12,B,172.168.1.8
      116,03/05/2019,09:22,B,172.168.1.8
       72,03/05/2019,09:24,B,172.168.1.8
       25,03/05/2019,09:25,B,172.168.1.8
      280,03/05/2019,09:29,B,172.168.1.8
      268,03/05/2019,09:30,B,172.168.1.8
      114,03/05/2019,09:30,B,172.168.1.8
       63,03/05/2019,09:34,B,172.168.1.8
       28,03/05/2019,09:35,B,172.168.1.8
      122,03/05/2019,09:39,B,172.168.1.8
      110,03/05/2019,09:41,B,172.168.1.8
      303,03/05/2019,09:46,B,172.168.1.8
      123,03/05/2019,09:51,B,172.168.1.8
      297,03/05/2019,09:56,B,172.168.1.8
       23,03/05/2019,09:57,B,172.168.1.8
      289,03/05/2019,09:58,B,172.168.1.8
      310,03/05/2019,09:58,B,172.168.1.8
      131,03/05/2019,09:58,B,172.168.1.8
       18,03/05/2019,10:02,B,172.168.1.8
      271,03/05/2019,10:04,B,172.168.1.8
      129,03/05/2019,10:06,B,172.168.1.8
      128,03/05/2019,10:07,B,172.168.1.8
      118,03/05/2019,10:09,B,172.168.1.8
       10,03/05/2019,10:10,B,172.168.1.8
      118,03/05/2019,10:10,B,172.168.1.8
      293,03/05/2019,10:11,B,172.168.1.8
      127,03/05/2019,10:16,B,172.168.1.8
        1,03/05/2019,10:20,B,172.168.1.8
      101,03/05/2019,10:25,B,172.168.1.8
       35,03/05/2019,10:26,B,172.168.1.8
       32,03/05/2019,10:27,B,172.168.1.8
      261,03/05/2019,10:30,B,172.168.1.8
      117,03/05/2019,10:31,B,172.168.1.8
       17,03/05/2019,10:36,B,172.168.1.8
      106,03/05/2019,10:40,B,172.168.1.8
      254,03/05/2019,10:41,B,172.168.1.8
      251,03/05/2019,10:52,B,172.168.1.8
      110,03/05/2019,11:04,B,172.168.1.8
       37,03/05/2019,11:15,B,172.168.1.8
        9,03/05/2019,11:27,B,172.168.1.8
       30,03/05/2019,11:35,B,172.168.1.8
      256,03/05/2019,11:57,B,172.168.1.8
       27,03/05/2019,11:59,B,172.168.1.8
       21,03/05/2019,12:05,B,172.168.1.8
      258,03/05/2019,12:45,B,172.168.1.8
        8,03/05/2019,12:46,B,172.168.1.8
       26,03/05/2019,12:53,B,172.168.1.8
        2,03/05/2019,12:54,B,172.168.1.8
       18,03/05/2019,13:09,B,172.168.1.8
       19,03/05/2019,13:12,B,172.168.1.8
        5,03/05/2019,14:06,B,172.168.1.8
      122,03/05/2019,14:18,B,172.168.1.8
       64,03/05/2019,14:46,B,172.168.1.8
      303,03/05/2019,15:08,B,172.168.1.8
       72,03/05/2019,15:09,B,172.168.1.8
       23,03/05/2019,15:35,B,172.168.1.8
       21,03/05/2019,15:37,B,172.168.1.8
      121,03/05/2019,15:41,B,172.168.1.8
      298,03/05/2019,15:44,B,172.168.1.8
       35,03/05/2019,15:59,B,172.168.1.8
      126,03/05/2019,16:00,B,172.168.1.8
      271,03/05/2019,16:06,B,172.168.1.8
      129,03/05/2019,16:11,B,172.168.1.8
       23,03/05/2019,16:12,B,172.168.1.8
      125,03/05/2019,16:13,B,172.168.1.8
      119,03/05/2019,16:45,B,172.168.1.8
       25,03/05/2019,17:01,B,172.168.1.8
      128,03/05/2019,17:12,B,172.168.1.8
      297,03/05/2019,17:15,B,172.168.1.8
       28,03/05/2019,17:17,B,172.168.1.8
      131,03/05/2019,17:18,B,172.168.1.8
      118,03/05/2019,17:20,B,172.168.1.8
      283,03/05/2019,17:20,B,172.168.1.8
      289,03/05/2019,17:23,B,172.168.1.8
      261,03/05/2019,17:27,B,172.168.1.8
      118,03/05/2019,17:28,B,172.168.1.8
       64,03/05/2019,17:29,B,172.168.1.8
      268,03/05/2019,17:30,B,172.168.1.8
      114,03/05/2019,17:32,B,172.168.1.8
      262,03/05/2019,17:33,B,172.168.1.8
      254,03/05/2019,17:33,B,172.168.1.8
      251,03/05/2019,17:33,B,172.168.1.8
      280,03/05/2019,17:36,B,172.168.1.8
      296,03/05/2019,17:36,B,172.168.1.8
       27,03/05/2019,17:36,B,172.168.1.8
       32,03/05/2019,17:37,B,172.168.1.8
      120,03/05/2019,17:38,B,172.168.1.8
       32,03/05/2019,17:41,B,172.168.1.8
        2,03/05/2019,17:47,B,172.168.1.8
      260,03/05/2019,17:48,B,172.168.1.8
      260,03/05/2019,17:49,B,172.168.1.8
       10,03/05/2019,17:49,B,172.168.1.8
      258,03/05/2019,17:50,B,172.168.1.8
      116,03/05/2019,17:51,B,172.168.1.8
      106,03/05/2019,17:51,B,172.168.1.8
      127,03/05/2019,17:51,B,172.168.1.8
      293,03/05/2019,17:55,B,172.168.1.8
       17,03/05/2019,17:56,B,172.168.1.8
       11,03/05/2019,17:57,B,172.168.1.8
      123,03/05/2019,18:05,B,172.168.1.8
      310,03/05/2019,18:10,B,172.168.1.8
       12,03/05/2019,18:11,B,172.168.1.8
      117,03/05/2019,18:13,B,172.168.1.8
       26,03/05/2019,18:16,B,172.168.1.8
       30,03/05/2019,18:17,B,172.168.1.8
        9,03/05/2019,18:21,B,172.168.1.8
        8,03/05/2019,18:21,B,172.168.1.8
       19,03/05/2019,18:24,B,172.168.1.8
       30,03/05/2019,18:24,B,172.168.1.8
        1,03/05/2019,19:12,B,172.168.1.8
      101,03/05/2019,19:15,B,172.168.1.8
      256,03/05/2019,19:15,B,172.168.1.8
      255,03/05/2019,19:16,B,172.168.1.8
      121,04/05/2019,06:49,B,172.168.1.8
      262,04/05/2019,07:10,B,172.168.1.8
      126,04/05/2019,07:28,B,172.168.1.8
      273,04/05/2019,07:39,B,172.168.1.8
      255,04/05/2019,08:05,B,172.168.1.8
      296,04/05/2019,08:11,B,172.168.1.8
      298,04/05/2019,08:18,B,172.168.1.8
      260,04/05/2019,08:30,B,172.168.1.8
      120,04/05/2019,08:57,B,172.168.1.8
       12,04/05/2019,09:00,B,172.168.1.8
      125,04/05/2019,09:10,B,172.168.1.8
      122,04/05/2019,09:13,B,172.168.1.8
       32,04/05/2019,09:20,B,172.168.1.8
      280,04/05/2019,09:29,B,172.168.1.8
      268,04/05/2019,09:32,B,172.168.1.8
        8,04/05/2019,09:37,B,172.168.1.8
      110,04/05/2019,09:38,B,172.168.1.8
      116,04/05/2019,09:39,B,172.168.1.8
      283,04/05/2019,09:41,B,172.168.1.8
      118,04/05/2019,09:46,B,172.168.1.8
       14,04/05/2019,09:48,B,172.168.1.8
      114,04/05/2019,09:49,B,172.168.1.8
      256,04/05/2019,09:52,B,172.168.1.8
      117,04/05/2019,09:53,B,172.168.1.8
      297,04/05/2019,09:53,B,172.168.1.8
      310,04/05/2019,09:57,B,172.168.1.8
      131,04/05/2019,09:57,B,172.168.1.8
      128,04/05/2019,09:59,B,172.168.1.8
      289,04/05/2019,10:02,B,172.168.1.8
      290,04/05/2019,10:04,B,172.168.1.8
      127,04/05/2019,10:13,B,172.168.1.8
       35,04/05/2019,10:14,B,172.168.1.8
      127,04/05/2019,10:15,B,172.168.1.8
      123,04/05/2019,10:16,B,172.168.1.8
      261,04/05/2019,10:17,B,172.168.1.8
      129,04/05/2019,10:18,B,172.168.1.8
      293,04/05/2019,10:28,B,172.168.1.8
        1,04/05/2019,10:31,B,172.168.1.8
      106,04/05/2019,10:32,B,172.168.1.8
       26,04/05/2019,10:33,B,172.168.1.8
       28,04/05/2019,10:33,B,172.168.1.8
      254,04/05/2019,10:38,B,172.168.1.8
       72,04/05/2019,10:44,B,172.168.1.8
      303,04/05/2019,10:51,B,172.168.1.8
      295,04/05/2019,10:52,B,172.168.1.8
       36,04/05/2019,10:56,B,172.168.1.8
      251,04/05/2019,11:01,B,172.168.1.8
      101,04/05/2019,11:10,B,172.168.1.8
        2,04/05/2019,12:59,B,172.168.1.8
       35,04/05/2019,13:08,B,172.168.1.8
       35,04/05/2019,13:09,B,172.168.1.8
       37,04/05/2019,13:19,B,172.168.1.8
       36,04/05/2019,13:36,B,172.168.1.8
        8,04/05/2019,13:56,B,172.168.1.8
       26,04/05/2019,14:45,B,172.168.1.8
      262,04/05/2019,15:06,B,172.168.1.8
       72,04/05/2019,15:20,B,172.168.1.8
      303,04/05/2019,15:20,B,172.168.1.8
       28,04/05/2019,15:23,B,172.168.1.8
        9,04/05/2019,15:30,B,172.168.1.8
      121,04/05/2019,15:43,B,172.168.1.8
       16,04/05/2019,15:51,B,172.168.1.8
      121,04/05/2019,15:55,B,172.168.1.8
      126,04/05/2019,15:56,B,172.168.1.8
       21,04/05/2019,15:59,B,172.168.1.8
      298,04/05/2019,15:59,B,172.168.1.8
      126,04/05/2019,16:02,B,172.168.1.8
      297,04/05/2019,16:28,B,172.168.1.8
      296,04/05/2019,16:35,B,172.168.1.8
       12,04/05/2019,16:40,B,172.168.1.8
        2,04/05/2019,16:40,B,172.168.1.8
      125,04/05/2019,16:46,B,172.168.1.8
      118,04/05/2019,17:02,B,172.168.1.8
      122,04/05/2019,17:05,B,172.168.1.8
      123,04/05/2019,17:06,B,172.168.1.8
      110,04/05/2019,17:10,B,172.168.1.8
      110,04/05/2019,17:10,B,172.168.1.8
      289,04/05/2019,17:10,B,172.168.1.8
       32,04/05/2019,17:11,B,172.168.1.8
      261,04/05/2019,17:16,B,172.168.1.8
      295,04/05/2019,17:16,B,172.168.1.8
      273,04/05/2019,17:17,B,172.168.1.8
       14,04/05/2019,17:18,B,172.168.1.8
       32,04/05/2019,17:18,B,172.168.1.8
      131,04/05/2019,17:19,B,172.168.1.8
      283,04/05/2019,17:20,B,172.168.1.8
        1,04/05/2019,17:24,B,172.168.1.8
      127,04/05/2019,17:26,B,172.168.1.8
      114,04/05/2019,17:28,B,172.168.1.8
      256,04/05/2019,17:30,B,172.168.1.8
      129,04/05/2019,17:30,B,172.168.1.8
      268,04/05/2019,17:32,B,172.168.1.8
      293,04/05/2019,17:40,B,172.168.1.8
      254,04/05/2019,17:40,B,172.168.1.8
      251,04/05/2019,17:41,B,172.168.1.8
      280,04/05/2019,17:41,B,172.168.1.8
      290,04/05/2019,17:42,B,172.168.1.8
      117,04/05/2019,18:09,B,172.168.1.8
      310,04/05/2019,18:09,B,172.168.1.8
      116,04/05/2019,18:09,B,172.168.1.8
      106,04/05/2019,18:09,B,172.168.1.8
      310,04/05/2019,18:10,B,172.168.1.8
      260,04/05/2019,18:12,B,172.168.1.8
      101,04/05/2019,18:55,B,172.168.1.8
      128,04/05/2019,18:55,B,172.168.1.8
      255,04/05/2019,18:57,B,172.168.1.8
      255,05/05/2019,10:15,B,172.168.1.8
      255,05/05/2019,17:11,B,172.168.1.8
      126,06/05/2019,07:49,B,172.168.1.8
      273,06/05/2019,07:50,B,172.168.1.8
       63,06/05/2019,07:55,B,172.168.1.8
      296,06/05/2019,08:00,B,172.168.1.8
      260,06/05/2019,08:12,B,172.168.1.8
      255,06/05/2019,08:14,B,172.168.1.8
      125,06/05/2019,08:52,B,172.168.1.8
      120,06/05/2019,08:58,B,172.168.1.8
      118,06/05/2019,09:12,B,172.168.1.8
      122,06/05/2019,09:17,B,172.168.1.8
      110,06/05/2019,09:23,B,172.168.1.8
       25,06/05/2019,09:29,B,172.168.1.8
       37,06/05/2019,09:30,B,172.168.1.8
      268,06/05/2019,09:32,B,172.168.1.8
       32,06/05/2019,09:32,B,172.168.1.8
      280,06/05/2019,09:34,B,172.168.1.8
      123,06/05/2019,09:43,B,172.168.1.8
      117,06/05/2019,09:46,B,172.168.1.8
      127,06/05/2019,09:50,B,172.168.1.8
       36,06/05/2019,09:52,B,172.168.1.8
       14,06/05/2019,09:56,B,172.168.1.8
      297,06/05/2019,10:02,B,172.168.1.8
      289,06/05/2019,10:02,B,172.168.1.8
      106,06/05/2019,10:04,B,172.168.1.8
      290,06/05/2019,10:04,B,172.168.1.8
      131,06/05/2019,10:06,B,172.168.1.8
      258,06/05/2019,10:07,B,172.168.1.8
      128,06/05/2019,10:09,B,172.168.1.8
      310,06/05/2019,10:09,B,172.168.1.8
      256,06/05/2019,10:14,B,172.168.1.8
      129,06/05/2019,10:17,B,172.168.1.8
      295,06/05/2019,10:26,B,172.168.1.8
      101,06/05/2019,10:29,B,172.168.1.8
      293,06/05/2019,10:32,B,172.168.1.8
      101,06/05/2019,10:32,B,172.168.1.8
      261,06/05/2019,10:34,B,172.168.1.8
      254,06/05/2019,10:38,B,172.168.1.8
        8,06/05/2019,10:43,B,172.168.1.8
       63,06/05/2019,10:47,B,172.168.1.8
      251,06/05/2019,11:38,B,172.168.1.8
       27,06/05/2019,11:55,B,172.168.1.8
       17,06/05/2019,12:21,B,172.168.1.8
      122,06/05/2019,12:24,B,172.168.1.8
       36,06/05/2019,13:08,B,172.168.1.8
       28,06/05/2019,15:11,B,172.168.1.8
       37,06/05/2019,15:37,B,172.168.1.8
      273,06/05/2019,16:01,B,172.168.1.8
      256,06/05/2019,16:02,B,172.168.1.8
      296,06/05/2019,16:07,B,172.168.1.8
      255,06/05/2019,16:09,B,172.168.1.8
        8,06/05/2019,16:27,B,172.168.1.8
      123,06/05/2019,16:45,B,172.168.1.8
      128,06/05/2019,16:59,B,172.168.1.8
       25,06/05/2019,17:00,B,172.168.1.8
      110,06/05/2019,17:01,B,172.168.1.8
       14,06/05/2019,17:03,B,172.168.1.8
       32,06/05/2019,17:06,B,172.168.1.8
       10,06/05/2019,17:06,B,172.168.1.8
       27,06/05/2019,17:09,B,172.168.1.8
      131,06/05/2019,17:11,B,172.168.1.8
      295,06/05/2019,17:12,B,172.168.1.8
      297,06/05/2019,17:12,B,172.168.1.8
      258,06/05/2019,17:13,B,172.168.1.8
      125,06/05/2019,17:13,B,172.168.1.8
      118,06/05/2019,17:13,B,172.168.1.8
      254,06/05/2019,17:15,B,172.168.1.8
      254,06/05/2019,17:16,B,172.168.1.8
      101,06/05/2019,17:19,B,172.168.1.8
      129,06/05/2019,17:24,B,172.168.1.8
      129,06/05/2019,17:25,B,172.168.1.8
      289,06/05/2019,17:29,B,172.168.1.8
      120,06/05/2019,17:33,B,172.168.1.8
      261,06/05/2019,17:34,B,172.168.1.8
      106,06/05/2019,17:40,B,172.168.1.8
       17,06/05/2019,17:43,B,172.168.1.8
      127,06/05/2019,17:43,B,172.168.1.8
      268,06/05/2019,17:44,B,172.168.1.8
      290,06/05/2019,17:44,B,172.168.1.8
      296,06/05/2019,17:45,B,172.168.1.8
      280,06/05/2019,17:57,B,172.168.1.8
      293,06/05/2019,18:01,B,172.168.1.8
      117,06/05/2019,18:22,B,172.168.1.8
      310,06/05/2019,18:23,B,172.168.1.8
      260,06/05/2019,19:22,B,172.168.1.8
      260,06/05/2019,19:22,B,172.168.1.8
      260,06/05/2019,19:22,B,172.168.1.8
      126,06/05/2019,20:11,B,172.168.1.8
      126,06/05/2019,20:12,B,172.168.1.8
      121,07/05/2019,06:49,B,172.168.1.8
       42,07/05/2019,07:46,B,172.168.1.8
      126,07/05/2019,07:50,B,172.168.1.8
      125,07/05/2019,07:52,B,172.168.1.8
       54,07/05/2019,07:56,B,172.168.1.8
      296,07/05/2019,08:05,B,172.168.1.8
      255,07/05/2019,08:14,B,172.168.1.8
      273,07/05/2019,08:30,B,172.168.1.8
      260,07/05/2019,08:35,B,172.168.1.8
      298,07/05/2019,08:40,B,172.168.1.8
       11,07/05/2019,08:43,B,172.168.1.8
      120,07/05/2019,08:49,B,172.168.1.8
      262,07/05/2019,09:01,B,172.168.1.8
       25,07/05/2019,09:09,B,172.168.1.8
       14,07/05/2019,09:22,B,172.168.1.8
       32,07/05/2019,09:26,B,172.168.1.8
      118,07/05/2019,09:26,B,172.168.1.8
      127,07/05/2019,09:36,B,172.168.1.8
      110,07/05/2019,09:42,B,172.168.1.8
      280,07/05/2019,09:43,B,172.168.1.8
      268,07/05/2019,09:43,B,172.168.1.8
      283,07/05/2019,09:57,B,172.168.1.8
      117,07/05/2019,09:57,B,172.168.1.8
      297,07/05/2019,09:57,B,172.168.1.8
      289,07/05/2019,10:00,B,172.168.1.8
      290,07/05/2019,10:02,B,172.168.1.8
      131,07/05/2019,10:02,B,172.168.1.8
      128,07/05/2019,10:08,B,172.168.1.8
      310,07/05/2019,10:08,B,172.168.1.8
       12,07/05/2019,10:16,B,172.168.1.8
      261,07/05/2019,10:31,B,172.168.1.8
      295,07/05/2019,10:35,B,172.168.1.8
      123,07/05/2019,10:38,B,172.168.1.8
      254,07/05/2019,10:39,B,172.168.1.8
      293,07/05/2019,10:40,B,172.168.1.8
      106,07/05/2019,10:41,B,172.168.1.8
      129,07/05/2019,10:56,B,172.168.1.8
      251,07/05/2019,11:05,B,172.168.1.8
      101,07/05/2019,11:07,B,172.168.1.8
        2,07/05/2019,11:27,B,172.168.1.8
        2,07/05/2019,11:27,B,172.168.1.8
       23,07/05/2019,12:06,B,172.168.1.8
       22,07/05/2019,12:31,B,172.168.1.8
       54,07/05/2019,13:52,B,172.168.1.8
       42,07/05/2019,13:52,B,172.168.1.8
      303,07/05/2019,14:02,B,172.168.1.8
      131,07/05/2019,14:19,B,172.168.1.8
       37,07/05/2019,14:44,B,172.168.1.8
       12,07/05/2019,15:10,B,172.168.1.8
       23,07/05/2019,15:26,B,172.168.1.8
      121,07/05/2019,15:34,B,172.168.1.8
      121,07/05/2019,15:35,B,172.168.1.8
      298,07/05/2019,16:15,B,172.168.1.8
      125,07/05/2019,16:17,B,172.168.1.8
       25,07/05/2019,16:49,B,172.168.1.8
      289,07/05/2019,16:51,B,172.168.1.8
      118,07/05/2019,17:01,B,172.168.1.8
      126,07/05/2019,17:02,B,172.168.1.8
      128,07/05/2019,17:06,B,172.168.1.8
      110,07/05/2019,17:06,B,172.168.1.8
      101,07/05/2019,17:12,B,172.168.1.8
      295,07/05/2019,17:12,B,172.168.1.8
      297,07/05/2019,17:13,B,172.168.1.8
      120,07/05/2019,17:13,B,172.168.1.8
      261,07/05/2019,17:13,B,172.168.1.8
      273,07/05/2019,17:15,B,172.168.1.8
      127,07/05/2019,17:15,B,172.168.1.8
      254,07/05/2019,17:21,B,172.168.1.8
      251,07/05/2019,17:22,B,172.168.1.8
       14,07/05/2019,17:22,B,172.168.1.8
      129,07/05/2019,17:26,B,172.168.1.8
      129,07/05/2019,17:27,B,172.168.1.8
      280,07/05/2019,17:30,B,172.168.1.8
      268,07/05/2019,17:30,B,172.168.1.8
      296,07/05/2019,17:31,B,172.168.1.8
      293,07/05/2019,17:32,B,172.168.1.8
      290,07/05/2019,17:35,B,172.168.1.8
      260,07/05/2019,17:56,B,172.168.1.8
      106,07/05/2019,17:56,B,172.168.1.8
       22,07/05/2019,18:03,B,172.168.1.8
        2,07/05/2019,18:03,B,172.168.1.8
      117,07/05/2019,18:10,B,172.168.1.8
      310,07/05/2019,18:10,B,172.168.1.8
      310,07/05/2019,18:11,B,172.168.1.8
      262,07/05/2019,18:56,B,172.168.1.8
      255,07/05/2019,20:11,B,172.168.1.8
      121,08/05/2019,06:46,B,172.168.1.8
      126,08/05/2019,07:36,B,172.168.1.8
      125,08/05/2019,07:52,B,172.168.1.8
      296,08/05/2019,08:04,B,172.168.1.8
      273,08/05/2019,08:08,B,172.168.1.8
      260,08/05/2019,08:28,B,172.168.1.8
      255,08/05/2019,08:28,B,172.168.1.8
      298,08/05/2019,08:29,B,172.168.1.8
      120,08/05/2019,09:00,B,172.168.1.8
       25,08/05/2019,09:08,B,172.168.1.8
      262,08/05/2019,09:18,B,172.168.1.8
       32,08/05/2019,09:27,B,172.168.1.8
      280,08/05/2019,09:29,B,172.168.1.8
      268,08/05/2019,09:30,B,172.168.1.8
      127,08/05/2019,09:32,B,172.168.1.8
      110,08/05/2019,09:40,B,172.168.1.8
      117,08/05/2019,09:48,B,172.168.1.8
      123,08/05/2019,09:50,B,172.168.1.8
      256,08/05/2019,09:53,B,172.168.1.8
      297,08/05/2019,09:53,B,172.168.1.8
      283,08/05/2019,09:55,B,172.168.1.8
      289,08/05/2019,10:01,B,172.168.1.8
      118,08/05/2019,10:02,B,172.168.1.8
      310,08/05/2019,10:04,B,172.168.1.8
       10,08/05/2019,10:11,B,172.168.1.8
       35,08/05/2019,10:11,B,172.168.1.8
      128,08/05/2019,10:18,B,172.168.1.8
      129,08/05/2019,10:18,B,172.168.1.8
      131,08/05/2019,10:22,B,172.168.1.8
       17,08/05/2019,10:26,B,172.168.1.8
        1,08/05/2019,10:27,B,172.168.1.8
      293,08/05/2019,10:27,B,172.168.1.8
       37,08/05/2019,10:30,B,172.168.1.8
      295,08/05/2019,10:32,B,172.168.1.8
      290,08/05/2019,10:34,B,172.168.1.8
      101,08/05/2019,10:37,B,172.168.1.8
      254,08/05/2019,10:42,B,172.168.1.8
      261,08/05/2019,10:48,B,172.168.1.8
       27,08/05/2019,10:50,B,172.168.1.8
        2,08/05/2019,10:54,B,172.168.1.8
      106,08/05/2019,11:14,B,172.168.1.8
      251,08/05/2019,11:17,B,172.168.1.8
        8,08/05/2019,11:47,B,172.168.1.8
       22,08/05/2019,14:26,B,172.168.1.8
      298,08/05/2019,15:55,B,172.168.1.8
      125,08/05/2019,15:58,B,172.168.1.8
      126,08/05/2019,16:01,B,172.168.1.8
      121,08/05/2019,16:13,B,172.168.1.8
      110,08/05/2019,16:53,B,172.168.1.8
       25,08/05/2019,16:57,B,172.168.1.8
       27,08/05/2019,16:59,B,172.168.1.8
      128,08/05/2019,17:01,B,172.168.1.8
      273,08/05/2019,17:04,B,172.168.1.8
      262,08/05/2019,17:04,B,172.168.1.8
      261,08/05/2019,17:08,B,172.168.1.8
        2,08/05/2019,17:13,B,172.168.1.8
      289,08/05/2019,17:13,B,172.168.1.8
      131,08/05/2019,17:14,B,172.168.1.8
      295,08/05/2019,17:22,B,172.168.1.8
      297,08/05/2019,17:22,B,172.168.1.8
      120,08/05/2019,17:25,B,172.168.1.8
      123,08/05/2019,17:25,B,172.168.1.8
      127,08/05/2019,17:28,B,172.168.1.8
      254,08/05/2019,17:29,B,172.168.1.8
       32,08/05/2019,17:35,B,172.168.1.8
        2,08/05/2019,17:36,B,172.168.1.8
       11,08/05/2019,17:36,B,172.168.1.8
      268,08/05/2019,17:37,B,172.168.1.8
      280,08/05/2019,17:38,B,172.168.1.8
      129,08/05/2019,17:40,B,172.168.1.8
      296,08/05/2019,17:40,B,172.168.1.8
       22,08/05/2019,17:41,B,172.168.1.8
      118,08/05/2019,17:43,B,172.168.1.8
      293,08/05/2019,17:44,B,172.168.1.8
        8,08/05/2019,17:45,B,172.168.1.8
      310,08/05/2019,18:05,B,172.168.1.8
      310,08/05/2019,18:09,B,172.168.1.8
      106,08/05/2019,18:09,B,172.168.1.8
      290,08/05/2019,18:09,B,172.168.1.8
      283,08/05/2019,18:10,B,172.168.1.8
      117,08/05/2019,18:10,B,172.168.1.8
      260,08/05/2019,18:15,B,172.168.1.8
       14,08/05/2019,18:17,B,172.168.1.8
       10,08/05/2019,18:38,B,172.168.1.8
        1,08/05/2019,18:49,B,172.168.1.8
      256,08/05/2019,19:01,B,172.168.1.8
      251,08/05/2019,19:16,B,172.168.1.8
      101,08/05/2019,19:16,B,172.168.1.8
      255,08/05/2019,20:27,B,172.168.1.8
      121,09/05/2019,06:50,B,172.168.1.8
      262,09/05/2019,08:12,B,172.168.1.8
      273,09/05/2019,08:12,B,172.168.1.8
      296,09/05/2019,08:23,B,172.168.1.8
      260,09/05/2019,08:24,B,172.168.1.8
      125,09/05/2019,08:25,B,172.168.1.8
      126,09/05/2019,08:39,B,172.168.1.8
      255,09/05/2019,08:47,B,172.168.1.8
      298,09/05/2019,08:49,B,172.168.1.8
      118,09/05/2019,09:22,B,172.168.1.8
      120,09/05/2019,09:24,B,172.168.1.8
       25,09/05/2019,09:25,B,172.168.1.8
      280,09/05/2019,09:33,B,172.168.1.8
      268,09/05/2019,09:33,B,172.168.1.8
      110,09/05/2019,09:39,B,172.168.1.8
      256,09/05/2019,09:42,B,172.168.1.8
       32,09/05/2019,09:44,B,172.168.1.8
      123,09/05/2019,09:48,B,172.168.1.8
      297,09/05/2019,09:59,B,172.168.1.8
      289,09/05/2019,10:02,B,172.168.1.8
      290,09/05/2019,10:03,B,172.168.1.8
       37,09/05/2019,10:03,B,172.168.1.8
      128,09/05/2019,10:07,B,172.168.1.8
      129,09/05/2019,10:07,B,172.168.1.8
      310,09/05/2019,10:08,B,172.168.1.8
        1,09/05/2019,10:14,B,172.168.1.8
      127,09/05/2019,10:15,B,172.168.1.8
      117,09/05/2019,10:17,B,172.168.1.8
        1,09/05/2019,10:19,B,172.168.1.8
       35,09/05/2019,10:22,B,172.168.1.8
      293,09/05/2019,10:23,B,172.168.1.8
      101,09/05/2019,10:29,B,172.168.1.8
      295,09/05/2019,10:39,B,172.168.1.8
      254,09/05/2019,10:39,B,172.168.1.8
       27,09/05/2019,10:43,B,172.168.1.8
      261,09/05/2019,10:45,B,172.168.1.8
      106,09/05/2019,10:56,B,172.168.1.8
      251,09/05/2019,11:05,B,172.168.1.8
       36,09/05/2019,11:08,B,172.168.1.8
       24,09/05/2019,11:31,B,172.168.1.8
       22,09/05/2019,12:06,B,172.168.1.8
        2,09/05/2019,12:29,B,172.168.1.8
      110,09/05/2019,13:09,B,172.168.1.8
      280,09/05/2019,14:34,B,172.168.1.8
      262,09/05/2019,15:00,B,172.168.1.8
       35,09/05/2019,15:24,B,172.168.1.8
       36,09/05/2019,15:24,B,172.168.1.8
      121,09/05/2019,15:38,B,172.168.1.8
      298,09/05/2019,15:49,B,172.168.1.8
       27,09/05/2019,15:50,B,172.168.1.8
       24,09/05/2019,15:53,B,172.168.1.8
      118,09/05/2019,16:39,B,172.168.1.8
       25,09/05/2019,17:01,B,172.168.1.8
       22,09/05/2019,17:09,B,172.168.1.8
       21,09/05/2019,17:10,B,172.168.1.8
        2,09/05/2019,17:11,B,172.168.1.8
      273,09/05/2019,17:13,B,172.168.1.8
      268,09/05/2019,17:14,B,172.168.1.8
      289,09/05/2019,17:15,B,172.168.1.8
      118,09/05/2019,17:15,B,172.168.1.8
      127,09/05/2019,17:15,B,172.168.1.8
      120,09/05/2019,17:18,B,172.168.1.8
      261,09/05/2019,17:18,B,172.168.1.8
      296,09/05/2019,17:20,B,172.168.1.8
       14,09/05/2019,17:26,B,172.168.1.8
      126,09/05/2019,17:30,B,172.168.1.8
      297,09/05/2019,17:36,B,172.168.1.8
      293,09/05/2019,17:40,B,172.168.1.8
      295,09/05/2019,17:40,B,172.168.1.8
      254,09/05/2019,17:41,B,172.168.1.8
      260,09/05/2019,17:46,B,172.168.1.8
      125,09/05/2019,17:47,B,172.168.1.8
      106,09/05/2019,17:47,B,172.168.1.8
      290,09/05/2019,18:02,B,172.168.1.8
      310,09/05/2019,18:06,B,172.168.1.8
      310,09/05/2019,18:08,B,172.168.1.8
      117,09/05/2019,18:08,B,172.168.1.8
       32,09/05/2019,18:11,B,172.168.1.8
      129,09/05/2019,18:34,B,172.168.1.8
        1,09/05/2019,19:54,B,172.168.1.8
      256,09/05/2019,20:01,B,172.168.1.8
      251,09/05/2019,20:19,B,172.168.1.8
      101,09/05/2019,20:47,B,172.168.1.8
      255,09/05/2019,20:47,B,172.168.1.8
      128,09/05/2019,20:47,B,172.168.1.8
      121,10/05/2019,06:45,B,172.168.1.8
      262,10/05/2019,06:45,B,172.168.1.8
      296,10/05/2019,08:03,B,172.168.1.8
      126,10/05/2019,08:09,B,172.168.1.8
      298,10/05/2019,08:24,B,172.168.1.8
      260,10/05/2019,08:28,B,172.168.1.8
      260,10/05/2019,08:28,B,172.168.1.8
      260,10/05/2019,08:28,B,172.168.1.8
      273,10/05/2019,08:30,B,172.168.1.8
      118,10/05/2019,09:09,B,172.168.1.8
      122,10/05/2019,09:16,B,172.168.1.8
       25,10/05/2019,09:26,B,172.168.1.8
       14,10/05/2019,09:26,B,172.168.1.8
       32,10/05/2019,09:26,B,172.168.1.8
      280,10/05/2019,09:26,B,172.168.1.8
      123,10/05/2019,09:35,B,172.168.1.8
      283,10/05/2019,09:39,B,172.168.1.8
      110,10/05/2019,09:41,B,172.168.1.8
      120,10/05/2019,09:41,B,172.168.1.8
      268,10/05/2019,09:50,B,172.168.1.8
      290,10/05/2019,09:55,B,172.168.1.8
      295,10/05/2019,09:56,B,172.168.1.8
      297,10/05/2019,09:57,B,172.168.1.8
      289,10/05/2019,10:06,B,172.168.1.8
      117,10/05/2019,10:07,B,172.168.1.8
      310,10/05/2019,10:11,B,172.168.1.8
      310,10/05/2019,10:12,B,172.168.1.8
      127,10/05/2019,10:14,B,172.168.1.8
      129,10/05/2019,10:17,B,172.168.1.8
      131,10/05/2019,10:17,B,172.168.1.8
      258,10/05/2019,10:18,B,172.168.1.8
        1,10/05/2019,10:23,B,172.168.1.8
      261,10/05/2019,10:24,B,172.168.1.8
      254,10/05/2019,10:37,B,172.168.1.8
      293,10/05/2019,10:42,B,172.168.1.8
       35,10/05/2019,10:45,B,172.168.1.8
      101,10/05/2019,10:45,B,172.168.1.8
        8,10/05/2019,10:57,B,172.168.1.8
      106,10/05/2019,11:09,B,172.168.1.8
       22,10/05/2019,11:12,B,172.168.1.8
       36,10/05/2019,11:16,B,172.168.1.8
      251,10/05/2019,11:25,B,172.168.1.8
      110,10/05/2019,13:00,B,172.168.1.8
       10,10/05/2019,13:20,B,172.168.1.8
      251,10/05/2019,13:28,B,172.168.1.8
      262,10/05/2019,14:31,B,172.168.1.8
      121,10/05/2019,15:18,B,172.168.1.8
      121,10/05/2019,15:39,B,172.168.1.8
      298,10/05/2019,15:47,B,172.168.1.8
      129,10/05/2019,16:01,B,172.168.1.8
       36,10/05/2019,16:16,B,172.168.1.8
       35,10/05/2019,16:16,B,172.168.1.8
      273,10/05/2019,16:23,B,172.168.1.8
      273,10/05/2019,16:25,B,172.168.1.8
       25,10/05/2019,16:47,B,172.168.1.8
      296,10/05/2019,17:03,B,172.168.1.8
      289,10/05/2019,17:10,B,172.168.1.8
      122,10/05/2019,17:11,B,172.168.1.8
      261,10/05/2019,17:14,B,172.168.1.8
      120,10/05/2019,17:14,B,172.168.1.8
      127,10/05/2019,17:14,B,172.168.1.8
      118,10/05/2019,17:16,B,172.168.1.8
      123,10/05/2019,17:18,B,172.168.1.8
      280,10/05/2019,17:20,B,172.168.1.8
      297,10/05/2019,17:20,B,172.168.1.8
      293,10/05/2019,17:21,B,172.168.1.8
      268,10/05/2019,17:22,B,172.168.1.8
      254,10/05/2019,17:29,B,172.168.1.8
       32,10/05/2019,17:47,B,172.168.1.8
       14,10/05/2019,17:48,B,172.168.1.8
      295,10/05/2019,17:56,B,172.168.1.8
      106,10/05/2019,17:57,B,172.168.1.8
      290,10/05/2019,17:58,B,172.168.1.8
        2,10/05/2019,17:58,B,172.168.1.8
       10,10/05/2019,18:01,B,172.168.1.8
      283,10/05/2019,18:06,B,172.168.1.8
      117,10/05/2019,18:06,B,172.168.1.8
        1,10/05/2019,18:07,B,172.168.1.8
      101,10/05/2019,18:10,B,172.168.1.8
        8,10/05/2019,18:17,B,172.168.1.8
      260,10/05/2019,18:28,B,172.168.1.8
      258,10/05/2019,18:30,B,172.168.1.8
      310,10/05/2019,18:30,B,172.168.1.8
      126,10/05/2019,20:30,B,172.168.1.8
      126,11/05/2019,08:10,B,172.168.1.8
      255,11/05/2019,08:31,B,172.168.1.8
      260,11/05/2019,08:56,B,172.168.1.8
       25,11/05/2019,09:27,B,172.168.1.8
      283,11/05/2019,09:44,B,172.168.1.8
       18,11/05/2019,09:50,B,172.168.1.8
        2,11/05/2019,12:42,B,172.168.1.8
       18,11/05/2019,15:05,B,172.168.1.8
      126,11/05/2019,16:05,B,172.168.1.8
        2,11/05/2019,16:26,B,172.168.1.8
       25,11/05/2019,17:00,B,172.168.1.8
      283,11/05/2019,17:08,B,172.168.1.8
      260,11/05/2019,17:19,B,172.168.1.8
      255,11/05/2019,20:18,B,172.168.1.8
      255,12/05/2019,09:46,B,172.168.1.8
      260,12/05/2019,09:47,B,172.168.1.8
      260,12/05/2019,09:47,B,172.168.1.8
      255,12/05/2019,17:36,B,172.168.1.8
      260,12/05/2019,17:36,B,172.168.1.8
      121,13/05/2019,06:42,B,172.168.1.8
      273,13/05/2019,07:33,B,172.168.1.8
      126,13/05/2019,07:45,B,172.168.1.8
      296,13/05/2019,08:19,B,172.168.1.8
      260,13/05/2019,08:32,B,172.168.1.8
       63,13/05/2019,08:37,B,172.168.1.8
       36,13/05/2019,08:38,B,172.168.1.8
      298,13/05/2019,08:52,B,172.168.1.8
      280,13/05/2019,09:14,B,172.168.1.8
       25,13/05/2019,09:27,B,172.168.1.8
      118,13/05/2019,09:30,B,172.168.1.8
      255,13/05/2019,09:30,B,172.168.1.8
       32,13/05/2019,09:32,B,172.168.1.8
      110,13/05/2019,09:43,B,172.168.1.8
      122,13/05/2019,09:43,B,172.168.1.8
      125,13/05/2019,09:44,B,172.168.1.8
      127,13/05/2019,09:51,B,172.168.1.8
      297,13/05/2019,09:58,B,172.168.1.8
      297,13/05/2019,09:58,B,172.168.1.8
      117,13/05/2019,10:05,B,172.168.1.8
      310,13/05/2019,10:11,B,172.168.1.8
      295,13/05/2019,10:14,B,172.168.1.8
       17,13/05/2019,10:16,B,172.168.1.8
      261,13/05/2019,10:21,B,172.168.1.8
      129,13/05/2019,10:22,B,172.168.1.8
      283,13/05/2019,10:25,B,172.168.1.8
      101,13/05/2019,10:26,B,172.168.1.8
        1,13/05/2019,10:36,B,172.168.1.8
      293,13/05/2019,10:39,B,172.168.1.8
      254,13/05/2019,10:41,B,172.168.1.8
       63,13/05/2019,10:49,B,172.168.1.8
       27,13/05/2019,11:07,B,172.168.1.8
      106,13/05/2019,11:08,B,172.168.1.8
      251,13/05/2019,11:29,B,172.168.1.8
      131,13/05/2019,11:30,B,172.168.1.8
      258,13/05/2019,12:13,B,172.168.1.8
       37,13/05/2019,14:25,B,172.168.1.8
      121,13/05/2019,15:38,B,172.168.1.8
      126,13/05/2019,16:00,B,172.168.1.8
      298,13/05/2019,16:01,B,172.168.1.8
       17,13/05/2019,16:02,B,172.168.1.8
       25,13/05/2019,16:56,B,172.168.1.8
      110,13/05/2019,17:13,B,172.168.1.8
      118,13/05/2019,17:15,B,172.168.1.8
      261,13/05/2019,17:15,B,172.168.1.8
      122,13/05/2019,17:16,B,172.168.1.8
      297,13/05/2019,17:20,B,172.168.1.8
      131,13/05/2019,17:22,B,172.168.1.8
      127,13/05/2019,17:23,B,172.168.1.8
      273,13/05/2019,17:30,B,172.168.1.8
      254,13/05/2019,17:31,B,172.168.1.8
      251,13/05/2019,17:33,B,172.168.1.8
      296,13/05/2019,17:37,B,172.168.1.8
      129,13/05/2019,17:41,B,172.168.1.8
      129,13/05/2019,17:42,B,172.168.1.8
      295,13/05/2019,17:45,B,172.168.1.8
      280,13/05/2019,17:46,B,172.168.1.8
      260,13/05/2019,17:47,B,172.168.1.8
      101,13/05/2019,17:52,B,172.168.1.8
      101,13/05/2019,17:52,B,172.168.1.8
      293,13/05/2019,17:53,B,172.168.1.8
      125,13/05/2019,17:54,B,172.168.1.8
      258,13/05/2019,17:56,B,172.168.1.8
      106,13/05/2019,17:57,B,172.168.1.8
      117,13/05/2019,18:01,B,172.168.1.8
      283,13/05/2019,18:02,B,172.168.1.8
      310,13/05/2019,18:06,B,172.168.1.8
       27,13/05/2019,18:27,B,172.168.1.8
        1,13/05/2019,18:47,B,172.168.1.8
      255,13/05/2019,20:24,B,172.168.1.8
      121,14/05/2019,06:38,B,172.168.1.8
      126,14/05/2019,07:45,B,172.168.1.8
      296,14/05/2019,07:49,B,172.168.1.8
       36,14/05/2019,08:26,B,172.168.1.8
      255,14/05/2019,08:29,B,172.168.1.8
      260,14/05/2019,08:30,B,172.168.1.8
      298,14/05/2019,08:38,B,172.168.1.8
       25,14/05/2019,09:06,B,172.168.1.8
      280,14/05/2019,09:14,B,172.168.1.8
      125,14/05/2019,09:14,B,172.168.1.8
      122,14/05/2019,09:23,B,172.168.1.8
      110,14/05/2019,09:47,B,172.168.1.8
      290,14/05/2019,09:47,B,172.168.1.8
      283,14/05/2019,09:47,B,172.168.1.8
      118,14/05/2019,09:48,B,172.168.1.8
       32,14/05/2019,09:57,B,172.168.1.8
      297,14/05/2019,10:00,B,172.168.1.8
       35,14/05/2019,10:00,B,172.168.1.8
      128,14/05/2019,10:04,B,172.168.1.8
      129,14/05/2019,10:04,B,172.168.1.8
      258,14/05/2019,10:04,B,172.168.1.8
        1,14/05/2019,10:07,B,172.168.1.8
      101,14/05/2019,10:12,B,172.168.1.8
      127,14/05/2019,10:14,B,172.168.1.8
      295,14/05/2019,10:25,B,172.168.1.8
      117,14/05/2019,10:26,B,172.168.1.8
      106,14/05/2019,10:39,B,172.168.1.8
      261,14/05/2019,10:43,B,172.168.1.8
      293,14/05/2019,11:04,B,172.168.1.8
      251,14/05/2019,11:11,B,172.168.1.8
       35,14/05/2019,11:57,B,172.168.1.8
      121,14/05/2019,15:10,B,172.168.1.8
      126,14/05/2019,15:32,B,172.168.1.8
      258,14/05/2019,15:40,B,172.168.1.8
      258,14/05/2019,15:40,B,172.168.1.8
      126,14/05/2019,15:46,B,172.168.1.8
      298,14/05/2019,15:47,B,172.168.1.8
       25,14/05/2019,16:57,B,172.168.1.8
      118,14/05/2019,17:11,B,172.168.1.8
      122,14/05/2019,17:12,B,172.168.1.8
      128,14/05/2019,17:12,B,172.168.1.8
      110,14/05/2019,17:13,B,172.168.1.8
      261,14/05/2019,17:18,B,172.168.1.8
      297,14/05/2019,17:18,B,172.168.1.8
      127,14/05/2019,17:18,B,172.168.1.8
      251,14/05/2019,17:38,B,172.168.1.8
      280,14/05/2019,17:38,B,172.168.1.8
      129,14/05/2019,17:39,B,172.168.1.8
      106,14/05/2019,17:42,B,172.168.1.8
      295,14/05/2019,17:42,B,172.168.1.8
      125,14/05/2019,17:42,B,172.168.1.8
      293,14/05/2019,17:45,B,172.168.1.8
      290,14/05/2019,17:45,B,172.168.1.8
      260,14/05/2019,17:47,B,172.168.1.8
      296,14/05/2019,17:48,B,172.168.1.8
      117,14/05/2019,17:53,B,172.168.1.8
      283,14/05/2019,17:54,B,172.168.1.8
       32,14/05/2019,18:17,B,172.168.1.8
        2,14/05/2019,18:18,B,172.168.1.8
      101,14/05/2019,18:33,B,172.168.1.8
        1,14/05/2019,18:44,B,172.168.1.8
      255,14/05/2019,20:28,B,172.168.1.8
      121,15/05/2019,06:38,B,172.168.1.8
      126,15/05/2019,07:53,B,172.168.1.8
      296,15/05/2019,07:58,B,172.168.1.8
      260,15/05/2019,08:59,B,172.168.1.8
      260,15/05/2019,09:00,B,172.168.1.8
      260,15/05/2019,09:00,B,172.168.1.8
      280,15/05/2019,09:14,B,172.168.1.8
      310,15/05/2019,09:17,B,172.168.1.8
       25,15/05/2019,09:23,B,172.168.1.8
       32,15/05/2019,09:29,B,172.168.1.8
      273,15/05/2019,09:37,B,172.168.1.8
      110,15/05/2019,09:43,B,172.168.1.8
      255,15/05/2019,09:45,B,172.168.1.8
      118,15/05/2019,09:45,B,172.168.1.8
      289,15/05/2019,10:00,B,172.168.1.8
      297,15/05/2019,10:00,B,172.168.1.8
      290,15/05/2019,10:01,B,172.168.1.8
      125,15/05/2019,10:01,B,172.168.1.8
      128,15/05/2019,10:01,B,172.168.1.8
      101,15/05/2019,10:05,B,172.168.1.8
      258,15/05/2019,10:14,B,172.168.1.8
      127,15/05/2019,10:20,B,172.168.1.8
      261,15/05/2019,10:24,B,172.168.1.8
      117,15/05/2019,10:28,B,172.168.1.8
      295,15/05/2019,10:28,B,172.168.1.8
      131,15/05/2019,10:39,B,172.168.1.8
      106,15/05/2019,10:41,B,172.168.1.8
      254,15/05/2019,10:42,B,172.168.1.8
      310,15/05/2019,10:42,B,172.168.1.8
        1,15/05/2019,10:49,B,172.168.1.8
      118,15/05/2019,11:10,B,172.168.1.8
      293,15/05/2019,11:10,B,172.168.1.8
      251,15/05/2019,11:17,B,172.168.1.8
       19,15/05/2019,13:01,B,172.168.1.8
      255,15/05/2019,13:32,B,172.168.1.8
        1,15/05/2019,13:36,B,172.168.1.8
      131,15/05/2019,13:52,B,172.168.1.8
      121,15/05/2019,15:30,B,172.168.1.8
      273,15/05/2019,15:47,B,172.168.1.8
       25,15/05/2019,16:56,B,172.168.1.8
      122,15/05/2019,17:00,B,172.168.1.8
      128,15/05/2019,17:08,B,172.168.1.8
      110,15/05/2019,17:10,B,172.168.1.8
      289,15/05/2019,17:14,B,172.168.1.8
      310,15/05/2019,17:17,B,172.168.1.8
      127,15/05/2019,17:19,B,172.168.1.8
      127,15/05/2019,17:19,B,172.168.1.8
      261,15/05/2019,17:21,B,172.168.1.8
      127,15/05/2019,17:21,B,172.168.1.8
      297,15/05/2019,17:21,B,172.168.1.8
      295,15/05/2019,17:23,B,172.168.1.8
      101,15/05/2019,17:26,B,172.168.1.8
      254,15/05/2019,17:27,B,172.168.1.8
      280,15/05/2019,17:31,B,172.168.1.8
      258,15/05/2019,17:33,B,172.168.1.8
      251,15/05/2019,17:33,B,172.168.1.8
      254,15/05/2019,17:34,B,172.168.1.8
      251,15/05/2019,17:34,B,172.168.1.8
      296,15/05/2019,17:34,B,172.168.1.8
      125,15/05/2019,17:55,B,172.168.1.8
      290,15/05/2019,18:00,B,172.168.1.8
      106,15/05/2019,18:01,B,172.168.1.8
      260,15/05/2019,18:01,B,172.168.1.8
      293,15/05/2019,18:01,B,172.168.1.8
      310,15/05/2019,18:04,B,172.168.1.8
      117,15/05/2019,18:04,B,172.168.1.8
      117,15/05/2019,18:08,B,172.168.1.8
      310,15/05/2019,18:08,B,172.168.1.8
      126,15/05/2019,20:30,B,172.168.1.8
      126,15/05/2019,20:32,B,172.168.1.8
      121,16/05/2019,06:36,B,172.168.1.8
      126,16/05/2019,07:54,B,172.168.1.8
      296,16/05/2019,08:00,B,172.168.1.8
      125,16/05/2019,08:12,B,172.168.1.8
      298,16/05/2019,08:16,B,172.168.1.8
      260,16/05/2019,08:44,B,172.168.1.8
       25,16/05/2019,09:08,B,172.168.1.8
      122,16/05/2019,09:16,B,172.168.1.8
      256,16/05/2019,09:34,B,172.168.1.8
      280,16/05/2019,09:41,B,172.168.1.8
      283,16/05/2019,09:55,B,172.168.1.8
      127,16/05/2019,09:55,B,172.168.1.8
      290,16/05/2019,09:56,B,172.168.1.8
      289,16/05/2019,10:03,B,172.168.1.8
      297,16/05/2019,10:06,B,172.168.1.8
      261,16/05/2019,10:12,B,172.168.1.8
      131,16/05/2019,10:17,B,172.168.1.8
      128,16/05/2019,10:17,B,172.168.1.8
      258,16/05/2019,10:18,B,172.168.1.8
       37,16/05/2019,10:19,B,172.168.1.8
      310,16/05/2019,10:27,B,172.168.1.8
      117,16/05/2019,10:28,B,172.168.1.8
      101,16/05/2019,10:32,B,172.168.1.8
      110,16/05/2019,10:40,B,172.168.1.8
      254,16/05/2019,10:41,B,172.168.1.8
      273,16/05/2019,10:42,B,172.168.1.8
      106,16/05/2019,10:56,B,172.168.1.8
      251,16/05/2019,11:16,B,172.168.1.8
      293,16/05/2019,12:10,B,172.168.1.8
      118,16/05/2019,12:11,B,172.168.1.8
      291,16/05/2019,12:19,B,172.168.1.8
        8,16/05/2019,15:33,B,172.168.1.8
      298,16/05/2019,15:56,B,172.168.1.8
       25,16/05/2019,16:58,B,172.168.1.8
      258,16/05/2019,16:58,B,172.168.1.8
      296,16/05/2019,17:01,B,172.168.1.8
      122,16/05/2019,17:02,B,172.168.1.8
      110,16/05/2019,17:10,B,172.168.1.8
      128,16/05/2019,17:14,B,172.168.1.8
      289,16/05/2019,17:14,B,172.168.1.8
      297,16/05/2019,17:15,B,172.168.1.8
      254,16/05/2019,17:15,B,172.168.1.8
      256,16/05/2019,17:15,B,172.168.1.8
      131,16/05/2019,17:16,B,172.168.1.8
      261,16/05/2019,17:20,B,172.168.1.8
      101,16/05/2019,17:21,B,172.168.1.8
      280,16/05/2019,17:21,B,172.168.1.8
      251,16/05/2019,17:22,B,172.168.1.8
      127,16/05/2019,17:27,B,172.168.1.8
      260,16/05/2019,17:31,B,172.168.1.8
      290,16/05/2019,17:37,B,172.168.1.8
      106,16/05/2019,17:38,B,172.168.1.8
        8,16/05/2019,17:52,B,172.168.1.8
      293,16/05/2019,17:56,B,172.168.1.8
      117,16/05/2019,18:10,B,172.168.1.8
      283,16/05/2019,18:11,B,172.168.1.8
      310,16/05/2019,18:12,B,172.168.1.8
      126,16/05/2019,20:31,B,172.168.1.8
      121,17/05/2019,06:56,B,172.168.1.8
      126,17/05/2019,07:42,B,172.168.1.8
      255,17/05/2019,07:42,B,172.168.1.8
      298,17/05/2019,08:04,B,172.168.1.8
       63,17/05/2019,08:19,B,172.168.1.8
      296,17/05/2019,08:33,B,172.168.1.8
      260,17/05/2019,08:43,B,172.168.1.8
       25,17/05/2019,08:55,B,172.168.1.8
      119,17/05/2019,09:00,B,172.168.1.8
      256,17/05/2019,09:20,B,172.168.1.8
       71,17/05/2019,09:20,B,172.168.1.8
       32,17/05/2019,09:23,B,172.168.1.8
      283,17/05/2019,09:34,B,172.168.1.8
      280,17/05/2019,09:42,B,172.168.1.8
      297,17/05/2019,10:04,B,172.168.1.8
      127,17/05/2019,10:04,B,172.168.1.8
      289,17/05/2019,10:05,B,172.168.1.8
      128,17/05/2019,10:06,B,172.168.1.8
      310,17/05/2019,10:06,B,172.168.1.8
      290,17/05/2019,10:07,B,172.168.1.8
      101,17/05/2019,10:12,B,172.168.1.8
      261,17/05/2019,10:22,B,172.168.1.8
      258,17/05/2019,10:22,B,172.168.1.8
      129,17/05/2019,10:24,B,172.168.1.8
      131,17/05/2019,10:26,B,172.168.1.8
       58,17/05/2019,10:27,B,172.168.1.8
        1,17/05/2019,10:34,B,172.168.1.8
      293,17/05/2019,10:40,B,172.168.1.8
      254,17/05/2019,10:41,B,172.168.1.8
        2,17/05/2019,10:43,B,172.168.1.8
      251,17/05/2019,11:12,B,172.168.1.8
      106,17/05/2019,11:18,B,172.168.1.8
      128,17/05/2019,12:06,B,172.168.1.8
      258,17/05/2019,13:41,B,172.168.1.8
      127,17/05/2019,14:23,B,172.168.1.8
      121,17/05/2019,15:25,B,172.168.1.8
      255,17/05/2019,15:33,B,172.168.1.8
      255,17/05/2019,15:36,B,172.168.1.8
      298,17/05/2019,16:04,B,172.168.1.8
       32,17/05/2019,16:13,B,172.168.1.8
      119,17/05/2019,16:44,B,172.168.1.8
       25,17/05/2019,16:55,B,172.168.1.8
      122,17/05/2019,17:00,B,172.168.1.8
      296,17/05/2019,17:13,B,172.168.1.8
        2,17/05/2019,17:13,B,172.168.1.8
      289,17/05/2019,17:16,B,172.168.1.8
      131,17/05/2019,17:18,B,172.168.1.8
      261,17/05/2019,17:18,B,172.168.1.8
      293,17/05/2019,17:19,B,172.168.1.8
      297,17/05/2019,17:20,B,172.168.1.8
      293,17/05/2019,17:21,B,172.168.1.8
      280,17/05/2019,17:22,B,172.168.1.8
      254,17/05/2019,17:34,B,172.168.1.8
      251,17/05/2019,17:37,B,172.168.1.8
      283,17/05/2019,17:39,B,172.168.1.8
      101,17/05/2019,18:01,B,172.168.1.8
      129,17/05/2019,18:11,B,172.168.1.8
       17,17/05/2019,18:11,B,172.168.1.8
      290,17/05/2019,18:13,B,172.168.1.8
      106,17/05/2019,18:16,B,172.168.1.8
      310,17/05/2019,18:20,B,172.168.1.8
      117,17/05/2019,18:20,B,172.168.1.8
        1,17/05/2019,18:35,B,172.168.1.8
      256,17/05/2019,18:43,B,172.168.1.8
      260,17/05/2019,21:18,B,172.168.1.8
      126,17/05/2019,21:18,B,172.168.1.8
      126,18/05/2019,08:20,B,172.168.1.8
      260,18/05/2019,10:02,B,172.168.1.8
      260,18/05/2019,16:52,B,172.168.1.8
      126,18/05/2019,20:10,B,172.168.1.8
      126,18/05/2019,20:11,B,172.168.1.8
      126,19/05/2019,08:11,B,172.168.1.8
      126,19/05/2019,17:13,B,172.168.1.8
      126,19/05/2019,17:14,B,172.168.1.8
      126,19/05/2019,17:15,B,172.168.1.8
      121,20/05/2019,06:41,B,172.168.1.8
      126,20/05/2019,07:56,B,172.168.1.8
      298,20/05/2019,08:33,B,172.168.1.8
      296,20/05/2019,08:33,B,172.168.1.8
      119,20/05/2019,08:42,B,172.168.1.8
      260,20/05/2019,08:55,B,172.168.1.8
       25,20/05/2019,09:08,B,172.168.1.8
      255,20/05/2019,09:14,B,172.168.1.8
      283,20/05/2019,09:16,B,172.168.1.8
      280,20/05/2019,09:27,B,172.168.1.8
      268,20/05/2019,09:27,B,172.168.1.8
      118,20/05/2019,09:29,B,172.168.1.8
      256,20/05/2019,09:39,B,172.168.1.8
      110,20/05/2019,09:46,B,172.168.1.8
      128,20/05/2019,09:47,B,172.168.1.8
      297,20/05/2019,09:57,B,172.168.1.8
      109,20/05/2019,10:01,B,172.168.1.8
      290,20/05/2019,10:03,B,172.168.1.8
      122,20/05/2019,10:12,B,172.168.1.8
      127,20/05/2019,10:14,B,172.168.1.8
      310,20/05/2019,10:17,B,172.168.1.8
      117,20/05/2019,10:21,B,172.168.1.8
      289,20/05/2019,10:25,B,172.168.1.8
        1,20/05/2019,10:32,B,172.168.1.8
      131,20/05/2019,10:33,B,172.168.1.8
      261,20/05/2019,10:39,B,172.168.1.8
      254,20/05/2019,10:39,B,172.168.1.8
      295,20/05/2019,10:39,B,172.168.1.8
      129,20/05/2019,10:41,B,172.168.1.8
       27,20/05/2019,11:30,B,172.168.1.8
      129,20/05/2019,14:08,B,172.168.1.8
      128,20/05/2019,14:09,B,172.168.1.8
      121,20/05/2019,15:29,B,172.168.1.8
       27,20/05/2019,15:47,B,172.168.1.8
      298,20/05/2019,15:59,B,172.168.1.8
      119,20/05/2019,16:45,B,172.168.1.8
       25,20/05/2019,16:59,B,172.168.1.8
      122,20/05/2019,17:00,B,172.168.1.8
      296,20/05/2019,17:03,B,172.168.1.8
      295,20/05/2019,17:13,B,172.168.1.8
      110,20/05/2019,17:14,B,172.168.1.8
      297,20/05/2019,17:14,B,172.168.1.8
      109,20/05/2019,17:15,B,172.168.1.8
      289,20/05/2019,17:19,B,172.168.1.8
      261,20/05/2019,17:20,B,172.168.1.8
      268,20/05/2019,17:22,B,172.168.1.8
      127,20/05/2019,17:22,B,172.168.1.8
      280,20/05/2019,17:22,B,172.168.1.8
      254,20/05/2019,17:25,B,172.168.1.8
      118,20/05/2019,17:30,B,172.168.1.8
      290,20/05/2019,17:40,B,172.168.1.8
      117,20/05/2019,17:42,B,172.168.1.8
      283,20/05/2019,17:43,B,172.168.1.8
      310,20/05/2019,17:43,B,172.168.1.8
      260,20/05/2019,17:51,B,172.168.1.8
        1,20/05/2019,18:52,B,172.168.1.8
      256,20/05/2019,18:52,B,172.168.1.8
      255,20/05/2019,20:09,B,172.168.1.8
      121,21/05/2019,06:56,B,172.168.1.8
      126,21/05/2019,07:54,B,172.168.1.8
      298,21/05/2019,08:17,B,172.168.1.8
      296,21/05/2019,08:33,B,172.168.1.8
      260,21/05/2019,08:55,B,172.168.1.8
      115,21/05/2019,08:57,B,172.168.1.8
      280,21/05/2019,09:15,B,172.168.1.8
      119,21/05/2019,09:16,B,172.168.1.8
      118,21/05/2019,09:17,B,172.168.1.8
      122,21/05/2019,09:17,B,172.168.1.8
      283,21/05/2019,09:26,B,172.168.1.8
       25,21/05/2019,09:26,B,172.168.1.8
      110,21/05/2019,09:42,B,172.168.1.8
      255,21/05/2019,09:42,B,172.168.1.8
       17,21/05/2019,09:45,B,172.168.1.8
      109,21/05/2019,09:47,B,172.168.1.8
      256,21/05/2019,09:54,B,172.168.1.8
      289,21/05/2019,09:58,B,172.168.1.8
      128,21/05/2019,10:04,B,172.168.1.8
      297,21/05/2019,10:07,B,172.168.1.8
      127,21/05/2019,10:17,B,172.168.1.8
      129,21/05/2019,10:20,B,172.168.1.8
      117,21/05/2019,10:26,B,172.168.1.8
      261,21/05/2019,10:36,B,172.168.1.8
      254,21/05/2019,10:45,B,172.168.1.8
        1,21/05/2019,10:47,B,172.168.1.8
      131,21/05/2019,10:52,B,172.168.1.8
      106,21/05/2019,11:01,B,172.168.1.8
       30,21/05/2019,11:27,B,172.168.1.8
      258,21/05/2019,11:35,B,172.168.1.8
      122,21/05/2019,14:31,B,172.168.1.8
       30,21/05/2019,14:51,B,172.168.1.8
      121,21/05/2019,15:08,B,172.168.1.8
      298,21/05/2019,15:57,B,172.168.1.8
      119,21/05/2019,16:48,B,172.168.1.8
       17,21/05/2019,16:56,B,172.168.1.8
       25,21/05/2019,16:57,B,172.168.1.8
      296,21/05/2019,17:01,B,172.168.1.8
      280,21/05/2019,17:04,B,172.168.1.8
      283,21/05/2019,17:05,B,172.168.1.8
      128,21/05/2019,17:09,B,172.168.1.8
      297,21/05/2019,17:12,B,172.168.1.8
      261,21/05/2019,17:14,B,172.168.1.8
      110,21/05/2019,17:14,B,172.168.1.8
      109,21/05/2019,17:15,B,172.168.1.8
      131,21/05/2019,17:18,B,172.168.1.8
      289,21/05/2019,17:22,B,172.168.1.8
      118,21/05/2019,17:22,B,172.168.1.8
      254,21/05/2019,17:26,B,172.168.1.8
      115,21/05/2019,17:26,B,172.168.1.8
      260,21/05/2019,17:33,B,172.168.1.8
      129,21/05/2019,17:34,B,172.168.1.8
      127,21/05/2019,17:41,B,172.168.1.8
      126,21/05/2019,17:52,B,172.168.1.8
      126,21/05/2019,17:54,B,172.168.1.8
      117,21/05/2019,18:03,B,172.168.1.8
      258,21/05/2019,18:03,B,172.168.1.8
      106,21/05/2019,18:03,B,172.168.1.8
        1,21/05/2019,19:32,B,172.168.1.8
      256,21/05/2019,20:00,B,172.168.1.8
      255,21/05/2019,20:14,B,172.168.1.8
      121,22/05/2019,06:51,B,172.168.1.8
      126,22/05/2019,07:36,B,172.168.1.8
      296,22/05/2019,08:33,B,172.168.1.8
      298,22/05/2019,08:50,B,172.168.1.8
      260,22/05/2019,08:56,B,172.168.1.8
      118,22/05/2019,09:25,B,172.168.1.8
      119,22/05/2019,09:38,B,172.168.1.8
      115,22/05/2019,09:41,B,172.168.1.8
      280,22/05/2019,09:53,B,172.168.1.8
      289,22/05/2019,09:53,B,172.168.1.8
      268,22/05/2019,09:53,B,172.168.1.8
       25,22/05/2019,09:53,B,172.168.1.8
      110,22/05/2019,09:53,B,172.168.1.8
      109,22/05/2019,09:54,B,172.168.1.8
      255,22/05/2019,09:54,B,172.168.1.8
      283,22/05/2019,09:59,B,172.168.1.8
      256,22/05/2019,10:00,B,172.168.1.8
      297,22/05/2019,10:06,B,172.168.1.8
      295,22/05/2019,10:16,B,172.168.1.8
      127,22/05/2019,10:18,B,172.168.1.8
      128,22/05/2019,10:25,B,172.168.1.8
      129,22/05/2019,10:25,B,172.168.1.8
      310,22/05/2019,10:25,B,172.168.1.8
      258,22/05/2019,10:26,B,172.168.1.8
      131,22/05/2019,10:45,B,172.168.1.8
      117,22/05/2019,10:45,B,172.168.1.8
      106,22/05/2019,10:54,B,172.168.1.8
        1,22/05/2019,11:01,B,172.168.1.8
      254,22/05/2019,11:42,B,172.168.1.8
      290,22/05/2019,12:34,B,172.168.1.8
      118,22/05/2019,15:03,B,172.168.1.8
      131,22/05/2019,15:04,B,172.168.1.8
      255,22/05/2019,15:05,B,172.168.1.8
      121,22/05/2019,15:23,B,172.168.1.8
      298,22/05/2019,16:01,B,172.168.1.8
      119,22/05/2019,16:47,B,172.168.1.8
       25,22/05/2019,16:57,B,172.168.1.8
      296,22/05/2019,17:00,B,172.168.1.8
      110,22/05/2019,17:13,B,172.168.1.8
      109,22/05/2019,17:15,B,172.168.1.8
      297,22/05/2019,17:16,B,172.168.1.8
      268,22/05/2019,17:16,B,172.168.1.8
      295,22/05/2019,17:17,B,172.168.1.8
      280,22/05/2019,17:17,B,172.168.1.8
      289,22/05/2019,17:25,B,172.168.1.8
      118,22/05/2019,17:29,B,172.168.1.8
      254,22/05/2019,17:33,B,172.168.1.8
      115,22/05/2019,17:33,B,172.168.1.8
      251,22/05/2019,17:34,B,172.168.1.8
      127,22/05/2019,17:38,B,172.168.1.8
      129,22/05/2019,17:56,B,172.168.1.8
      290,22/05/2019,18:00,B,172.168.1.8
      283,22/05/2019,18:00,B,172.168.1.8
        1,22/05/2019,18:00,B,172.168.1.8
      106,22/05/2019,18:02,B,172.168.1.8
      117,22/05/2019,18:07,B,172.168.1.8
      260,22/05/2019,18:08,B,172.168.1.8
      117,22/05/2019,18:10,B,172.168.1.8
      260,22/05/2019,18:10,B,172.168.1.8
      310,22/05/2019,18:57,B,172.168.1.8
      258,22/05/2019,18:57,B,172.168.1.8
      256,22/05/2019,20:16,B,172.168.1.8
      121,23/05/2019,06:51,B,172.168.1.8
      126,23/05/2019,07:32,B,172.168.1.8
      298,23/05/2019,08:21,B,172.168.1.8
      296,23/05/2019,08:23,B,172.168.1.8
      260,23/05/2019,08:34,B,172.168.1.8
      115,23/05/2019,08:50,B,172.168.1.8
      119,23/05/2019,08:56,B,172.168.1.8
       25,23/05/2019,09:26,B,172.168.1.8
      122,23/05/2019,09:39,B,172.168.1.8
      280,23/05/2019,09:40,B,172.168.1.8
      268,23/05/2019,09:41,B,172.168.1.8
      110,23/05/2019,09:42,B,172.168.1.8
      117,23/05/2019,09:47,B,172.168.1.8
      127,23/05/2019,09:52,B,172.168.1.8
      289,23/05/2019,10:01,B,172.168.1.8
      256,23/05/2019,10:02,B,172.168.1.8
      297,23/05/2019,10:04,B,172.168.1.8
      290,23/05/2019,10:08,B,172.168.1.8
      109,23/05/2019,10:17,B,172.168.1.8
      118,23/05/2019,10:17,B,172.168.1.8
      129,23/05/2019,10:18,B,172.168.1.8
      310,23/05/2019,10:18,B,172.168.1.8
      101,23/05/2019,10:25,B,172.168.1.8
      254,23/05/2019,10:41,B,172.168.1.8
      295,23/05/2019,10:50,B,172.168.1.8
      106,23/05/2019,10:54,B,172.168.1.8
        1,23/05/2019,10:59,B,172.168.1.8
      251,23/05/2019,11:15,B,172.168.1.8
       17,23/05/2019,12:56,B,172.168.1.8
      258,23/05/2019,13:12,B,172.168.1.8
      121,23/05/2019,14:33,B,172.168.1.8
      298,23/05/2019,16:08,B,172.168.1.8
      119,23/05/2019,16:42,B,172.168.1.8
       25,23/05/2019,16:57,B,172.168.1.8
      122,23/05/2019,17:00,B,172.168.1.8
      296,23/05/2019,17:00,B,172.168.1.8
      115,23/05/2019,17:06,B,172.168.1.8
      251,23/05/2019,17:06,B,172.168.1.8
      295,23/05/2019,17:06,B,172.168.1.8
      297,23/05/2019,17:11,B,172.168.1.8
      110,23/05/2019,17:12,B,172.168.1.8
      109,23/05/2019,17:12,B,172.168.1.8
      289,23/05/2019,17:18,B,172.168.1.8
      280,23/05/2019,17:22,B,172.168.1.8
      268,23/05/2019,17:22,B,172.168.1.8
      101,23/05/2019,17:22,B,172.168.1.8
      254,23/05/2019,17:27,B,172.168.1.8
      129,23/05/2019,17:36,B,172.168.1.8
      118,23/05/2019,17:38,B,172.168.1.8
       17,23/05/2019,18:01,B,172.168.1.8
        1,23/05/2019,18:05,B,172.168.1.8
      290,23/05/2019,18:09,B,172.168.1.8
      106,23/05/2019,18:12,B,172.168.1.8
      117,23/05/2019,18:12,B,172.168.1.8
      127,23/05/2019,18:14,B,172.168.1.8
      260,23/05/2019,18:17,B,172.168.1.8
      310,23/05/2019,18:22,B,172.168.1.8
      258,23/05/2019,18:22,B,172.168.1.8
      256,23/05/2019,20:00,B,172.168.1.8
      126,23/05/2019,20:24,B,172.168.1.8
      121,24/05/2019,06:50,B,172.168.1.8
      296,24/05/2019,07:51,B,172.168.1.8
      126,24/05/2019,08:00,B,172.168.1.8
      260,24/05/2019,08:22,B,172.168.1.8
      298,24/05/2019,08:37,B,172.168.1.8
      119,24/05/2019,08:45,B,172.168.1.8
      122,24/05/2019,08:56,B,172.168.1.8
       25,24/05/2019,09:26,B,172.168.1.8
      268,24/05/2019,09:32,B,172.168.1.8
      280,24/05/2019,09:33,B,172.168.1.8
      110,24/05/2019,09:59,B,172.168.1.8
      109,24/05/2019,09:59,B,172.168.1.8
      128,24/05/2019,10:00,B,172.168.1.8
      256,24/05/2019,10:00,B,172.168.1.8
      289,24/05/2019,10:01,B,172.168.1.8
      115,24/05/2019,10:05,B,172.168.1.8
      297,24/05/2019,10:05,B,172.168.1.8
      290,24/05/2019,10:11,B,172.168.1.8
      127,24/05/2019,10:14,B,172.168.1.8
       17,24/05/2019,10:18,B,172.168.1.8
      101,24/05/2019,10:19,B,172.168.1.8
      129,24/05/2019,10:21,B,172.168.1.8
      310,24/05/2019,10:22,B,172.168.1.8
        1,24/05/2019,10:45,B,172.168.1.8
      106,24/05/2019,11:00,B,172.168.1.8
      118,24/05/2019,11:00,B,172.168.1.8
      295,24/05/2019,11:04,B,172.168.1.8
        2,24/05/2019,11:10,B,172.168.1.8
      251,24/05/2019,11:14,B,172.168.1.8
      110,24/05/2019,12:35,B,172.168.1.8
      258,24/05/2019,12:39,B,172.168.1.8
      298,24/05/2019,13:08,B,172.168.1.8
      128,24/05/2019,13:47,B,172.168.1.8
      121,24/05/2019,15:22,B,172.168.1.8
      296,24/05/2019,16:02,B,172.168.1.8
      258,24/05/2019,16:05,B,172.168.1.8
      119,24/05/2019,16:43,B,172.168.1.8
       25,24/05/2019,16:57,B,172.168.1.8
      122,24/05/2019,17:00,B,172.168.1.8
      268,24/05/2019,17:04,B,172.168.1.8
      109,24/05/2019,17:07,B,172.168.1.8
      295,24/05/2019,17:07,B,172.168.1.8
      115,24/05/2019,17:07,B,172.168.1.8
       17,24/05/2019,17:07,B,172.168.1.8
      297,24/05/2019,17:08,B,172.168.1.8
      280,24/05/2019,17:08,B,172.168.1.8
      251,24/05/2019,17:12,B,172.168.1.8
      118,24/05/2019,17:12,B,172.168.1.8
      289,24/05/2019,17:12,B,172.168.1.8
      115,24/05/2019,17:12,B,172.168.1.8
      127,24/05/2019,17:20,B,172.168.1.8
      256,24/05/2019,17:21,B,172.168.1.8
      260,24/05/2019,17:22,B,172.168.1.8
      101,24/05/2019,17:29,B,172.168.1.8
      129,24/05/2019,17:51,B,172.168.1.8
      290,24/05/2019,18:06,B,172.168.1.8
      290,24/05/2019,18:06,B,172.168.1.8
      106,24/05/2019,18:06,B,172.168.1.8
      310,24/05/2019,19:04,B,172.168.1.8
      126,24/05/2019,20:46,B,172.168.1.8
      126,25/05/2019,08:17,B,172.168.1.8
      282,25/05/2019,08:51,B,172.168.1.8
      118,25/05/2019,09:14,B,172.168.1.8
       25,25/05/2019,09:25,B,172.168.1.8
      255,25/05/2019,09:31,B,172.168.1.8
      115,25/05/2019,11:15,B,172.168.1.8
       25,25/05/2019,17:03,B,172.168.1.8
      118,25/05/2019,17:04,B,172.168.1.8
      126,25/05/2019,18:00,B,172.168.1.8
      255,25/05/2019,20:23,B,172.168.1.8
      255,26/05/2019,09:37,B,172.168.1.8
      255,26/05/2019,17:53,B,172.168.1.8
      126,27/05/2019,07:23,B,172.168.1.8
      273,27/05/2019,07:39,B,172.168.1.8
      296,27/05/2019,08:15,B,172.168.1.8
      260,27/05/2019,08:17,B,172.168.1.8
      298,27/05/2019,08:44,B,172.168.1.8
      115,27/05/2019,08:51,B,172.168.1.8
      256,27/05/2019,09:04,B,172.168.1.8
       25,27/05/2019,09:09,B,172.168.1.8
      119,27/05/2019,09:15,B,172.168.1.8
      118,27/05/2019,09:27,B,172.168.1.8
      123,27/05/2019,09:39,B,172.168.1.8
      122,27/05/2019,09:50,B,172.168.1.8
      297,27/05/2019,09:53,B,172.168.1.8
      109,27/05/2019,09:56,B,172.168.1.8
      110,27/05/2019,09:56,B,172.168.1.8
      268,27/05/2019,09:58,B,172.168.1.8
      125,27/05/2019,10:05,B,172.168.1.8
      289,27/05/2019,10:06,B,172.168.1.8
       36,27/05/2019,10:13,B,172.168.1.8
      129,27/05/2019,10:14,B,172.168.1.8
      261,27/05/2019,10:31,B,172.168.1.8
      127,27/05/2019,10:32,B,172.168.1.8
      101,27/05/2019,10:33,B,172.168.1.8
        1,27/05/2019,10:34,B,172.168.1.8
       72,27/05/2019,10:37,B,172.168.1.8
      293,27/05/2019,10:40,B,172.168.1.8
      106,27/05/2019,10:42,B,172.168.1.8
      295,27/05/2019,10:44,B,172.168.1.8
       17,27/05/2019,11:28,B,172.168.1.8
        2,27/05/2019,11:34,B,172.168.1.8
       25,27/05/2019,13:53,B,172.168.1.8
      273,27/05/2019,15:58,B,172.168.1.8
      298,27/05/2019,15:59,B,172.168.1.8
      122,27/05/2019,16:00,B,172.168.1.8
      125,27/05/2019,16:08,B,172.168.1.8
      123,27/05/2019,16:23,B,172.168.1.8
      119,27/05/2019,16:44,B,172.168.1.8
      110,27/05/2019,17:02,B,172.168.1.8
      109,27/05/2019,17:02,B,172.168.1.8
      297,27/05/2019,17:07,B,172.168.1.8
      289,27/05/2019,17:14,B,172.168.1.8
      127,27/05/2019,17:20,B,172.168.1.8
      261,27/05/2019,17:21,B,172.168.1.8
      129,27/05/2019,17:21,B,172.168.1.8
      118,27/05/2019,17:30,B,172.168.1.8
      101,27/05/2019,17:33,B,172.168.1.8
      295,27/05/2019,17:34,B,172.168.1.8
      293,27/05/2019,17:41,B,172.168.1.8
      268,27/05/2019,17:51,B,172.168.1.8
      268,27/05/2019,17:52,B,172.168.1.8
      296,27/05/2019,17:52,B,172.168.1.8
      256,27/05/2019,17:52,B,172.168.1.8
      106,27/05/2019,18:00,B,172.168.1.8
      115,27/05/2019,18:10,B,172.168.1.8
      260,27/05/2019,18:10,B,172.168.1.8
      126,27/05/2019,20:30,B,172.168.1.8
      121,28/05/2019,06:47,B,172.168.1.8
      273,28/05/2019,07:38,B,172.168.1.8
      126,28/05/2019,08:06,B,172.168.1.8
      296,28/05/2019,08:41,B,172.168.1.8
      115,28/05/2019,08:51,B,172.168.1.8
      260,28/05/2019,08:51,B,172.168.1.8
      122,28/05/2019,09:17,B,172.168.1.8
      256,28/05/2019,09:20,B,172.168.1.8
      268,28/05/2019,09:37,B,172.168.1.8
      123,28/05/2019,09:45,B,172.168.1.8
        1,28/05/2019,09:49,B,172.168.1.8
       36,28/05/2019,09:50,B,172.168.1.8
      109,28/05/2019,09:57,B,172.168.1.8
      297,28/05/2019,09:59,B,172.168.1.8
      293,28/05/2019,10:23,B,172.168.1.8
       72,28/05/2019,10:34,B,172.168.1.8
      295,28/05/2019,10:37,B,172.168.1.8
      261,28/05/2019,10:38,B,172.168.1.8
      290,28/05/2019,10:41,B,172.168.1.8
      254,28/05/2019,10:42,B,172.168.1.8
      118,28/05/2019,10:51,B,172.168.1.8
      129,28/05/2019,11:12,B,172.168.1.8
      251,28/05/2019,11:19,B,172.168.1.8
      101,28/05/2019,11:28,B,172.168.1.8
       72,28/05/2019,13:54,B,172.168.1.8
      121,28/05/2019,15:17,B,172.168.1.8
      296,28/05/2019,17:01,B,172.168.1.8
      268,28/05/2019,17:01,B,172.168.1.8
      122,28/05/2019,17:09,B,172.168.1.8
      109,28/05/2019,17:10,B,172.168.1.8
      295,28/05/2019,17:14,B,172.168.1.8
      297,28/05/2019,17:15,B,172.168.1.8
      123,28/05/2019,17:15,B,172.168.1.8
      261,28/05/2019,17:23,B,172.168.1.8
      115,28/05/2019,17:25,B,172.168.1.8
      251,28/05/2019,17:25,B,172.168.1.8
      254,28/05/2019,17:25,B,172.168.1.8
      118,28/05/2019,17:26,B,172.168.1.8
      293,28/05/2019,17:42,B,172.168.1.8
      129,28/05/2019,17:44,B,172.168.1.8
      129,28/05/2019,17:45,B,172.168.1.8
      290,28/05/2019,17:58,B,172.168.1.8
      260,28/05/2019,18:03,B,172.168.1.8
      101,28/05/2019,18:47,B,172.168.1.8
      273,28/05/2019,18:55,B,172.168.1.8
      256,28/05/2019,20:40,B,172.168.1.8
      121,29/05/2019,06:59,B,172.168.1.8
      273,29/05/2019,07:43,B,172.168.1.8
      126,29/05/2019,07:45,B,172.168.1.8
      260,29/05/2019,08:21,B,172.168.1.8
      119,29/05/2019,08:46,B,172.168.1.8
      296,29/05/2019,08:51,B,172.168.1.8
      115,29/05/2019,08:54,B,172.168.1.8
      298,29/05/2019,09:08,B,172.168.1.8
      122,29/05/2019,09:15,B,172.168.1.8
      268,29/05/2019,09:47,B,172.168.1.8
      127,29/05/2019,09:55,B,172.168.1.8
      297,29/05/2019,10:02,B,172.168.1.8
      117,29/05/2019,10:11,B,172.168.1.8
      290,29/05/2019,10:11,B,172.168.1.8
      290,29/05/2019,10:11,B,172.168.1.8
      123,29/05/2019,10:18,B,172.168.1.8
      256,29/05/2019,10:21,B,172.168.1.8
      293,29/05/2019,10:23,B,172.168.1.8
      109,29/05/2019,10:26,B,172.168.1.8
        1,29/05/2019,10:29,B,172.168.1.8
      101,29/05/2019,10:35,B,172.168.1.8
      254,29/05/2019,10:35,B,172.168.1.8
      261,29/05/2019,10:41,B,172.168.1.8
       17,29/05/2019,10:58,B,172.168.1.8
      251,29/05/2019,11:15,B,172.168.1.8
      295,29/05/2019,11:15,B,172.168.1.8
       14,29/05/2019,11:16,B,172.168.1.8
      106,29/05/2019,11:23,B,172.168.1.8
        2,29/05/2019,12:35,B,172.168.1.8
      293,29/05/2019,13:01,B,172.168.1.8
       72,29/05/2019,13:45,B,172.168.1.8
       17,29/05/2019,15:41,B,172.168.1.8
      121,29/05/2019,15:43,B,172.168.1.8
      298,29/05/2019,15:59,B,172.168.1.8
      273,29/05/2019,16:57,B,172.168.1.8
      122,29/05/2019,17:01,B,172.168.1.8
      296,29/05/2019,17:02,B,172.168.1.8
      295,29/05/2019,17:08,B,172.168.1.8
      127,29/05/2019,17:09,B,172.168.1.8
      127,29/05/2019,17:10,B,172.168.1.8
      297,29/05/2019,17:10,B,172.168.1.8
      261,29/05/2019,17:11,B,172.168.1.8
      268,29/05/2019,17:14,B,172.168.1.8
      254,29/05/2019,17:32,B,172.168.1.8
      115,29/05/2019,17:32,B,172.168.1.8
      251,29/05/2019,17:32,B,172.168.1.8
      123,29/05/2019,17:43,B,172.168.1.8
      290,29/05/2019,18:02,B,172.168.1.8
        2,29/05/2019,18:07,B,172.168.1.8
      106,29/05/2019,18:09,B,172.168.1.8
       58,29/05/2019,18:11,B,172.168.1.8
      101,29/05/2019,18:34,B,172.168.1.8
        1,29/05/2019,18:47,B,172.168.1.8
      260,29/05/2019,18:48,B,172.168.1.8
      256,29/05/2019,19:57,B,172.168.1.8
      126,29/05/2019,20:55,B,172.168.1.8
      126,29/05/2019,21:01,B,172.168.1.8
      121,30/05/2019,06:44,B,172.168.1.8
      260,30/05/2019,07:43,B,172.168.1.8
      273,30/05/2019,07:51,B,172.168.1.8
      126,30/05/2019,07:52,B,172.168.1.8
      296,30/05/2019,08:23,B,172.168.1.8
      298,30/05/2019,08:25,B,172.168.1.8
      119,30/05/2019,08:44,B,172.168.1.8
      115,30/05/2019,08:50,B,172.168.1.8
      110,30/05/2019,09:27,B,172.168.1.8
      123,30/05/2019,09:42,B,172.168.1.8
      268,30/05/2019,09:49,B,172.168.1.8
      127,30/05/2019,09:51,B,172.168.1.8
      122,30/05/2019,09:52,B,172.168.1.8
       14,30/05/2019,10:05,B,172.168.1.8
      297,30/05/2019,10:05,B,172.168.1.8
      256,30/05/2019,10:11,B,172.168.1.8
      117,30/05/2019,10:12,B,172.168.1.8
       72,30/05/2019,10:22,B,172.168.1.8
      290,30/05/2019,10:22,B,172.168.1.8
      118,30/05/2019,10:27,B,172.168.1.8
      109,30/05/2019,10:29,B,172.168.1.8
      254,30/05/2019,10:36,B,172.168.1.8
      295,30/05/2019,10:40,B,172.168.1.8
       18,30/05/2019,10:40,B,172.168.1.8
      261,30/05/2019,10:42,B,172.168.1.8
      129,30/05/2019,10:57,B,172.168.1.8
      251,30/05/2019,11:03,B,172.168.1.8
      293,30/05/2019,11:04,B,172.168.1.8
      106,30/05/2019,11:07,B,172.168.1.8
       28,30/05/2019,12:04,B,172.168.1.8
       72,30/05/2019,12:50,B,172.168.1.8
      110,30/05/2019,16:01,B,172.168.1.8
      109,30/05/2019,16:01,B,172.168.1.8
      298,30/05/2019,16:06,B,172.168.1.8
      121,30/05/2019,16:08,B,172.168.1.8
      119,30/05/2019,16:43,B,172.168.1.8
      122,30/05/2019,17:00,B,172.168.1.8
      268,30/05/2019,17:03,B,172.168.1.8
      296,30/05/2019,17:04,B,172.168.1.8
      123,30/05/2019,17:07,B,172.168.1.8
      297,30/05/2019,17:08,B,172.168.1.8
      127,30/05/2019,17:09,B,172.168.1.8
      261,30/05/2019,17:10,B,172.168.1.8
      127,30/05/2019,17:10,B,172.168.1.8
      273,30/05/2019,17:10,B,172.168.1.8
      282,30/05/2019,17:11,B,172.168.1.8
      295,30/05/2019,17:11,B,172.168.1.8
      254,30/05/2019,17:11,B,172.168.1.8
      115,30/05/2019,17:14,B,172.168.1.8
      106,30/05/2019,17:21,B,172.168.1.8
      129,30/05/2019,17:30,B,172.168.1.8
      118,30/05/2019,17:40,B,172.168.1.8
      293,30/05/2019,17:57,B,172.168.1.8
      117,30/05/2019,17:58,B,172.168.1.8
      290,30/05/2019,18:00,B,172.168.1.8
      256,30/05/2019,19:36,B,172.168.1.8
      126,30/05/2019,21:05,B,172.168.1.8
      126,31/05/2019,07:25,B,172.168.1.8
      273,31/05/2019,07:59,B,172.168.1.8
      296,31/05/2019,08:10,B,172.168.1.8
      298,31/05/2019,08:20,B,172.168.1.8
      119,31/05/2019,08:45,B,172.168.1.8
      115,31/05/2019,08:52,B,172.168.1.8
       25,31/05/2019,09:09,B,172.168.1.8
      122,31/05/2019,09:18,B,172.168.1.8
      118,31/05/2019,09:19,B,172.168.1.8
      110,31/05/2019,09:28,B,172.168.1.8
      127,31/05/2019,09:50,B,172.168.1.8
      268,31/05/2019,09:52,B,172.168.1.8
      297,31/05/2019,09:54,B,172.168.1.8
       18,31/05/2019,10:11,B,172.168.1.8
      256,31/05/2019,10:15,B,172.168.1.8
      101,31/05/2019,10:18,B,172.168.1.8
      129,31/05/2019,10:28,B,172.168.1.8
      117,31/05/2019,10:30,B,172.168.1.8
      109,31/05/2019,10:35,B,172.168.1.8
      254,31/05/2019,10:41,B,172.168.1.8
      261,31/05/2019,10:42,B,172.168.1.8
      295,31/05/2019,10:50,B,172.168.1.8
        1,31/05/2019,10:52,B,172.168.1.8
      106,31/05/2019,11:03,B,172.168.1.8
      251,31/05/2019,11:32,B,172.168.1.8
      290,31/05/2019,11:36,B,172.168.1.8
      293,31/05/2019,12:33,B,172.168.1.8
      258,31/05/2019,12:33,B,172.168.1.8
      258,31/05/2019,14:39,B,172.168.1.8
      128,31/05/2019,14:40,B,172.168.1.8
       25,31/05/2019,15:13,B,172.168.1.8
      298,31/05/2019,16:05,B,172.168.1.8
      273,31/05/2019,16:12,B,172.168.1.8
      122,31/05/2019,16:27,B,172.168.1.8
       18,31/05/2019,16:39,B,172.168.1.8
      119,31/05/2019,16:40,B,172.168.1.8
      127,31/05/2019,17:10,B,172.168.1.8
      268,31/05/2019,17:10,B,172.168.1.8
      110,31/05/2019,17:12,B,172.168.1.8
      296,31/05/2019,17:12,B,172.168.1.8
      297,31/05/2019,17:12,B,172.168.1.8
      109,31/05/2019,17:12,B,172.168.1.8
      295,31/05/2019,17:14,B,172.168.1.8
      261,31/05/2019,17:16,B,172.168.1.8
      118,31/05/2019,17:22,B,172.168.1.8
      129,31/05/2019,17:37,B,172.168.1.8
      290,31/05/2019,18:04,B,172.168.1.8
      293,31/05/2019,18:05,B,172.168.1.8
      106,31/05/2019,18:05,B,172.168.1.8
      117,31/05/2019,18:06,B,172.168.1.8
       17,31/05/2019,18:55,B,172.168.1.8
       11,31/05/2019,18:56,B,172.168.1.8
      254,31/05/2019,18:58,B,172.168.1.8
      251,31/05/2019,18:59,B,172.168.1.8
      128,31/05/2019,18:59,B,172.168.1.8
      115,31/05/2019,19:00,B,172.168.1.8
      101,31/05/2019,19:00,B,172.168.1.8
        1,31/05/2019,19:06,B,172.168.1.8
      256,31/05/2019,19:18,B,172.168.1.8
      126,31/05/2019,20:51,B,172.168.1.8
      126,01/06/2019,07:59,B,172.168.1.8
      296,01/06/2019,08:14,B,172.168.1.8
      298,01/06/2019,08:39,B,172.168.1.8
      115,01/06/2019,08:49,B,172.168.1.8
      119,01/06/2019,08:55,B,172.168.1.8
      122,01/06/2019,09:17,B,172.168.1.8
      120,01/06/2019,09:27,B,172.168.1.8
      110,01/06/2019,09:30,B,172.168.1.8
      268,01/06/2019,09:32,B,172.168.1.8
      123,01/06/2019,09:37,B,172.168.1.8
      255,01/06/2019,09:43,B,172.168.1.8
      256,01/06/2019,09:43,B,172.168.1.8
      117,01/06/2019,09:53,B,172.168.1.8
      127,01/06/2019,09:55,B,172.168.1.8
      258,01/06/2019,10:02,B,172.168.1.8
      128,01/06/2019,10:03,B,172.168.1.8
      109,01/06/2019,10:03,B,172.168.1.8
      297,01/06/2019,10:06,B,172.168.1.8
      116,01/06/2019,10:07,B,172.168.1.8
      290,01/06/2019,10:14,B,172.168.1.8
      273,01/06/2019,10:32,B,172.168.1.8
      261,01/06/2019,10:40,B,172.168.1.8
      106,01/06/2019,10:42,B,172.168.1.8
      101,01/06/2019,10:43,B,172.168.1.8
      254,01/06/2019,10:49,B,172.168.1.8
       22,01/06/2019,10:49,B,172.168.1.8
      251,01/06/2019,10:53,B,172.168.1.8
      131,01/06/2019,10:57,B,172.168.1.8
      295,01/06/2019,11:09,B,172.168.1.8
      118,01/06/2019,11:23,B,172.168.1.8
      293,01/06/2019,12:53,B,172.168.1.8
      254,01/06/2019,13:36,B,172.168.1.8
      131,01/06/2019,14:12,B,172.168.1.8
      110,01/06/2019,15:51,B,172.168.1.8
      128,01/06/2019,15:52,B,172.168.1.8
      122,01/06/2019,15:52,B,172.168.1.8
      109,01/06/2019,15:59,B,172.168.1.8
      298,01/06/2019,15:59,B,172.168.1.8
      119,01/06/2019,16:42,B,172.168.1.8
      296,01/06/2019,16:56,B,172.168.1.8
      115,01/06/2019,17:00,B,172.168.1.8
      251,01/06/2019,17:00,B,172.168.1.8
      297,01/06/2019,17:00,B,172.168.1.8
      258,01/06/2019,17:00,B,172.168.1.8
      295,01/06/2019,17:00,B,172.168.1.8
      268,01/06/2019,17:10,B,172.168.1.8
      120,01/06/2019,17:11,B,172.168.1.8
      261,01/06/2019,17:11,B,172.168.1.8
      127,01/06/2019,17:11,B,172.168.1.8
      273,01/06/2019,17:11,B,172.168.1.8
      101,01/06/2019,17:12,B,172.168.1.8
      118,01/06/2019,17:27,B,172.168.1.8
      255,01/06/2019,17:33,B,172.168.1.8
      123,01/06/2019,17:42,B,172.168.1.8
      106,01/06/2019,17:58,B,172.168.1.8
      116,01/06/2019,17:58,B,172.168.1.8
      293,01/06/2019,17:58,B,172.168.1.8
       58,01/06/2019,17:58,B,172.168.1.8
      290,01/06/2019,18:00,B,172.168.1.8
      256,01/06/2019,18:18,B,172.168.1.8
      126,01/06/2019,20:50,B,172.168.1.8
      126,02/06/2019,09:25,B,172.168.1.8
      126,02/06/2019,18:54,B,172.168.1.8
      126,02/06/2019,18:55,B,172.168.1.8
      121,03/06/2019,06:53,B,172.168.1.8
      126,03/06/2019,08:03,B,172.168.1.8
      262,03/06/2019,08:04,B,172.168.1.8
      255,03/06/2019,08:12,B,172.168.1.8
      296,03/06/2019,08:17,B,172.168.1.8
      273,03/06/2019,08:18,B,172.168.1.8
      115,03/06/2019,08:51,B,172.168.1.8
      119,03/06/2019,09:06,B,172.168.1.8
      268,03/06/2019,09:27,B,172.168.1.8
      116,03/06/2019,09:32,B,172.168.1.8
      283,03/06/2019,09:33,B,172.168.1.8
      110,03/06/2019,09:38,B,172.168.1.8
      117,03/06/2019,09:46,B,172.168.1.8
      123,03/06/2019,09:48,B,172.168.1.8
       32,03/06/2019,09:50,B,172.168.1.8
      256,03/06/2019,09:54,B,172.168.1.8
      120,03/06/2019,09:58,B,172.168.1.8
      271,03/06/2019,10:00,B,172.168.1.8
      290,03/06/2019,10:02,B,172.168.1.8
      128,03/06/2019,10:04,B,172.168.1.8
      297,03/06/2019,10:05,B,172.168.1.8
       63,03/06/2019,10:07,B,172.168.1.8
      293,03/06/2019,10:17,B,172.168.1.8
       72,03/06/2019,10:37,B,172.168.1.8
      254,03/06/2019,10:37,B,172.168.1.8
      106,03/06/2019,10:38,B,172.168.1.8
       14,03/06/2019,10:38,B,172.168.1.8
      261,03/06/2019,10:41,B,172.168.1.8
      295,03/06/2019,10:48,B,172.168.1.8
      101,03/06/2019,10:52,B,172.168.1.8
      303,03/06/2019,10:57,B,172.168.1.8
      258,03/06/2019,11:05,B,172.168.1.8
      118,03/06/2019,11:06,B,172.168.1.8
      251,03/06/2019,11:09,B,172.168.1.8
       27,03/06/2019,11:57,B,172.168.1.8
       72,03/06/2019,14:43,B,172.168.1.8
      121,03/06/2019,15:14,B,172.168.1.8
       27,03/06/2019,15:29,B,172.168.1.8
      255,03/06/2019,16:00,B,172.168.1.8
      262,03/06/2019,16:00,B,172.168.1.8
       32,03/06/2019,16:38,B,172.168.1.8
      119,03/06/2019,16:47,B,172.168.1.8
      296,03/06/2019,16:57,B,172.168.1.8
      123,03/06/2019,17:01,B,172.168.1.8
      110,03/06/2019,17:01,B,172.168.1.8
      128,03/06/2019,17:02,B,172.168.1.8
      268,03/06/2019,17:04,B,172.168.1.8
      115,03/06/2019,17:05,B,172.168.1.8
      251,03/06/2019,17:05,B,172.168.1.8
      297,03/06/2019,17:07,B,172.168.1.8
      295,03/06/2019,17:11,B,172.168.1.8
      271,03/06/2019,17:11,B,172.168.1.8
      118,03/06/2019,17:12,B,172.168.1.8
      120,03/06/2019,17:15,B,172.168.1.8
      261,03/06/2019,17:15,B,172.168.1.8
      101,03/06/2019,17:21,B,172.168.1.8
      273,03/06/2019,17:23,B,172.168.1.8
      254,03/06/2019,17:31,B,172.168.1.8
      258,03/06/2019,17:33,B,172.168.1.8
      283,03/06/2019,17:34,B,172.168.1.8
      293,03/06/2019,17:50,B,172.168.1.8
      290,03/06/2019,18:00,B,172.168.1.8
      256,03/06/2019,18:00,B,172.168.1.8
      116,03/06/2019,18:00,B,172.168.1.8
      117,03/06/2019,18:00,B,172.168.1.8
      106,03/06/2019,18:01,B,172.168.1.8
      126,03/06/2019,20:50,B,172.168.1.8
      121,04/06/2019,07:44,B,172.168.1.8
      126,04/06/2019,08:05,B,172.168.1.8
      118,04/06/2019,08:09,B,172.168.1.8
      255,04/06/2019,08:17,B,172.168.1.8
      296,04/06/2019,08:31,B,172.168.1.8
      115,04/06/2019,08:51,B,172.168.1.8
      273,04/06/2019,09:17,B,172.168.1.8
       32,04/06/2019,09:24,B,172.168.1.8
      120,04/06/2019,09:32,B,172.168.1.8
      268,04/06/2019,09:35,B,172.168.1.8
      283,04/06/2019,09:36,B,172.168.1.8
      256,04/06/2019,09:52,B,172.168.1.8
      289,04/06/2019,09:55,B,172.168.1.8
      116,04/06/2019,09:56,B,172.168.1.8
      123,04/06/2019,09:59,B,172.168.1.8
      297,04/06/2019,10:07,B,172.168.1.8
      258,04/06/2019,10:10,B,172.168.1.8
      290,04/06/2019,10:10,B,172.168.1.8
      128,04/06/2019,10:14,B,172.168.1.8
      129,04/06/2019,10:20,B,172.168.1.8
      271,04/06/2019,10:23,B,172.168.1.8
      109,04/06/2019,10:27,B,172.168.1.8
      110,04/06/2019,10:30,B,172.168.1.8
      117,04/06/2019,10:32,B,172.168.1.8
      254,04/06/2019,10:33,B,172.168.1.8
        1,04/06/2019,10:34,B,172.168.1.8
      295,04/06/2019,10:35,B,172.168.1.8
      261,04/06/2019,10:35,B,172.168.1.8
      101,04/06/2019,10:36,B,172.168.1.8
       72,04/06/2019,10:40,B,172.168.1.8
      293,04/06/2019,10:42,B,172.168.1.8
      106,04/06/2019,11:02,B,172.168.1.8
      251,04/06/2019,11:14,B,172.168.1.8
      129,04/06/2019,14:11,B,172.168.1.8
       72,04/06/2019,14:25,B,172.168.1.8
      303,04/06/2019,14:25,B,172.168.1.8
      205,04/06/2019,14:46,B,172.168.1.8
      121,04/06/2019,15:19,B,172.168.1.8
       32,04/06/2019,16:52,B,172.168.1.8
      296,04/06/2019,17:02,B,172.168.1.8
      268,04/06/2019,17:04,B,172.168.1.8
      123,04/06/2019,17:07,B,172.168.1.8
      273,04/06/2019,17:07,B,172.168.1.8
      128,04/06/2019,17:09,B,172.168.1.8
      297,04/06/2019,17:09,B,172.168.1.8
      110,04/06/2019,17:12,B,172.168.1.8
      295,04/06/2019,17:14,B,172.168.1.8
      110,04/06/2019,17:14,B,172.168.1.8
      109,04/06/2019,17:15,B,172.168.1.8
      289,04/06/2019,17:19,B,172.168.1.8
      268,04/06/2019,17:19,B,172.168.1.8
      120,04/06/2019,17:20,B,172.168.1.8
      261,04/06/2019,17:20,B,172.168.1.8
      258,04/06/2019,17:24,B,172.168.1.8
      254,04/06/2019,17:24,B,172.168.1.8
      115,04/06/2019,17:24,B,172.168.1.8
      271,04/06/2019,17:24,B,172.168.1.8
      251,04/06/2019,17:25,B,172.168.1.8
      101,04/06/2019,17:25,B,172.168.1.8
      118,04/06/2019,17:33,B,172.168.1.8
      283,04/06/2019,17:44,B,172.168.1.8
      116,04/06/2019,17:58,B,172.168.1.8
      117,04/06/2019,17:58,B,172.168.1.8
        1,04/06/2019,18:01,B,172.168.1.8
      106,04/06/2019,18:18,B,172.168.1.8
      293,04/06/2019,18:19,B,172.168.1.8
      290,04/06/2019,18:22,B,172.168.1.8
      256,04/06/2019,18:30,B,172.168.1.8
      255,04/06/2019,22:00,B,172.168.1.8
      126,05/06/2019,10:20,B,172.168.1.8
      256,05/06/2019,10:44,B,172.168.1.8
      256,05/06/2019,15:13,B,172.168.1.8
      256,05/06/2019,15:14,B,172.168.1.8
      126,05/06/2019,20:50,B,172.168.1.8
      121,06/06/2019,07:07,B,172.168.1.8
      262,06/06/2019,07:08,B,172.168.1.8
      273,06/06/2019,08:01,B,172.168.1.8
      255,06/06/2019,08:05,B,172.168.1.8
      296,06/06/2019,08:09,B,172.168.1.8
      115,06/06/2019,08:56,B,172.168.1.8
      120,06/06/2019,08:56,B,172.168.1.8
      268,06/06/2019,09:33,B,172.168.1.8
      112,06/06/2019,09:44,B,172.168.1.8
      122,06/06/2019,09:44,B,172.168.1.8
      123,06/06/2019,09:49,B,172.168.1.8
      256,06/06/2019,09:55,B,172.168.1.8
      128,06/06/2019,09:57,B,172.168.1.8
      271,06/06/2019,09:57,B,172.168.1.8
      110,06/06/2019,10:00,B,172.168.1.8
      109,06/06/2019,10:00,B,172.168.1.8
      289,06/06/2019,10:02,B,172.168.1.8
      290,06/06/2019,10:02,B,172.168.1.8
      297,06/06/2019,10:04,B,172.168.1.8
      131,06/06/2019,10:12,B,172.168.1.8
       14,06/06/2019,10:15,B,172.168.1.8
      129,06/06/2019,10:15,B,172.168.1.8
      310,06/06/2019,10:15,B,172.168.1.8
       58,06/06/2019,10:16,B,172.168.1.8
       32,06/06/2019,10:17,B,172.168.1.8
      101,06/06/2019,10:20,B,172.168.1.8
      258,06/06/2019,10:20,B,172.168.1.8
      293,06/06/2019,10:27,B,172.168.1.8
      116,06/06/2019,10:30,B,172.168.1.8
      283,06/06/2019,10:36,B,172.168.1.8
      254,06/06/2019,10:37,B,172.168.1.8
       72,06/06/2019,10:41,B,172.168.1.8
      261,06/06/2019,10:41,B,172.168.1.8
      295,06/06/2019,10:47,B,172.168.1.8
      251,06/06/2019,10:54,B,172.168.1.8
       17,06/06/2019,10:58,B,172.168.1.8
        1,06/06/2019,11:05,B,172.168.1.8
      106,06/06/2019,11:09,B,172.168.1.8
      303,06/06/2019,11:26,B,172.168.1.8
        2,06/06/2019,11:35,B,172.168.1.8
       27,06/06/2019,12:48,B,172.168.1.8
       72,06/06/2019,13:23,B,172.168.1.8
      303,06/06/2019,13:23,B,172.168.1.8
      262,06/06/2019,15:17,B,172.168.1.8
      121,06/06/2019,15:22,B,172.168.1.8
       27,06/06/2019,15:55,B,172.168.1.8
      296,06/06/2019,16:30,B,172.168.1.8
      122,06/06/2019,17:13,B,172.168.1.8
      110,06/06/2019,17:13,B,172.168.1.8
      128,06/06/2019,17:13,B,172.168.1.8
      109,06/06/2019,17:14,B,172.168.1.8
      289,06/06/2019,17:15,B,172.168.1.8
      123,06/06/2019,17:15,B,172.168.1.8
      297,06/06/2019,17:16,B,172.168.1.8
      295,06/06/2019,17:16,B,172.168.1.8
      271,06/06/2019,17:16,B,172.168.1.8
      268,06/06/2019,17:16,B,172.168.1.8
       32,06/06/2019,17:16,B,172.168.1.8
      261,06/06/2019,17:19,B,172.168.1.8
      120,06/06/2019,17:20,B,172.168.1.8
      115,06/06/2019,17:31,B,172.168.1.8
      254,06/06/2019,17:32,B,172.168.1.8
      273,06/06/2019,17:32,B,172.168.1.8
      251,06/06/2019,17:34,B,172.168.1.8
      101,06/06/2019,17:36,B,172.168.1.8
       17,06/06/2019,17:39,B,172.168.1.8
      112,06/06/2019,17:49,B,172.168.1.8
      256,06/06/2019,18:01,B,172.168.1.8
      116,06/06/2019,18:04,B,172.168.1.8
      258,06/06/2019,18:04,B,172.168.1.8
      117,06/06/2019,18:05,B,172.168.1.8
      106,06/06/2019,18:06,B,172.168.1.8
      290,06/06/2019,18:07,B,172.168.1.8
      293,06/06/2019,18:08,B,172.168.1.8
      283,06/06/2019,18:34,B,172.168.1.8
      129,06/06/2019,18:50,B,172.168.1.8
      131,06/06/2019,18:50,B,172.168.1.8
      310,06/06/2019,18:51,B,172.168.1.8
      255,06/06/2019,21:57,B,172.168.1.8
      121,07/06/2019,07:15,B,172.168.1.8
      273,07/06/2019,08:52,B,172.168.1.8
      115,07/06/2019,08:57,B,172.168.1.8
      120,07/06/2019,09:01,B,172.168.1.8
      268,07/06/2019,09:10,B,172.168.1.8
      255,07/06/2019,09:23,B,172.168.1.8
       32,07/06/2019,09:23,B,172.168.1.8
      271,07/06/2019,09:35,B,172.168.1.8
      256,07/06/2019,09:37,B,172.168.1.8
      123,07/06/2019,09:38,B,172.168.1.8
      116,07/06/2019,09:45,B,172.168.1.8
      122,07/06/2019,09:47,B,172.168.1.8
      131,07/06/2019,09:56,B,172.168.1.8
      117,07/06/2019,09:56,B,172.168.1.8
      109,07/06/2019,10:00,B,172.168.1.8
      297,07/06/2019,10:00,B,172.168.1.8
      258,07/06/2019,10:05,B,172.168.1.8
      290,07/06/2019,10:07,B,172.168.1.8
      310,07/06/2019,10:13,B,172.168.1.8
      129,07/06/2019,10:17,B,172.168.1.8
      101,07/06/2019,10:25,B,172.168.1.8
        1,07/06/2019,10:30,B,172.168.1.8
       14,07/06/2019,10:30,B,172.168.1.8
      106,07/06/2019,10:35,B,172.168.1.8
      293,07/06/2019,10:35,B,172.168.1.8
      254,07/06/2019,10:39,B,172.168.1.8
      261,07/06/2019,10:45,B,172.168.1.8
      289,07/06/2019,10:54,B,172.168.1.8
      296,07/06/2019,11:09,B,172.168.1.8
      282,07/06/2019,11:16,B,172.168.1.8
      112,07/06/2019,11:54,B,172.168.1.8
        2,07/06/2019,12:40,B,172.168.1.8
      128,07/06/2019,12:46,B,172.168.1.8
      128,07/06/2019,12:46,B,172.168.1.8
      121,07/06/2019,15:21,B,172.168.1.8
       71,07/06/2019,16:25,B,172.168.1.8
      271,07/06/2019,17:09,B,172.168.1.8
      271,07/06/2019,17:10,B,172.168.1.8
      123,07/06/2019,17:11,B,172.168.1.8
      297,07/06/2019,17:11,B,172.168.1.8
        2,07/06/2019,17:12,B,172.168.1.8
      128,07/06/2019,17:12,B,172.168.1.8
      273,07/06/2019,17:22,B,172.168.1.8
      268,07/06/2019,17:26,B,172.168.1.8
      296,07/06/2019,17:31,B,172.168.1.8
      289,07/06/2019,17:34,B,172.168.1.8
      254,07/06/2019,17:36,B,172.168.1.8
      115,07/06/2019,17:37,B,172.168.1.8
      251,07/06/2019,17:37,B,172.168.1.8
      118,07/06/2019,17:53,B,172.168.1.8
      129,07/06/2019,17:54,B,172.168.1.8
      116,07/06/2019,18:05,B,172.168.1.8
      258,07/06/2019,18:05,B,172.168.1.8
      117,07/06/2019,18:06,B,172.168.1.8
      256,07/06/2019,18:07,B,172.168.1.8
      293,07/06/2019,18:15,B,172.168.1.8
      112,07/06/2019,18:15,B,172.168.1.8
      131,07/06/2019,18:18,B,172.168.1.8
      310,07/06/2019,18:19,B,172.168.1.8
      106,07/06/2019,18:30,B,172.168.1.8
      290,07/06/2019,18:31,B,172.168.1.8
      261,07/06/2019,18:49,B,172.168.1.8
      120,07/06/2019,18:49,B,172.168.1.8
      255,07/06/2019,21:40,B,172.168.1.8
      121,08/06/2019,07:15,B,172.168.1.8
      298,08/06/2019,08:08,B,172.168.1.8
      298,08/06/2019,08:09,B,172.168.1.8
      296,08/06/2019,08:37,B,172.168.1.8
      115,08/06/2019,08:46,B,172.168.1.8
      262,08/06/2019,09:12,B,172.168.1.8
      268,08/06/2019,09:13,B,172.168.1.8
      273,08/06/2019,09:43,B,172.168.1.8
      255,08/06/2019,09:47,B,172.168.1.8
      123,08/06/2019,09:48,B,172.168.1.8
      116,08/06/2019,10:03,B,172.168.1.8
      297,08/06/2019,10:08,B,172.168.1.8
      256,08/06/2019,10:15,B,172.168.1.8
      112,08/06/2019,10:21,B,172.168.1.8
      283,08/06/2019,10:23,B,172.168.1.8
      303,08/06/2019,10:40,B,172.168.1.8
      293,08/06/2019,10:42,B,172.168.1.8
      261,08/06/2019,10:47,B,172.168.1.8
      290,08/06/2019,10:50,B,172.168.1.8
      128,08/06/2019,10:58,B,172.168.1.8
      125,08/06/2019,11:10,B,172.168.1.8
      122,08/06/2019,11:59,B,172.168.1.8
      122,08/06/2019,14:09,B,172.168.1.8
      121,08/06/2019,15:20,B,172.168.1.8
      128,08/06/2019,15:44,B,172.168.1.8
      298,08/06/2019,15:55,B,172.168.1.8
      262,08/06/2019,16:11,B,172.168.1.8
      118,08/06/2019,16:23,B,172.168.1.8
      297,08/06/2019,16:28,B,172.168.1.8
      261,08/06/2019,16:28,B,172.168.1.8
      268,08/06/2019,16:35,B,172.168.1.8
      296,08/06/2019,16:35,B,172.168.1.8
      290,08/06/2019,16:38,B,172.168.1.8
      290,08/06/2019,16:38,B,172.168.1.8
      255,08/06/2019,16:57,B,172.168.1.8
      283,08/06/2019,17:13,B,172.168.1.8
      256,08/06/2019,17:24,B,172.168.1.8
      112,08/06/2019,17:30,B,172.168.1.8
      293,08/06/2019,17:52,B,172.168.1.8
      125,08/06/2019,18:22,B,172.168.1.8
      116,08/06/2019,19:09,B,172.168.1.8
      115,08/06/2019,21:59,B,172.168.1.8
      115,08/06/2019,22:00,B,172.168.1.8
      115,09/06/2019,08:12,B,172.168.1.8
      255,09/06/2019,10:30,B,172.168.1.8
      125,09/06/2019,10:38,B,172.168.1.8
      125,09/06/2019,17:23,B,172.168.1.8
      255,09/06/2019,17:23,B,172.168.1.8
      115,09/06/2019,21:40,B,172.168.1.8
      121,10/06/2019,07:33,B,172.168.1.8
      126,10/06/2019,07:51,B,172.168.1.8
      255,10/06/2019,08:05,B,172.168.1.8
      273,10/06/2019,08:23,B,172.168.1.8
      296,10/06/2019,08:23,B,172.168.1.8
      298,10/06/2019,08:23,B,172.168.1.8
      119,10/06/2019,08:42,B,172.168.1.8
      125,10/06/2019,08:46,B,172.168.1.8
      115,10/06/2019,08:49,B,172.168.1.8
      120,10/06/2019,08:51,B,172.168.1.8
      260,10/06/2019,08:51,B,172.168.1.8
       32,10/06/2019,09:17,B,172.168.1.8
      254,10/06/2019,09:21,B,172.168.1.8
      123,10/06/2019,09:37,B,172.168.1.8
      117,10/06/2019,09:41,B,172.168.1.8
      256,10/06/2019,09:42,B,172.168.1.8
      118,10/06/2019,09:45,B,172.168.1.8
      268,10/06/2019,09:46,B,172.168.1.8
      112,10/06/2019,09:47,B,172.168.1.8
      110,10/06/2019,09:49,B,172.168.1.8
      109,10/06/2019,09:49,B,172.168.1.8
      297,10/06/2019,09:50,B,172.168.1.8
       14,10/06/2019,09:51,B,172.168.1.8
       11,10/06/2019,09:56,B,172.168.1.8
      118,10/06/2019,09:57,B,172.168.1.8
      290,10/06/2019,09:57,B,172.168.1.8
       12,10/06/2019,10:00,B,172.168.1.8
      295,10/06/2019,10:01,B,172.168.1.8
      280,10/06/2019,10:01,B,172.168.1.8
      289,10/06/2019,10:02,B,172.168.1.8
      129,10/06/2019,10:02,B,172.168.1.8
      310,10/06/2019,10:02,B,172.168.1.8
      258,10/06/2019,10:04,B,172.168.1.8
        1,10/06/2019,10:06,B,172.168.1.8
      101,10/06/2019,10:08,B,172.168.1.8
      283,10/06/2019,10:11,B,172.168.1.8
      116,10/06/2019,10:11,B,172.168.1.8
      293,10/06/2019,10:15,B,172.168.1.8
      131,10/06/2019,10:16,B,172.168.1.8
      114,10/06/2019,11:10,B,172.168.1.8
      251,10/06/2019,11:10,B,172.168.1.8
        2,10/06/2019,11:22,B,172.168.1.8
      303,10/06/2019,14:05,B,172.168.1.8
      131,10/06/2019,14:07,B,172.168.1.8
      128,10/06/2019,14:12,B,172.168.1.8
      106,10/06/2019,14:30,B,172.168.1.8
      121,10/06/2019,15:17,B,172.168.1.8
       72,10/06/2019,15:33,B,172.168.1.8
      310,10/06/2019,16:06,B,172.168.1.8
      298,10/06/2019,16:06,B,172.168.1.8
       11,10/06/2019,16:15,B,172.168.1.8
       17,10/06/2019,16:15,B,172.168.1.8
      119,10/06/2019,16:34,B,172.168.1.8
      125,10/06/2019,16:43,B,172.168.1.8
      126,10/06/2019,16:48,B,172.168.1.8
       12,10/06/2019,16:49,B,172.168.1.8
      296,10/06/2019,17:07,B,172.168.1.8
      110,10/06/2019,17:14,B,172.168.1.8
      273,10/06/2019,17:14,B,172.168.1.8
      109,10/06/2019,17:15,B,172.168.1.8
      295,10/06/2019,17:16,B,172.168.1.8
      297,10/06/2019,17:17,B,172.168.1.8
      123,10/06/2019,17:20,B,172.168.1.8
      289,10/06/2019,17:22,B,172.168.1.8
      120,10/06/2019,17:26,B,172.168.1.8
      118,10/06/2019,17:39,B,172.168.1.8
      280,10/06/2019,17:49,B,172.168.1.8
      268,10/06/2019,17:50,B,172.168.1.8
      293,10/06/2019,17:51,B,172.168.1.8
      254,10/06/2019,17:52,B,172.168.1.8
      251,10/06/2019,17:52,B,172.168.1.8
      115,10/06/2019,17:54,B,172.168.1.8
      258,10/06/2019,17:55,B,172.168.1.8
        1,10/06/2019,17:57,B,172.168.1.8
      114,10/06/2019,18:01,B,172.168.1.8
        2,10/06/2019,18:04,B,172.168.1.8
       32,10/06/2019,18:04,B,172.168.1.8
      117,10/06/2019,18:05,B,172.168.1.8
      116,10/06/2019,18:06,B,172.168.1.8
      283,10/06/2019,18:07,B,172.168.1.8
      290,10/06/2019,18:11,B,172.168.1.8
       71,10/06/2019,18:14,B,172.168.1.8
      256,10/06/2019,18:15,B,172.168.1.8
      106,10/06/2019,18:16,B,172.168.1.8
      101,10/06/2019,18:19,B,172.168.1.8
      260,10/06/2019,18:35,B,172.168.1.8
      310,10/06/2019,18:35,B,172.168.1.8
      255,10/06/2019,21:09,B,172.168.1.8
      112,10/06/2019,21:09,B,172.168.1.8
      121,11/06/2019,07:26,B,172.168.1.8
      121,11/06/2019,07:26,B,172.168.1.8
      273,11/06/2019,07:55,B,172.168.1.8
      298,11/06/2019,08:22,B,172.168.1.8
      125,11/06/2019,08:24,B,172.168.1.8
      255,11/06/2019,08:27,B,172.168.1.8
      296,11/06/2019,08:30,B,172.168.1.8
      126,11/06/2019,08:32,B,172.168.1.8
      115,11/06/2019,08:47,B,172.168.1.8
      260,11/06/2019,08:53,B,172.168.1.8
       23,11/06/2019,08:55,B,172.168.1.8
      119,11/06/2019,08:58,B,172.168.1.8
      118,11/06/2019,09:20,B,172.168.1.8
      254,11/06/2019,09:23,B,172.168.1.8
      120,11/06/2019,09:23,B,172.168.1.8
       32,11/06/2019,09:27,B,172.168.1.8
      268,11/06/2019,09:35,B,172.168.1.8
      256,11/06/2019,09:40,B,172.168.1.8
      116,11/06/2019,09:43,B,172.168.1.8
      123,11/06/2019,09:50,B,172.168.1.8
      112,11/06/2019,09:50,B,172.168.1.8
      289,11/06/2019,09:59,B,172.168.1.8
      310,11/06/2019,10:01,B,172.168.1.8
      109,11/06/2019,10:01,B,172.168.1.8
      297,11/06/2019,10:09,B,172.168.1.8
      128,11/06/2019,10:19,B,172.168.1.8
      295,11/06/2019,10:20,B,172.168.1.8
      271,11/06/2019,10:20,B,172.168.1.8
      280,11/06/2019,10:20,B,172.168.1.8
      101,11/06/2019,10:23,B,172.168.1.8
      117,11/06/2019,10:26,B,172.168.1.8
      129,11/06/2019,10:31,B,172.168.1.8
      293,11/06/2019,10:31,B,172.168.1.8
      262,11/06/2019,10:31,B,172.168.1.8
      114,11/06/2019,10:33,B,172.168.1.8
      251,11/06/2019,10:36,B,172.168.1.8
      106,11/06/2019,10:48,B,172.168.1.8
      261,11/06/2019,10:49,B,172.168.1.8
       72,11/06/2019,10:55,B,172.168.1.8
      110,11/06/2019,10:55,B,172.168.1.8
      303,11/06/2019,10:56,B,172.168.1.8
      303,11/06/2019,10:56,B,172.168.1.8
        1,11/06/2019,11:05,B,172.168.1.8
       23,11/06/2019,11:57,B,172.168.1.8
       12,11/06/2019,12:12,B,172.168.1.8
       30,11/06/2019,12:15,B,172.168.1.8
      122,11/06/2019,12:30,B,172.168.1.8
      258,11/06/2019,12:34,B,172.168.1.8
       72,11/06/2019,13:12,B,172.168.1.8
      303,11/06/2019,13:12,B,172.168.1.8
       26,11/06/2019,13:21,B,172.168.1.8
      203,11/06/2019,13:51,B,172.168.1.8
      201,11/06/2019,14:13,B,172.168.1.8
      205,11/06/2019,14:30,B,172.168.1.8
      205,11/06/2019,14:30,B,172.168.1.8
       12,11/06/2019,15:17,B,172.168.1.8
      121,11/06/2019,15:21,B,172.168.1.8
      207,11/06/2019,15:41,B,172.168.1.8
      298,11/06/2019,16:05,B,172.168.1.8
      207,11/06/2019,16:06,B,172.168.1.8
      125,11/06/2019,16:10,B,172.168.1.8
      119,11/06/2019,16:21,B,172.168.1.8
      126,11/06/2019,16:48,B,172.168.1.8
      273,11/06/2019,17:02,B,172.168.1.8
      122,11/06/2019,17:07,B,172.168.1.8
      123,11/06/2019,17:10,B,172.168.1.8
        1,11/06/2019,17:10,B,172.168.1.8
      110,11/06/2019,17:16,B,172.168.1.8
      297,11/06/2019,17:18,B,172.168.1.8
      297,11/06/2019,17:18,B,172.168.1.8
      289,11/06/2019,17:19,B,172.168.1.8
      261,11/06/2019,17:19,B,172.168.1.8
      109,11/06/2019,17:19,B,172.168.1.8
      296,11/06/2019,17:19,B,172.168.1.8
      271,11/06/2019,17:19,B,172.168.1.8
      268,11/06/2019,17:20,B,172.168.1.8
      295,11/06/2019,17:20,B,172.168.1.8
      120,11/06/2019,17:20,B,172.168.1.8
      258,11/06/2019,17:20,B,172.168.1.8
      118,11/06/2019,17:22,B,172.168.1.8
       30,11/06/2019,17:28,B,172.168.1.8
      254,11/06/2019,17:31,B,172.168.1.8
      251,11/06/2019,17:31,B,172.168.1.8
      116,11/06/2019,17:32,B,172.168.1.8
      101,11/06/2019,17:37,B,172.168.1.8
      280,11/06/2019,17:38,B,172.168.1.8
      293,11/06/2019,17:45,B,172.168.1.8
       32,11/06/2019,17:50,B,172.168.1.8
      129,11/06/2019,17:55,B,172.168.1.8
      106,11/06/2019,17:55,B,172.168.1.8
      262,11/06/2019,17:56,B,172.168.1.8
      255,11/06/2019,17:57,B,172.168.1.8
      114,11/06/2019,18:05,B,172.168.1.8
      310,11/06/2019,18:32,B,172.168.1.8
      260,11/06/2019,19:02,B,172.168.1.8
      260,11/06/2019,19:08,B,172.168.1.8
       26,11/06/2019,19:26,B,172.168.1.8
      115,11/06/2019,19:40,B,172.168.1.8
      282,11/06/2019,19:40,B,172.168.1.8
      256,11/06/2019,21:02,B,172.168.1.8
      112,11/06/2019,21:03,B,172.168.1.8
      112,11/06/2019,21:03,B,172.168.1.8
      126,12/06/2019,07:20,B,172.168.1.8
      273,12/06/2019,07:44,B,172.168.1.8
      298,12/06/2019,08:08,B,172.168.1.8
      296,12/06/2019,08:09,B,172.168.1.8
       11,12/06/2019,08:15,B,172.168.1.8
      260,12/06/2019,08:18,B,172.168.1.8
      255,12/06/2019,08:28,B,172.168.1.8
      301,12/06/2019,08:38,B,172.168.1.8
      312,12/06/2019,08:47,B,172.168.1.8
      115,12/06/2019,08:48,B,172.168.1.8
      119,12/06/2019,08:52,B,172.168.1.8
      120,12/06/2019,08:54,B,172.168.1.8
       23,12/06/2019,08:56,B,172.168.1.8
      116,12/06/2019,09:01,B,172.168.1.8
       65,12/06/2019,09:03,B,172.168.1.8
       14,12/06/2019,09:07,B,172.168.1.8
       17,12/06/2019,09:09,B,172.168.1.8
      268,12/06/2019,09:20,B,172.168.1.8
      112,12/06/2019,09:20,B,172.168.1.8
       12,12/06/2019,09:22,B,172.168.1.8
       25,12/06/2019,09:27,B,172.168.1.8
      303,12/06/2019,09:29,B,172.168.1.8
      254,12/06/2019,09:30,B,172.168.1.8
       20,12/06/2019,09:31,B,172.168.1.8
       32,12/06/2019,09:34,B,172.168.1.8
      283,12/06/2019,09:36,B,172.168.1.8
      117,12/06/2019,09:37,B,172.168.1.8
      128,12/06/2019,09:42,B,172.168.1.8
      122,12/06/2019,09:44,B,172.168.1.8
      256,12/06/2019,09:45,B,172.168.1.8
      256,12/06/2019,09:45,B,172.168.1.8
      305,12/06/2019,09:51,B,172.168.1.8
       28,12/06/2019,09:52,B,172.168.1.8
      289,12/06/2019,09:52,B,172.168.1.8
      280,12/06/2019,09:53,B,172.168.1.8
        9,12/06/2019,09:56,B,172.168.1.8
       21,12/06/2019,09:58,B,172.168.1.8
      109,12/06/2019,10:00,B,172.168.1.8
      271,12/06/2019,10:01,B,172.168.1.8
      295,12/06/2019,10:01,B,172.168.1.8
      127,12/06/2019,10:01,B,172.168.1.8
       10,12/06/2019,10:02,B,172.168.1.8
      297,12/06/2019,10:09,B,172.168.1.8
      129,12/06/2019,10:09,B,172.168.1.8
      310,12/06/2019,10:09,B,172.168.1.8
      114,12/06/2019,10:10,B,172.168.1.8
      290,12/06/2019,10:11,B,172.168.1.8
       30,12/06/2019,10:15,B,172.168.1.8
      123,12/06/2019,10:17,B,172.168.1.8
       18,12/06/2019,10:18,B,172.168.1.8
      293,12/06/2019,10:20,B,172.168.1.8
        1,12/06/2019,10:22,B,172.168.1.8
      101,12/06/2019,10:25,B,172.168.1.8
      131,12/06/2019,10:25,B,172.168.1.8
       29,12/06/2019,10:26,B,172.168.1.8
        5,12/06/2019,10:28,B,172.168.1.8
       26,12/06/2019,10:28,B,172.168.1.8
      261,12/06/2019,10:29,B,172.168.1.8
       72,12/06/2019,10:31,B,172.168.1.8
      251,12/06/2019,10:46,B,172.168.1.8
       27,12/06/2019,10:48,B,172.168.1.8
        2,12/06/2019,10:49,B,172.168.1.8
       22,12/06/2019,11:12,B,172.168.1.8
      106,12/06/2019,11:14,B,172.168.1.8
       19,12/06/2019,11:30,B,172.168.1.8
      118,12/06/2019,13:44,B,172.168.1.8
      305,12/06/2019,14:01,B,172.168.1.8
       21,12/06/2019,14:02,B,172.168.1.8
      311,12/06/2019,14:06,B,172.168.1.8
       65,12/06/2019,15:17,B,172.168.1.8
      301,12/06/2019,15:30,B,172.168.1.8
       20,12/06/2019,15:32,B,172.168.1.8
      303,12/06/2019,15:36,B,172.168.1.8
        5,12/06/2019,15:41,B,172.168.1.8
       16,12/06/2019,15:46,B,172.168.1.8
      258,12/06/2019,15:46,B,172.168.1.8
      303,12/06/2019,15:46,B,172.168.1.8
      126,12/06/2019,15:55,B,172.168.1.8
      298,12/06/2019,15:57,B,172.168.1.8
       72,12/06/2019,16:03,B,172.168.1.8
       29,12/06/2019,16:24,B,172.168.1.8
      255,12/06/2019,16:32,B,172.168.1.8
      119,12/06/2019,16:34,B,172.168.1.8
      122,12/06/2019,16:38,B,172.168.1.8
       28,12/06/2019,16:43,B,172.168.1.8
        9,12/06/2019,16:43,B,172.168.1.8
       24,12/06/2019,16:44,B,172.168.1.8
       11,12/06/2019,16:50,B,172.168.1.8
       25,12/06/2019,16:50,B,172.168.1.8
       14,12/06/2019,16:51,B,172.168.1.8
       27,12/06/2019,16:53,B,172.168.1.8
       17,12/06/2019,16:53,B,172.168.1.8
       19,12/06/2019,16:55,B,172.168.1.8
       19,12/06/2019,16:56,B,172.168.1.8
       12,12/06/2019,16:59,B,172.168.1.8
        2,12/06/2019,16:59,B,172.168.1.8
       22,12/06/2019,17:00,B,172.168.1.8
       23,12/06/2019,17:00,B,172.168.1.8
       26,12/06/2019,17:02,B,172.168.1.8
       10,12/06/2019,17:03,B,172.168.1.8
      118,12/06/2019,17:07,B,172.168.1.8
       18,12/06/2019,17:07,B,172.168.1.8
      109,12/06/2019,17:08,B,172.168.1.8
      297,12/06/2019,17:10,B,172.168.1.8
      295,12/06/2019,17:12,B,172.168.1.8
      123,12/06/2019,17:14,B,172.168.1.8
      271,12/06/2019,17:15,B,172.168.1.8
      289,12/06/2019,17:19,B,172.168.1.8
      296,12/06/2019,17:21,B,172.168.1.8
      261,12/06/2019,17:22,B,172.168.1.8
      127,12/06/2019,17:22,B,172.168.1.8
      127,12/06/2019,17:23,B,172.168.1.8
      120,12/06/2019,17:23,B,172.168.1.8
       32,12/06/2019,17:23,B,172.168.1.8
      118,12/06/2019,17:26,B,172.168.1.8
      268,12/06/2019,17:27,B,172.168.1.8
      258,12/06/2019,17:33,B,172.168.1.8
        1,12/06/2019,17:35,B,172.168.1.8
      116,12/06/2019,17:36,B,172.168.1.8
      312,12/06/2019,17:37,B,172.168.1.8
      131,12/06/2019,17:37,B,172.168.1.8
      283,12/06/2019,17:39,B,172.168.1.8
      129,12/06/2019,17:44,B,172.168.1.8
      129,12/06/2019,17:45,B,172.168.1.8
       30,12/06/2019,17:46,B,172.168.1.8
      280,12/06/2019,17:53,B,172.168.1.8
      273,12/06/2019,17:59,B,172.168.1.8
      293,12/06/2019,18:02,B,172.168.1.8
      254,12/06/2019,18:02,B,172.168.1.8
      114,12/06/2019,18:03,B,172.168.1.8
      115,12/06/2019,18:05,B,172.168.1.8
      251,12/06/2019,18:06,B,172.168.1.8
      290,12/06/2019,18:06,B,172.168.1.8
      106,12/06/2019,18:06,B,172.168.1.8
      101,12/06/2019,18:08,B,172.168.1.8
      117,12/06/2019,18:10,B,172.168.1.8
       58,12/06/2019,18:11,B,172.168.1.8
      310,12/06/2019,18:12,B,172.168.1.8
      112,12/06/2019,20:09,B,172.168.1.8
      256,12/06/2019,20:56,B,172.168.1.8
      260,12/06/2019,20:57,B,172.168.1.8
      121,13/06/2019,07:15,B,172.168.1.8
      126,13/06/2019,07:24,B,172.168.1.8
      273,13/06/2019,08:12,B,172.168.1.8
      298,13/06/2019,08:22,B,172.168.1.8
      296,13/06/2019,08:22,B,172.168.1.8
      301,13/06/2019,08:27,B,172.168.1.8
       11,13/06/2019,08:28,B,172.168.1.8
      260,13/06/2019,08:28,B,172.168.1.8
      255,13/06/2019,08:29,B,172.168.1.8
      119,13/06/2019,08:42,B,172.168.1.8
      115,13/06/2019,08:50,B,172.168.1.8
       23,13/06/2019,08:53,B,172.168.1.8
      312,13/06/2019,08:56,B,172.168.1.8
      120,13/06/2019,09:09,B,172.168.1.8
       20,13/06/2019,09:10,B,172.168.1.8
       14,13/06/2019,09:14,B,172.168.1.8
       32,13/06/2019,09:17,B,172.168.1.8
       26,13/06/2019,09:25,B,172.168.1.8
      254,13/06/2019,09:26,B,172.168.1.8
       25,13/06/2019,09:26,B,172.168.1.8
      131,13/06/2019,09:38,B,172.168.1.8
       21,13/06/2019,09:38,B,172.168.1.8
      118,13/06/2019,09:40,B,172.168.1.8
       17,13/06/2019,09:46,B,172.168.1.8
       65,13/06/2019,09:47,B,172.168.1.8
      117,13/06/2019,09:48,B,172.168.1.8
      128,13/06/2019,09:48,B,172.168.1.8
      116,13/06/2019,09:48,B,172.168.1.8
      123,13/06/2019,09:48,B,172.168.1.8
      109,13/06/2019,09:55,B,172.168.1.8
      110,13/06/2019,09:55,B,172.168.1.8
       18,13/06/2019,09:55,B,172.168.1.8
       18,13/06/2019,09:55,B,172.168.1.8
      258,13/06/2019,09:56,B,172.168.1.8
      280,13/06/2019,09:57,B,172.168.1.8
      256,13/06/2019,09:58,B,172.168.1.8
      112,13/06/2019,09:59,B,172.168.1.8
      297,13/06/2019,10:00,B,172.168.1.8
      290,13/06/2019,10:01,B,172.168.1.8
       24,13/06/2019,10:01,B,172.168.1.8
      310,13/06/2019,10:02,B,172.168.1.8
      289,13/06/2019,10:02,B,172.168.1.8
      303,13/06/2019,10:04,B,172.168.1.8
        9,13/06/2019,10:06,B,172.168.1.8
        5,13/06/2019,10:12,B,172.168.1.8
      101,13/06/2019,10:12,B,172.168.1.8
      271,13/06/2019,10:16,B,172.168.1.8
      295,13/06/2019,10:16,B,172.168.1.8
       12,13/06/2019,10:17,B,172.168.1.8
       30,13/06/2019,10:17,B,172.168.1.8
      114,13/06/2019,10:22,B,172.168.1.8
      127,13/06/2019,10:23,B,172.168.1.8
      261,13/06/2019,10:25,B,172.168.1.8
       72,13/06/2019,10:29,B,172.168.1.8
      293,13/06/2019,10:36,B,172.168.1.8
       16,13/06/2019,10:36,B,172.168.1.8
        8,13/06/2019,10:49,B,172.168.1.8
      106,13/06/2019,10:53,B,172.168.1.8
      209,13/06/2019,11:09,B,172.168.1.8
       27,13/06/2019,11:10,B,172.168.1.8
       22,13/06/2019,11:22,B,172.168.1.8
       28,13/06/2019,11:22,B,172.168.1.8
       19,13/06/2019,11:24,B,172.168.1.8
       10,13/06/2019,11:30,B,172.168.1.8
      211,13/06/2019,11:32,B,172.168.1.8
       29,13/06/2019,11:32,B,172.168.1.8
        2,13/06/2019,11:42,B,172.168.1.8
      209,13/06/2019,13:00,B,172.168.1.8
      251,13/06/2019,13:05,B,172.168.1.8
       65,13/06/2019,14:09,B,172.168.1.8
      129,13/06/2019,14:32,B,172.168.1.8
      312,13/06/2019,14:47,B,172.168.1.8
       64,13/06/2019,14:50,B,172.168.1.8
       21,13/06/2019,15:12,B,172.168.1.8
      301,13/06/2019,15:25,B,172.168.1.8
      303,13/06/2019,15:29,B,172.168.1.8
      121,13/06/2019,15:30,B,172.168.1.8
        5,13/06/2019,15:35,B,172.168.1.8
      121,13/06/2019,15:40,B,172.168.1.8
      298,13/06/2019,15:46,B,172.168.1.8
      126,13/06/2019,16:00,B,172.168.1.8
       72,13/06/2019,16:14,B,172.168.1.8
       72,13/06/2019,16:15,B,172.168.1.8
       27,13/06/2019,16:27,B,172.168.1.8
       64,13/06/2019,16:27,B,172.168.1.8
        9,13/06/2019,16:36,B,172.168.1.8
      119,13/06/2019,16:38,B,172.168.1.8
       24,13/06/2019,16:53,B,172.168.1.8
       25,13/06/2019,16:54,B,172.168.1.8
       29,13/06/2019,16:54,B,172.168.1.8
       19,13/06/2019,16:54,B,172.168.1.8
       14,13/06/2019,16:58,B,172.168.1.8
       28,13/06/2019,17:01,B,172.168.1.8
       23,13/06/2019,17:01,B,172.168.1.8
       17,13/06/2019,17:03,B,172.168.1.8
       35,13/06/2019,17:04,B,172.168.1.8
       11,13/06/2019,17:06,B,172.168.1.8
       16,13/06/2019,17:07,B,172.168.1.8
        2,13/06/2019,17:08,B,172.168.1.8
       18,13/06/2019,17:08,B,172.168.1.8
       32,13/06/2019,17:09,B,172.168.1.8
       20,13/06/2019,17:10,B,172.168.1.8
       26,13/06/2019,17:12,B,172.168.1.8
       10,13/06/2019,17:12,B,172.168.1.8
      109,13/06/2019,17:14,B,172.168.1.8
      123,13/06/2019,17:16,B,172.168.1.8
      297,13/06/2019,17:17,B,172.168.1.8
      289,13/06/2019,17:17,B,172.168.1.8
      261,13/06/2019,17:19,B,172.168.1.8
      127,13/06/2019,17:19,B,172.168.1.8
      271,13/06/2019,17:20,B,172.168.1.8
      118,13/06/2019,17:20,B,172.168.1.8
      295,13/06/2019,17:21,B,172.168.1.8
      296,13/06/2019,17:22,B,172.168.1.8
      273,13/06/2019,17:23,B,172.168.1.8
      110,13/06/2019,17:27,B,172.168.1.8
       30,13/06/2019,17:27,B,172.168.1.8
      120,13/06/2019,17:28,B,172.168.1.8
        1,13/06/2019,17:29,B,172.168.1.8
      129,13/06/2019,17:38,B,172.168.1.8
      112,13/06/2019,17:40,B,172.168.1.8
      112,13/06/2019,17:42,B,172.168.1.8
      112,13/06/2019,17:44,B,172.168.1.8
      131,13/06/2019,17:47,B,172.168.1.8
      268,13/06/2019,17:48,B,172.168.1.8
      268,13/06/2019,17:48,B,172.168.1.8
      280,13/06/2019,17:49,B,172.168.1.8
      258,13/06/2019,17:53,B,172.168.1.8
      101,13/06/2019,17:54,B,172.168.1.8
       58,13/06/2019,17:55,B,172.168.1.8
      116,13/06/2019,17:55,B,172.168.1.8
      255,13/06/2019,18:01,B,172.168.1.8
      251,13/06/2019,18:03,B,172.168.1.8
      254,13/06/2019,18:03,B,172.168.1.8
      115,13/06/2019,18:04,B,172.168.1.8
      290,13/06/2019,18:10,B,172.168.1.8
      106,13/06/2019,18:10,B,172.168.1.8
      293,13/06/2019,18:11,B,172.168.1.8
      310,13/06/2019,19:07,B,172.168.1.8
      128,13/06/2019,19:08,B,172.168.1.8
      260,13/06/2019,20:53,B,172.168.1.8
      118,13/06/2019,20:57,B,172.168.1.8
      114,13/06/2019,21:10,B,172.168.1.8
      256,13/06/2019,21:10,B,172.168.1.8
      126,14/06/2019,07:29,B,172.168.1.8
      273,14/06/2019,08:03,B,172.168.1.8
      298,14/06/2019,08:04,B,172.168.1.8
      255,14/06/2019,08:05,B,172.168.1.8
      296,14/06/2019,08:25,B,172.168.1.8
      260,14/06/2019,08:38,B,172.168.1.8
      312,14/06/2019,08:50,B,172.168.1.8
      119,14/06/2019,08:53,B,172.168.1.8
      115,14/06/2019,08:58,B,172.168.1.8
       23,14/06/2019,08:58,B,172.168.1.8
      120,14/06/2019,08:59,B,172.168.1.8
       64,14/06/2019,09:04,B,172.168.1.8
        8,14/06/2019,09:12,B,172.168.1.8
       14,14/06/2019,09:13,B,172.168.1.8
       32,14/06/2019,09:14,B,172.168.1.8
       20,14/06/2019,09:14,B,172.168.1.8
       25,14/06/2019,09:15,B,172.168.1.8
      283,14/06/2019,09:16,B,172.168.1.8
      122,14/06/2019,09:32,B,172.168.1.8
      254,14/06/2019,09:46,B,172.168.1.8
       12,14/06/2019,09:46,B,172.168.1.8
      123,14/06/2019,09:47,B,172.168.1.8
      128,14/06/2019,09:49,B,172.168.1.8
      256,14/06/2019,09:50,B,172.168.1.8
      295,14/06/2019,09:51,B,172.168.1.8
      271,14/06/2019,09:51,B,172.168.1.8
      117,14/06/2019,09:53,B,172.168.1.8
      109,14/06/2019,09:57,B,172.168.1.8
      110,14/06/2019,09:57,B,172.168.1.8
       72,14/06/2019,09:57,B,172.168.1.8
      289,14/06/2019,10:03,B,172.168.1.8
      297,14/06/2019,10:04,B,172.168.1.8
        5,14/06/2019,10:04,B,172.168.1.8
      301,14/06/2019,10:04,B,172.168.1.8
       35,14/06/2019,10:06,B,172.168.1.8
      127,14/06/2019,10:08,B,172.168.1.8
       16,14/06/2019,10:09,B,172.168.1.8
      101,14/06/2019,10:16,B,172.168.1.8
      116,14/06/2019,10:16,B,172.168.1.8
        1,14/06/2019,10:16,B,172.168.1.8
       24,14/06/2019,10:18,B,172.168.1.8
      258,14/06/2019,10:19,B,172.168.1.8
      280,14/06/2019,10:20,B,172.168.1.8
      131,14/06/2019,10:21,B,172.168.1.8
      303,14/06/2019,10:22,B,172.168.1.8
       26,14/06/2019,10:31,B,172.168.1.8
       21,14/06/2019,10:33,B,172.168.1.8
      293,14/06/2019,10:34,B,172.168.1.8
       17,14/06/2019,10:38,B,172.168.1.8
      290,14/06/2019,10:38,B,172.168.1.8
       11,14/06/2019,10:39,B,172.168.1.8
      261,14/06/2019,10:39,B,172.168.1.8
      114,14/06/2019,10:40,B,172.168.1.8
      118,14/06/2019,10:45,B,172.168.1.8
      251,14/06/2019,10:50,B,172.168.1.8
       28,14/06/2019,10:56,B,172.168.1.8
       18,14/06/2019,11:05,B,172.168.1.8
      112,14/06/2019,11:09,B,172.168.1.8
        9,14/06/2019,11:16,B,172.168.1.8
       29,14/06/2019,11:18,B,172.168.1.8
        2,14/06/2019,11:23,B,172.168.1.8
       19,14/06/2019,11:25,B,172.168.1.8
       27,14/06/2019,11:26,B,172.168.1.8
       22,14/06/2019,11:33,B,172.168.1.8
       30,14/06/2019,11:38,B,172.168.1.8
      305,14/06/2019,11:50,B,172.168.1.8
       64,14/06/2019,12:13,B,172.168.1.8
       10,14/06/2019,12:22,B,172.168.1.8
      122,14/06/2019,12:24,B,172.168.1.8
      301,14/06/2019,13:51,B,172.168.1.8
      301,14/06/2019,13:51,B,172.168.1.8
       21,14/06/2019,15:32,B,172.168.1.8
        5,14/06/2019,15:35,B,172.168.1.8
       16,14/06/2019,15:40,B,172.168.1.8
      312,14/06/2019,15:50,B,172.168.1.8
      303,14/06/2019,15:55,B,172.168.1.8
      303,14/06/2019,15:55,B,172.168.1.8
      298,14/06/2019,16:01,B,172.168.1.8
       72,14/06/2019,16:14,B,172.168.1.8
      126,14/06/2019,16:17,B,172.168.1.8
       24,14/06/2019,16:24,B,172.168.1.8
      119,14/06/2019,16:27,B,172.168.1.8
      119,14/06/2019,16:30,B,172.168.1.8
       14,14/06/2019,16:38,B,172.168.1.8
       28,14/06/2019,16:41,B,172.168.1.8
      116,14/06/2019,16:46,B,172.168.1.8
       25,14/06/2019,16:49,B,172.168.1.8
       29,14/06/2019,16:51,B,172.168.1.8
       18,14/06/2019,16:57,B,172.168.1.8
       23,14/06/2019,16:58,B,172.168.1.8
       26,14/06/2019,17:02,B,172.168.1.8
       19,14/06/2019,17:04,B,172.168.1.8
       10,14/06/2019,17:05,B,172.168.1.8
      296,14/06/2019,17:07,B,172.168.1.8
       27,14/06/2019,17:09,B,172.168.1.8
      110,14/06/2019,17:10,B,172.168.1.8
      109,14/06/2019,17:10,B,172.168.1.8
      131,14/06/2019,17:11,B,172.168.1.8
      289,14/06/2019,17:11,B,172.168.1.8
      297,14/06/2019,17:13,B,172.168.1.8
       17,14/06/2019,17:14,B,172.168.1.8
      128,14/06/2019,17:14,B,172.168.1.8
      127,14/06/2019,17:14,B,172.168.1.8
      261,14/06/2019,17:15,B,172.168.1.8
      295,14/06/2019,17:16,B,172.168.1.8
      271,14/06/2019,17:17,B,172.168.1.8
       11,14/06/2019,17:18,B,172.168.1.8
      123,14/06/2019,17:19,B,172.168.1.8
      120,14/06/2019,17:23,B,172.168.1.8
      118,14/06/2019,17:23,B,172.168.1.8
       22,14/06/2019,17:24,B,172.168.1.8
       12,14/06/2019,17:26,B,172.168.1.8
        2,14/06/2019,17:26,B,172.168.1.8
        8,14/06/2019,17:28,B,172.168.1.8
      283,14/06/2019,17:30,B,172.168.1.8
      273,14/06/2019,17:31,B,172.168.1.8
      254,14/06/2019,17:40,B,172.168.1.8
      280,14/06/2019,17:41,B,172.168.1.8
      251,14/06/2019,17:41,B,172.168.1.8
      115,14/06/2019,17:42,B,172.168.1.8
      101,14/06/2019,17:47,B,172.168.1.8
      258,14/06/2019,17:50,B,172.168.1.8
      293,14/06/2019,17:54,B,172.168.1.8
      290,14/06/2019,17:55,B,172.168.1.8
       35,14/06/2019,18:00,B,172.168.1.8
       30,14/06/2019,18:00,B,172.168.1.8
      255,14/06/2019,18:03,B,172.168.1.8
      112,14/06/2019,18:04,B,172.168.1.8
       32,14/06/2019,18:19,B,172.168.1.8
        1,14/06/2019,18:58,B,172.168.1.8
      256,14/06/2019,21:01,B,172.168.1.8
      114,14/06/2019,21:02,B,172.168.1.8
      260,14/06/2019,21:02,B,172.168.1.8
      121,15/06/2019,07:25,B,172.168.1.8
      273,15/06/2019,07:36,B,172.168.1.8
      126,15/06/2019,07:38,B,172.168.1.8
      298,15/06/2019,08:01,B,172.168.1.8
      260,15/06/2019,08:20,B,172.168.1.8
      296,15/06/2019,08:30,B,172.168.1.8
      255,15/06/2019,08:38,B,172.168.1.8
       18,15/06/2019,08:39,B,172.168.1.8
       14,15/06/2019,08:50,B,172.168.1.8
      119,15/06/2019,08:51,B,172.168.1.8
       23,15/06/2019,08:58,B,172.168.1.8
      120,15/06/2019,08:59,B,172.168.1.8
      115,15/06/2019,08:59,B,172.168.1.8
       20,15/06/2019,09:07,B,172.168.1.8
       32,15/06/2019,09:20,B,172.168.1.8
       12,15/06/2019,09:20,B,172.168.1.8
      268,15/06/2019,09:24,B,172.168.1.8
      118,15/06/2019,09:24,B,172.168.1.8
       27,15/06/2019,09:25,B,172.168.1.8
      312,15/06/2019,09:27,B,172.168.1.8
      254,15/06/2019,09:48,B,172.168.1.8
      116,15/06/2019,09:49,B,172.168.1.8
      128,15/06/2019,09:52,B,172.168.1.8
      112,15/06/2019,09:52,B,172.168.1.8
      122,15/06/2019,09:52,B,172.168.1.8
      303,15/06/2019,09:56,B,172.168.1.8
      297,15/06/2019,09:58,B,172.168.1.8
      109,15/06/2019,09:58,B,172.168.1.8
      110,15/06/2019,09:58,B,172.168.1.8
      114,15/06/2019,09:59,B,172.168.1.8
      271,15/06/2019,10:02,B,172.168.1.8
      295,15/06/2019,10:02,B,172.168.1.8
      280,15/06/2019,10:02,B,172.168.1.8
      117,15/06/2019,10:06,B,172.168.1.8
      290,15/06/2019,10:07,B,172.168.1.8
      131,15/06/2019,10:10,B,172.168.1.8
        2,15/06/2019,10:12,B,172.168.1.8
       21,15/06/2019,10:12,B,172.168.1.8
        5,15/06/2019,10:16,B,172.168.1.8
        1,15/06/2019,10:18,B,172.168.1.8
       24,15/06/2019,10:23,B,172.168.1.8
      101,15/06/2019,10:24,B,172.168.1.8
      123,15/06/2019,10:26,B,172.168.1.8
       16,15/06/2019,10:28,B,172.168.1.8
        8,15/06/2019,10:29,B,172.168.1.8
       26,15/06/2019,10:29,B,172.168.1.8
      106,15/06/2019,10:29,B,172.168.1.8
      261,15/06/2019,10:35,B,172.168.1.8
        9,15/06/2019,10:37,B,172.168.1.8
       17,15/06/2019,10:38,B,172.168.1.8
      293,15/06/2019,10:50,B,172.168.1.8
       11,15/06/2019,10:51,B,172.168.1.8
       35,15/06/2019,10:57,B,172.168.1.8
       72,15/06/2019,10:58,B,172.168.1.8
      251,15/06/2019,11:04,B,172.168.1.8
       22,15/06/2019,11:13,B,172.168.1.8
       10,15/06/2019,11:28,B,172.168.1.8
       30,15/06/2019,11:29,B,172.168.1.8
       18,15/06/2019,11:37,B,172.168.1.8
       19,15/06/2019,11:47,B,172.168.1.8
      303,15/06/2019,12:02,B,172.168.1.8
      258,15/06/2019,12:13,B,172.168.1.8
       28,15/06/2019,12:26,B,172.168.1.8
        5,15/06/2019,12:38,B,172.168.1.8
       72,15/06/2019,12:40,B,172.168.1.8
      289,15/06/2019,12:50,B,172.168.1.8
       24,15/06/2019,12:55,B,172.168.1.8
       16,15/06/2019,13:00,B,172.168.1.8
      312,15/06/2019,13:03,B,172.168.1.8
        8,15/06/2019,13:10,B,172.168.1.8
       27,15/06/2019,13:21,B,172.168.1.8
       23,15/06/2019,13:23,B,172.168.1.8
       17,15/06/2019,13:31,B,172.168.1.8
      256,15/06/2019,13:31,B,172.168.1.8
       12,15/06/2019,13:34,B,172.168.1.8
       11,15/06/2019,13:43,B,172.168.1.8
        9,15/06/2019,13:43,B,172.168.1.8
       21,15/06/2019,13:44,B,172.168.1.8
       22,15/06/2019,13:47,B,172.168.1.8
        2,15/06/2019,13:54,B,172.168.1.8
       10,15/06/2019,15:15,B,172.168.1.8
       26,15/06/2019,15:30,B,172.168.1.8
       29,15/06/2019,15:36,B,172.168.1.8
       20,15/06/2019,15:44,B,172.168.1.8
       28,15/06/2019,15:52,B,172.168.1.8
       19,15/06/2019,15:53,B,172.168.1.8
      298,15/06/2019,15:55,B,172.168.1.8
      280,15/06/2019,16:03,B,172.168.1.8
      122,15/06/2019,16:16,B,172.168.1.8
       30,15/06/2019,16:17,B,172.168.1.8
       35,15/06/2019,16:20,B,172.168.1.8
       14,15/06/2019,16:33,B,172.168.1.8
        1,15/06/2019,16:38,B,172.168.1.8
      119,15/06/2019,16:44,B,172.168.1.8
       32,15/06/2019,16:44,B,172.168.1.8
      121,15/06/2019,16:48,B,172.168.1.8
      121,15/06/2019,16:48,B,172.168.1.8
      128,15/06/2019,17:12,B,172.168.1.8
      110,15/06/2019,17:12,B,172.168.1.8
      131,15/06/2019,17:12,B,172.168.1.8
      109,15/06/2019,17:13,B,172.168.1.8
      296,15/06/2019,17:15,B,172.168.1.8
      289,15/06/2019,17:16,B,172.168.1.8
      268,15/06/2019,17:16,B,172.168.1.8
      261,15/06/2019,17:17,B,172.168.1.8
      271,15/06/2019,17:17,B,172.168.1.8
      297,15/06/2019,17:17,B,172.168.1.8
      295,15/06/2019,17:18,B,172.168.1.8
      120,15/06/2019,17:18,B,172.168.1.8
      271,15/06/2019,17:18,B,172.168.1.8
      118,15/06/2019,17:20,B,172.168.1.8
      118,15/06/2019,17:28,B,172.168.1.8
      123,15/06/2019,17:28,B,172.168.1.8
      254,15/06/2019,17:32,B,172.168.1.8
      273,15/06/2019,17:32,B,172.168.1.8
      115,15/06/2019,17:33,B,172.168.1.8
      251,15/06/2019,17:34,B,172.168.1.8
      112,15/06/2019,17:35,B,172.168.1.8
      255,15/06/2019,17:45,B,172.168.1.8
      256,15/06/2019,17:47,B,172.168.1.8
      293,15/06/2019,17:56,B,172.168.1.8
      116,15/06/2019,17:58,B,172.168.1.8
      258,15/06/2019,17:59,B,172.168.1.8
      106,15/06/2019,18:00,B,172.168.1.8
      293,15/06/2019,18:01,B,172.168.1.8
      290,15/06/2019,18:01,B,172.168.1.8
      260,15/06/2019,20:03,B,172.168.1.8
      126,15/06/2019,21:06,B,172.168.1.8
      126,15/06/2019,21:07,B,172.168.1.8
      115,16/06/2019,08:46,B,172.168.1.8
      260,16/06/2019,09:03,B,172.168.1.8
      126,16/06/2019,09:46,B,172.168.1.8
      114,16/06/2019,10:23,B,172.168.1.8
      273,16/06/2019,10:23,B,172.168.1.8
      256,16/06/2019,10:27,B,172.168.1.8
      121,16/06/2019,11:20,B,172.168.1.8
      121,16/06/2019,15:17,B,172.168.1.8
      121,16/06/2019,15:22,B,172.168.1.8
      256,16/06/2019,16:50,B,172.168.1.8
      260,16/06/2019,18:06,B,172.168.1.8
      114,16/06/2019,18:07,B,172.168.1.8
      290,16/06/2019,18:14,B,172.168.1.8
      290,16/06/2019,18:14,B,172.168.1.8
      126,16/06/2019,18:52,B,172.168.1.8
      121,17/06/2019,07:20,B,172.168.1.8
      214,17/06/2019,07:22,B,172.168.1.8
      126,17/06/2019,07:25,B,172.168.1.8
      215,17/06/2019,07:41,B,172.168.1.8
      273,17/06/2019,07:45,B,172.168.1.8
      205,17/06/2019,07:54,B,172.168.1.8
      255,17/06/2019,08:18,B,172.168.1.8
      298,17/06/2019,08:26,B,172.168.1.8
      260,17/06/2019,08:28,B,172.168.1.8
      312,17/06/2019,08:47,B,172.168.1.8
       23,17/06/2019,08:55,B,172.168.1.8
      115,17/06/2019,08:55,B,172.168.1.8
      208,17/06/2019,08:58,B,172.168.1.8
      204,17/06/2019,08:59,B,172.168.1.8
      119,17/06/2019,09:02,B,172.168.1.8
       64,17/06/2019,09:03,B,172.168.1.8
       17,17/06/2019,09:04,B,172.168.1.8
      120,17/06/2019,09:06,B,172.168.1.8
      207,17/06/2019,09:06,B,172.168.1.8
      216,17/06/2019,09:06,B,172.168.1.8
      212,17/06/2019,09:07,B,172.168.1.8
      203,17/06/2019,09:10,B,172.168.1.8
      268,17/06/2019,09:11,B,172.168.1.8
       12,17/06/2019,09:17,B,172.168.1.8
       32,17/06/2019,09:19,B,172.168.1.8
      254,17/06/2019,09:20,B,172.168.1.8
       25,17/06/2019,09:26,B,172.168.1.8
      209,17/06/2019,09:32,B,172.168.1.8
      213,17/06/2019,09:32,B,172.168.1.8
      118,17/06/2019,09:35,B,172.168.1.8
      123,17/06/2019,09:48,B,172.168.1.8
       11,17/06/2019,09:50,B,172.168.1.8
      256,17/06/2019,09:51,B,172.168.1.8
      116,17/06/2019,09:51,B,172.168.1.8
       16,17/06/2019,09:52,B,172.168.1.8
       18,17/06/2019,09:53,B,172.168.1.8
       14,17/06/2019,09:54,B,172.168.1.8
      112,17/06/2019,09:56,B,172.168.1.8
      297,17/06/2019,10:00,B,172.168.1.8
      109,17/06/2019,10:01,B,172.168.1.8
      110,17/06/2019,10:01,B,172.168.1.8
      289,17/06/2019,10:02,B,172.168.1.8
      117,17/06/2019,10:04,B,172.168.1.8
      128,17/06/2019,10:05,B,172.168.1.8
      303,17/06/2019,10:07,B,172.168.1.8
      258,17/06/2019,10:09,B,172.168.1.8
      310,17/06/2019,10:09,B,172.168.1.8
      211,17/06/2019,10:10,B,172.168.1.8
      271,17/06/2019,10:20,B,172.168.1.8
      295,17/06/2019,10:20,B,172.168.1.8
      114,17/06/2019,10:21,B,172.168.1.8
      127,17/06/2019,10:25,B,172.168.1.8
       35,17/06/2019,10:28,B,172.168.1.8
       72,17/06/2019,10:30,B,172.168.1.8
       26,17/06/2019,10:32,B,172.168.1.8
      129,17/06/2019,10:34,B,172.168.1.8
      251,17/06/2019,10:34,B,172.168.1.8
      101,17/06/2019,10:35,B,172.168.1.8
      293,17/06/2019,10:36,B,172.168.1.8
      261,17/06/2019,10:37,B,172.168.1.8
       24,17/06/2019,10:39,B,172.168.1.8
      131,17/06/2019,10:45,B,172.168.1.8
        5,17/06/2019,10:52,B,172.168.1.8
       10,17/06/2019,10:54,B,172.168.1.8
       28,17/06/2019,11:01,B,172.168.1.8
       21,17/06/2019,11:03,B,172.168.1.8
        8,17/06/2019,11:03,B,172.168.1.8
       30,17/06/2019,11:06,B,172.168.1.8
      106,17/06/2019,11:06,B,172.168.1.8
      206,17/06/2019,11:18,B,172.168.1.8
      202,17/06/2019,11:18,B,172.168.1.8
      201,17/06/2019,11:20,B,172.168.1.8
      210,17/06/2019,11:26,B,172.168.1.8
      205,17/06/2019,11:27,B,172.168.1.8
      215,17/06/2019,11:27,B,172.168.1.8
       22,17/06/2019,11:29,B,172.168.1.8
        9,17/06/2019,11:34,B,172.168.1.8
       27,17/06/2019,12:12,B,172.168.1.8
       64,17/06/2019,12:15,B,172.168.1.8
      311,17/06/2019,12:17,B,172.168.1.8
      214,17/06/2019,12:25,B,172.168.1.8
        2,17/06/2019,12:35,B,172.168.1.8
      212,17/06/2019,12:35,B,172.168.1.8
      216,17/06/2019,12:36,B,172.168.1.8
      207,17/06/2019,12:36,B,172.168.1.8
      203,17/06/2019,12:39,B,172.168.1.8
      208,17/06/2019,12:43,B,172.168.1.8
      204,17/06/2019,12:45,B,172.168.1.8
      209,17/06/2019,12:47,B,172.168.1.8
      213,17/06/2019,12:47,B,172.168.1.8
      209,17/06/2019,12:49,B,172.168.1.8
       28,17/06/2019,13:42,B,172.168.1.8
      202,17/06/2019,13:57,B,172.168.1.8
      201,17/06/2019,13:57,B,172.168.1.8
      211,17/06/2019,13:58,B,172.168.1.8
       16,17/06/2019,14:01,B,172.168.1.8
      210,17/06/2019,14:52,B,172.168.1.8
       12,17/06/2019,14:57,B,172.168.1.8
      121,17/06/2019,15:42,B,172.168.1.8
      312,17/06/2019,15:43,B,172.168.1.8
      303,17/06/2019,15:44,B,172.168.1.8
       72,17/06/2019,15:44,B,172.168.1.8
      311,17/06/2019,15:49,B,172.168.1.8
      126,17/06/2019,15:58,B,172.168.1.8
      298,17/06/2019,16:00,B,172.168.1.8
       32,17/06/2019,16:01,B,172.168.1.8
        5,17/06/2019,16:12,B,172.168.1.8
       35,17/06/2019,16:19,B,172.168.1.8
       24,17/06/2019,16:23,B,172.168.1.8
       19,17/06/2019,16:30,B,172.168.1.8
       18,17/06/2019,16:46,B,172.168.1.8
       17,17/06/2019,16:50,B,172.168.1.8
        9,17/06/2019,16:51,B,172.168.1.8
       11,17/06/2019,16:54,B,172.168.1.8
       23,17/06/2019,16:57,B,172.168.1.8
       25,17/06/2019,16:58,B,172.168.1.8
       10,17/06/2019,17:00,B,172.168.1.8
       29,17/06/2019,17:02,B,172.168.1.8
        2,17/06/2019,17:02,B,172.168.1.8
       14,17/06/2019,17:04,B,172.168.1.8
       21,17/06/2019,17:05,B,172.168.1.8
      110,17/06/2019,17:09,B,172.168.1.8
       22,17/06/2019,17:10,B,172.168.1.8
      110,17/06/2019,17:11,B,172.168.1.8
      109,17/06/2019,17:11,B,172.168.1.8
      261,17/06/2019,17:17,B,172.168.1.8
      127,17/06/2019,17:17,B,172.168.1.8
      289,17/06/2019,17:18,B,172.168.1.8
      271,17/06/2019,17:18,B,172.168.1.8
      251,17/06/2019,17:18,B,172.168.1.8
      297,17/06/2019,17:18,B,172.168.1.8
      120,17/06/2019,17:19,B,172.168.1.8
      295,17/06/2019,17:19,B,172.168.1.8
      268,17/06/2019,17:20,B,172.168.1.8
      123,17/06/2019,17:25,B,172.168.1.8
       27,17/06/2019,17:27,B,172.168.1.8
      129,17/06/2019,17:30,B,172.168.1.8
      118,17/06/2019,17:34,B,172.168.1.8
       30,17/06/2019,17:39,B,172.168.1.8
      273,17/06/2019,17:39,B,172.168.1.8
      114,17/06/2019,17:41,B,172.168.1.8
      256,17/06/2019,17:45,B,172.168.1.8
      280,17/06/2019,17:46,B,172.168.1.8
      101,17/06/2019,17:51,B,172.168.1.8
      258,17/06/2019,17:53,B,172.168.1.8
       26,17/06/2019,18:01,B,172.168.1.8
      255,17/06/2019,18:12,B,172.168.1.8
      106,17/06/2019,18:12,B,172.168.1.8
      293,17/06/2019,18:15,B,172.168.1.8
      112,17/06/2019,18:16,B,172.168.1.8
      112,17/06/2019,18:17,B,172.168.1.8
      255,17/06/2019,18:18,B,172.168.1.8
      310,17/06/2019,18:18,B,172.168.1.8
      117,17/06/2019,18:20,B,172.168.1.8
      116,17/06/2019,18:21,B,172.168.1.8
      106,17/06/2019,18:21,B,172.168.1.8
      254,17/06/2019,19:27,B,172.168.1.8
      115,17/06/2019,19:32,B,172.168.1.8
      128,17/06/2019,19:33,B,172.168.1.8
      260,17/06/2019,19:36,B,172.168.1.8
      119,17/06/2019,21:15,B,172.168.1.8
      126,18/06/2019,07:29,B,172.168.1.8
      121,18/06/2019,07:29,B,172.168.1.8
      273,18/06/2019,07:32,B,172.168.1.8
      205,18/06/2019,08:01,B,172.168.1.8
      260,18/06/2019,08:25,B,172.168.1.8
      214,18/06/2019,08:31,B,172.168.1.8
      296,18/06/2019,08:52,B,172.168.1.8
      208,18/06/2019,08:54,B,172.168.1.8
       23,18/06/2019,08:55,B,172.168.1.8
      115,18/06/2019,08:56,B,172.168.1.8
      212,18/06/2019,09:03,B,172.168.1.8
      216,18/06/2019,09:03,B,172.168.1.8
      207,18/06/2019,09:04,B,172.168.1.8
      268,18/06/2019,09:08,B,172.168.1.8
      298,18/06/2019,09:10,B,172.168.1.8
       25,18/06/2019,09:10,B,172.168.1.8
      312,18/06/2019,09:11,B,172.168.1.8
      255,18/06/2019,09:12,B,172.168.1.8
      119,18/06/2019,09:17,B,172.168.1.8
       30,18/06/2019,09:21,B,172.168.1.8
      303,18/06/2019,09:30,B,172.168.1.8
      303,18/06/2019,09:30,B,172.168.1.8
       32,18/06/2019,09:31,B,172.168.1.8
      206,18/06/2019,09:32,B,172.168.1.8
      203,18/06/2019,09:34,B,172.168.1.8
       12,18/06/2019,09:34,B,172.168.1.8
      280,18/06/2019,09:37,B,172.168.1.8
      254,18/06/2019,09:37,B,172.168.1.8
      209,18/06/2019,09:38,B,172.168.1.8
      213,18/06/2019,09:38,B,172.168.1.8
      204,18/06/2019,09:38,B,172.168.1.8
      116,18/06/2019,09:38,B,172.168.1.8
      112,18/06/2019,09:39,B,172.168.1.8
      202,18/06/2019,09:41,B,172.168.1.8
      117,18/06/2019,09:42,B,172.168.1.8
      123,18/06/2019,09:48,B,172.168.1.8
       35,18/06/2019,09:51,B,172.168.1.8
       11,18/06/2019,09:51,B,172.168.1.8
      256,18/06/2019,09:52,B,172.168.1.8
      297,18/06/2019,09:55,B,172.168.1.8
      290,18/06/2019,09:55,B,172.168.1.8
       16,18/06/2019,09:57,B,172.168.1.8
      109,18/06/2019,09:57,B,172.168.1.8
      110,18/06/2019,09:58,B,172.168.1.8
      289,18/06/2019,10:03,B,172.168.1.8
      118,18/06/2019,10:04,B,172.168.1.8
       28,18/06/2019,10:04,B,172.168.1.8
      310,18/06/2019,10:08,B,172.168.1.8
      258,18/06/2019,10:08,B,172.168.1.8
        8,18/06/2019,10:09,B,172.168.1.8
      114,18/06/2019,10:10,B,172.168.1.8
       24,18/06/2019,10:10,B,172.168.1.8
       72,18/06/2019,10:12,B,172.168.1.8
      271,18/06/2019,10:12,B,172.168.1.8
       18,18/06/2019,10:14,B,172.168.1.8
       18,18/06/2019,10:14,B,172.168.1.8
      211,18/06/2019,10:15,B,172.168.1.8
      127,18/06/2019,10:16,B,172.168.1.8
      101,18/06/2019,10:18,B,172.168.1.8
      201,18/06/2019,10:20,B,172.168.1.8
      131,18/06/2019,10:25,B,172.168.1.8
       14,18/06/2019,10:26,B,172.168.1.8
       26,18/06/2019,10:33,B,172.168.1.8
      215,18/06/2019,10:40,B,172.168.1.8
        9,18/06/2019,10:42,B,172.168.1.8
        1,18/06/2019,10:44,B,172.168.1.8
      293,18/06/2019,10:48,B,172.168.1.8
      261,18/06/2019,10:50,B,172.168.1.8
      251,18/06/2019,10:51,B,172.168.1.8
        5,18/06/2019,11:03,B,172.168.1.8
       29,18/06/2019,11:03,B,172.168.1.8
       10,18/06/2019,11:04,B,172.168.1.8
      210,18/06/2019,11:04,B,172.168.1.8
      106,18/06/2019,11:14,B,172.168.1.8
       27,18/06/2019,11:18,B,172.168.1.8
       21,18/06/2019,11:19,B,172.168.1.8
       19,18/06/2019,11:27,B,172.168.1.8
       22,18/06/2019,11:39,B,172.168.1.8
        2,18/06/2019,11:49,B,172.168.1.8
        2,18/06/2019,11:50,B,172.168.1.8
      128,18/06/2019,11:52,B,172.168.1.8
      305,18/06/2019,11:54,B,172.168.1.8
      205,18/06/2019,13:02,B,172.168.1.8
      205,18/06/2019,13:02,B,172.168.1.8
      214,18/06/2019,13:27,B,172.168.1.8
      208,18/06/2019,13:54,B,172.168.1.8
      129,18/06/2019,13:58,B,172.168.1.8
      206,18/06/2019,14:00,B,172.168.1.8
      204,18/06/2019,14:02,B,172.168.1.8
      209,18/06/2019,14:02,B,172.168.1.8
      213,18/06/2019,14:03,B,172.168.1.8
      216,18/06/2019,14:11,B,172.168.1.8
      207,18/06/2019,14:11,B,172.168.1.8
      212,18/06/2019,14:13,B,172.168.1.8
      202,18/06/2019,14:25,B,172.168.1.8
      215,18/06/2019,14:33,B,172.168.1.8
      203,18/06/2019,14:39,B,172.168.1.8
      201,18/06/2019,14:40,B,172.168.1.8
      312,18/06/2019,15:01,B,172.168.1.8
       35,18/06/2019,15:06,B,172.168.1.8
      211,18/06/2019,15:15,B,172.168.1.8
      121,18/06/2019,15:20,B,172.168.1.8
      305,18/06/2019,15:28,B,172.168.1.8
       16,18/06/2019,15:39,B,172.168.1.8
      210,18/06/2019,15:41,B,172.168.1.8
      210,18/06/2019,15:44,B,172.168.1.8
        5,18/06/2019,15:55,B,172.168.1.8
      126,18/06/2019,16:01,B,172.168.1.8
      298,18/06/2019,16:10,B,172.168.1.8
       72,18/06/2019,16:20,B,172.168.1.8
      303,18/06/2019,16:21,B,172.168.1.8
        9,18/06/2019,16:27,B,172.168.1.8
       24,18/06/2019,16:30,B,172.168.1.8
        9,18/06/2019,16:30,B,172.168.1.8
       29,18/06/2019,16:33,B,172.168.1.8
       26,18/06/2019,16:36,B,172.168.1.8
       10,18/06/2019,16:37,B,172.168.1.8
       14,18/06/2019,16:42,B,172.168.1.8
       28,18/06/2019,16:43,B,172.168.1.8
       23,18/06/2019,16:48,B,172.168.1.8
       11,18/06/2019,16:50,B,172.168.1.8
       32,18/06/2019,16:53,B,172.168.1.8
       21,18/06/2019,16:55,B,172.168.1.8
       25,18/06/2019,16:57,B,172.168.1.8
       22,18/06/2019,16:59,B,172.168.1.8
       12,18/06/2019,16:59,B,172.168.1.8
       27,18/06/2019,17:00,B,172.168.1.8
       18,18/06/2019,17:06,B,172.168.1.8
       18,18/06/2019,17:06,B,172.168.1.8
      268,18/06/2019,17:09,B,172.168.1.8
      296,18/06/2019,17:11,B,172.168.1.8
       19,18/06/2019,17:11,B,172.168.1.8
      127,18/06/2019,17:13,B,172.168.1.8
      110,18/06/2019,17:14,B,172.168.1.8
      109,18/06/2019,17:14,B,172.168.1.8
      131,18/06/2019,17:14,B,172.168.1.8
      261,18/06/2019,17:18,B,172.168.1.8
      297,18/06/2019,17:23,B,172.168.1.8
        8,18/06/2019,17:23,B,172.168.1.8
      129,18/06/2019,17:25,B,172.168.1.8
      289,18/06/2019,17:27,B,172.168.1.8
      271,18/06/2019,17:28,B,172.168.1.8
      251,18/06/2019,17:29,B,172.168.1.8
      118,18/06/2019,17:35,B,172.168.1.8
      123,18/06/2019,17:45,B,172.168.1.8
      280,18/06/2019,17:45,B,172.168.1.8
      273,18/06/2019,17:46,B,172.168.1.8
      114,18/06/2019,17:46,B,172.168.1.8
      258,18/06/2019,17:46,B,172.168.1.8
       30,18/06/2019,17:50,B,172.168.1.8
      260,18/06/2019,18:00,B,172.168.1.8
      117,18/06/2019,18:03,B,172.168.1.8
      116,18/06/2019,18:04,B,172.168.1.8
      290,18/06/2019,18:08,B,172.168.1.8
      255,18/06/2019,18:10,B,172.168.1.8
      293,18/06/2019,18:10,B,172.168.1.8
      112,18/06/2019,18:10,B,172.168.1.8
      310,18/06/2019,18:17,B,172.168.1.8
      293,18/06/2019,18:18,B,172.168.1.8
      293,18/06/2019,18:18,B,172.168.1.8
      112,18/06/2019,18:19,B,172.168.1.8
      310,18/06/2019,18:20,B,172.168.1.8
      106,18/06/2019,18:23,B,172.168.1.8
      254,18/06/2019,19:38,B,172.168.1.8
      115,18/06/2019,19:40,B,172.168.1.8
      128,18/06/2019,19:41,B,172.168.1.8
      101,18/06/2019,19:48,B,172.168.1.8
        1,18/06/2019,19:49,B,172.168.1.8
      256,18/06/2019,20:50,B,172.168.1.8
      119,18/06/2019,20:50,B,172.168.1.8
      126,19/06/2019,07:09,B,172.168.1.8
      273,19/06/2019,07:32,B,172.168.1.8
      255,19/06/2019,07:55,B,172.168.1.8
      296,19/06/2019,08:17,B,172.168.1.8
      260,19/06/2019,08:31,B,172.168.1.8
      301,19/06/2019,08:32,B,172.168.1.8
      312,19/06/2019,08:45,B,172.168.1.8
      115,19/06/2019,08:55,B,172.168.1.8
       11,19/06/2019,08:57,B,172.168.1.8
       32,19/06/2019,09:04,B,172.168.1.8
      119,19/06/2019,09:12,B,172.168.1.8
       23,19/06/2019,09:13,B,172.168.1.8
      215,19/06/2019,09:14,B,172.168.1.8
      268,19/06/2019,09:16,B,172.168.1.8
       30,19/06/2019,09:19,B,172.168.1.8
       14,19/06/2019,09:23,B,172.168.1.8
       25,19/06/2019,09:24,B,172.168.1.8
       28,19/06/2019,09:30,B,172.168.1.8
       12,19/06/2019,09:37,B,172.168.1.8
      254,19/06/2019,09:38,B,172.168.1.8
      117,19/06/2019,09:44,B,172.168.1.8
      116,19/06/2019,09:46,B,172.168.1.8
      128,19/06/2019,09:49,B,172.168.1.8
      256,19/06/2019,09:51,B,172.168.1.8
      201,19/06/2019,09:52,B,172.168.1.8
      214,19/06/2019,09:53,B,172.168.1.8
      209,19/06/2019,09:53,B,172.168.1.8
      213,19/06/2019,09:53,B,172.168.1.8
      114,19/06/2019,09:54,B,172.168.1.8
      211,19/06/2019,09:54,B,172.168.1.8
      109,19/06/2019,09:56,B,172.168.1.8
      110,19/06/2019,09:56,B,172.168.1.8
      206,19/06/2019,09:56,B,172.168.1.8
      127,19/06/2019,09:58,B,172.168.1.8
      112,19/06/2019,10:00,B,172.168.1.8
       16,19/06/2019,10:00,B,172.168.1.8
      280,19/06/2019,10:01,B,172.168.1.8
      297,19/06/2019,10:02,B,172.168.1.8
       18,19/06/2019,10:03,B,172.168.1.8
      271,19/06/2019,10:10,B,172.168.1.8
      258,19/06/2019,10:10,B,172.168.1.8
      310,19/06/2019,10:10,B,172.168.1.8
      289,19/06/2019,10:11,B,172.168.1.8
      204,19/06/2019,10:11,B,172.168.1.8
      290,19/06/2019,10:12,B,172.168.1.8
       72,19/06/2019,10:12,B,172.168.1.8
      203,19/06/2019,10:15,B,172.168.1.8
      202,19/06/2019,10:19,B,172.168.1.8
      207,19/06/2019,10:19,B,172.168.1.8
      212,19/06/2019,10:20,B,172.168.1.8
      208,19/06/2019,10:20,B,172.168.1.8
      101,19/06/2019,10:23,B,172.168.1.8
      123,19/06/2019,10:27,B,172.168.1.8
       26,19/06/2019,10:27,B,172.168.1.8
      205,19/06/2019,10:30,B,172.168.1.8
      205,19/06/2019,10:30,B,172.168.1.8
      293,19/06/2019,10:37,B,172.168.1.8
      261,19/06/2019,10:40,B,172.168.1.8
      295,19/06/2019,10:40,B,172.168.1.8
      303,19/06/2019,10:43,B,172.168.1.8
      129,19/06/2019,10:46,B,172.168.1.8
      251,19/06/2019,10:46,B,172.168.1.8
       24,19/06/2019,10:47,B,172.168.1.8
       10,19/06/2019,10:59,B,172.168.1.8
      216,19/06/2019,11:02,B,172.168.1.8
        5,19/06/2019,11:02,B,172.168.1.8
      210,19/06/2019,11:03,B,172.168.1.8
        9,19/06/2019,11:06,B,172.168.1.8
        8,19/06/2019,11:10,B,172.168.1.8
       27,19/06/2019,11:17,B,172.168.1.8
      106,19/06/2019,11:19,B,172.168.1.8
       19,19/06/2019,11:21,B,172.168.1.8
       29,19/06/2019,11:29,B,172.168.1.8
        2,19/06/2019,11:42,B,172.168.1.8
       31,19/06/2019,11:43,B,172.168.1.8
      208,19/06/2019,11:56,B,172.168.1.8
      212,19/06/2019,11:56,B,172.168.1.8
      207,19/06/2019,11:56,B,172.168.1.8
      204,19/06/2019,11:56,B,172.168.1.8
      202,19/06/2019,11:57,B,172.168.1.8
      201,19/06/2019,11:57,B,172.168.1.8
      203,19/06/2019,11:58,B,172.168.1.8
      216,19/06/2019,11:58,B,172.168.1.8
      213,19/06/2019,12:00,B,172.168.1.8
      209,19/06/2019,12:01,B,172.168.1.8
      206,19/06/2019,12:05,B,172.168.1.8
      258,19/06/2019,12:07,B,172.168.1.8
      205,19/06/2019,12:10,B,172.168.1.8
      205,19/06/2019,12:10,B,172.168.1.8
      214,19/06/2019,12:12,B,172.168.1.8
      215,19/06/2019,12:13,B,172.168.1.8
       20,19/06/2019,12:24,B,172.168.1.8
       22,19/06/2019,12:38,B,172.168.1.8
       64,19/06/2019,13:53,B,172.168.1.8
      311,19/06/2019,14:00,B,172.168.1.8
       17,19/06/2019,14:44,B,172.168.1.8
      119,19/06/2019,15:05,B,172.168.1.8
      119,19/06/2019,15:06,B,172.168.1.8
      110,19/06/2019,15:10,B,172.168.1.8
      211,19/06/2019,15:12,B,172.168.1.8
      128,19/06/2019,15:14,B,172.168.1.8
      303,19/06/2019,15:21,B,172.168.1.8
       72,19/06/2019,15:21,B,172.168.1.8
      256,19/06/2019,15:28,B,172.168.1.8
      260,19/06/2019,15:29,B,172.168.1.8
      255,19/06/2019,15:30,B,172.168.1.8
       64,19/06/2019,15:36,B,172.168.1.8
      301,19/06/2019,15:37,B,172.168.1.8
       16,19/06/2019,15:49,B,172.168.1.8
      210,19/06/2019,15:56,B,172.168.1.8
      312,19/06/2019,16:10,B,172.168.1.8
        5,19/06/2019,16:13,B,172.168.1.8
      114,19/06/2019,16:16,B,172.168.1.8
      123,19/06/2019,16:16,B,172.168.1.8
       22,19/06/2019,16:36,B,172.168.1.8
       12,19/06/2019,16:36,B,172.168.1.8
        9,19/06/2019,16:40,B,172.168.1.8
       28,19/06/2019,16:42,B,172.168.1.8
       27,19/06/2019,16:44,B,172.168.1.8
       23,19/06/2019,16:49,B,172.168.1.8
       14,19/06/2019,16:49,B,172.168.1.8
       19,19/06/2019,16:58,B,172.168.1.8
       25,19/06/2019,16:59,B,172.168.1.8
      109,19/06/2019,16:59,B,172.168.1.8
      129,19/06/2019,17:00,B,172.168.1.8
       24,19/06/2019,17:01,B,172.168.1.8
       32,19/06/2019,17:03,B,172.168.1.8
      289,19/06/2019,17:04,B,172.168.1.8
       11,19/06/2019,17:07,B,172.168.1.8
      295,19/06/2019,17:09,B,172.168.1.8
      271,19/06/2019,17:09,B,172.168.1.8
       10,19/06/2019,17:10,B,172.168.1.8
      297,19/06/2019,17:12,B,172.168.1.8
      261,19/06/2019,17:16,B,172.168.1.8
      268,19/06/2019,17:17,B,172.168.1.8
      127,19/06/2019,17:20,B,172.168.1.8
      280,19/06/2019,17:37,B,172.168.1.8
      296,19/06/2019,17:37,B,172.168.1.8
      273,19/06/2019,17:39,B,172.168.1.8
       26,19/06/2019,17:53,B,172.168.1.8
       30,19/06/2019,17:57,B,172.168.1.8
       30,19/06/2019,17:57,B,172.168.1.8
      117,19/06/2019,17:59,B,172.168.1.8
      116,19/06/2019,17:59,B,172.168.1.8
      296,19/06/2019,18:01,B,172.168.1.8
      310,19/06/2019,18:02,B,172.168.1.8
        2,19/06/2019,18:05,B,172.168.1.8
      112,19/06/2019,18:13,B,172.168.1.8
      115,19/06/2019,18:13,B,172.168.1.8
      254,19/06/2019,18:13,B,172.168.1.8
      101,19/06/2019,18:13,B,172.168.1.8
      112,19/06/2019,18:19,B,172.168.1.8
      293,19/06/2019,18:25,B,172.168.1.8
      106,19/06/2019,18:29,B,172.168.1.8
      106,19/06/2019,18:30,B,172.168.1.8
      310,19/06/2019,18:30,B,172.168.1.8
      290,19/06/2019,18:31,B,172.168.1.8
        1,19/06/2019,18:36,B,172.168.1.8
      126,19/06/2019,20:48,B,172.168.1.8
      121,20/06/2019,07:18,B,172.168.1.8
      126,20/06/2019,07:19,B,172.168.1.8
      273,20/06/2019,07:25,B,172.168.1.8
      214,20/06/2019,07:26,B,172.168.1.8
      215,20/06/2019,07:46,B,172.168.1.8
      216,20/06/2019,07:48,B,172.168.1.8
      208,20/06/2019,07:56,B,172.168.1.8
      255,20/06/2019,08:00,B,172.168.1.8
      202,20/06/2019,08:00,B,172.168.1.8
      118,20/06/2019,08:04,B,172.168.1.8
      205,20/06/2019,08:12,B,172.168.1.8
      296,20/06/2019,08:19,B,172.168.1.8
      260,20/06/2019,08:20,B,172.168.1.8
      212,20/06/2019,08:25,B,172.168.1.8
      209,20/06/2019,08:31,B,172.168.1.8
      213,20/06/2019,08:32,B,172.168.1.8
      301,20/06/2019,08:40,B,172.168.1.8
      207,20/06/2019,08:44,B,172.168.1.8
      119,20/06/2019,08:48,B,172.168.1.8
      115,20/06/2019,08:50,B,172.168.1.8
      120,20/06/2019,08:51,B,172.168.1.8
      312,20/06/2019,08:54,B,172.168.1.8
       23,20/06/2019,08:55,B,172.168.1.8
       25,20/06/2019,09:16,B,172.168.1.8
      280,20/06/2019,09:21,B,172.168.1.8
      268,20/06/2019,09:22,B,172.168.1.8
       32,20/06/2019,09:27,B,172.168.1.8
       30,20/06/2019,09:28,B,172.168.1.8
       12,20/06/2019,09:31,B,172.168.1.8
      256,20/06/2019,09:34,B,172.168.1.8
       14,20/06/2019,09:35,B,172.168.1.8
       20,20/06/2019,09:36,B,172.168.1.8
       26,20/06/2019,09:37,B,172.168.1.8
      203,20/06/2019,09:39,B,172.168.1.8
      254,20/06/2019,09:40,B,172.168.1.8
      123,20/06/2019,09:42,B,172.168.1.8
      211,20/06/2019,09:46,B,172.168.1.8
      116,20/06/2019,09:47,B,172.168.1.8
       21,20/06/2019,09:47,B,172.168.1.8
      128,20/06/2019,09:47,B,172.168.1.8
      117,20/06/2019,09:48,B,172.168.1.8
      201,20/06/2019,09:48,B,172.168.1.8
      128,20/06/2019,09:48,B,172.168.1.8
       17,20/06/2019,09:49,B,172.168.1.8
      271,20/06/2019,09:49,B,172.168.1.8
      289,20/06/2019,09:49,B,172.168.1.8
      206,20/06/2019,09:50,B,172.168.1.8
      297,20/06/2019,09:51,B,172.168.1.8
      109,20/06/2019,09:52,B,172.168.1.8
      110,20/06/2019,09:52,B,172.168.1.8
      127,20/06/2019,09:54,B,172.168.1.8
      204,20/06/2019,09:56,B,172.168.1.8
      303,20/06/2019,09:57,B,172.168.1.8
      112,20/06/2019,09:59,B,172.168.1.8
       11,20/06/2019,10:08,B,172.168.1.8
      258,20/06/2019,10:09,B,172.168.1.8
      114,20/06/2019,10:11,B,172.168.1.8
       36,20/06/2019,10:14,B,172.168.1.8
      310,20/06/2019,10:16,B,172.168.1.8
      101,20/06/2019,10:17,B,172.168.1.8
       28,20/06/2019,10:23,B,172.168.1.8
      290,20/06/2019,10:26,B,172.168.1.8
      261,20/06/2019,10:32,B,172.168.1.8
       72,20/06/2019,10:32,B,172.168.1.8
      251,20/06/2019,10:35,B,172.168.1.8
      295,20/06/2019,10:36,B,172.168.1.8
       18,20/06/2019,10:36,B,172.168.1.8
        1,20/06/2019,10:37,B,172.168.1.8
      293,20/06/2019,10:38,B,172.168.1.8
       24,20/06/2019,10:40,B,172.168.1.8
      129,20/06/2019,10:44,B,172.168.1.8
      215,20/06/2019,11:13,B,172.168.1.8
       19,20/06/2019,11:15,B,172.168.1.8
       16,20/06/2019,11:23,B,172.168.1.8
        8,20/06/2019,11:26,B,172.168.1.8
       10,20/06/2019,11:30,B,172.168.1.8
       22,20/06/2019,11:35,B,172.168.1.8
      106,20/06/2019,11:42,B,172.168.1.8
      305,20/06/2019,11:56,B,172.168.1.8
      214,20/06/2019,11:58,B,172.168.1.8
        2,20/06/2019,12:33,B,172.168.1.8
        9,20/06/2019,12:34,B,172.168.1.8
      208,20/06/2019,12:55,B,172.168.1.8
      202,20/06/2019,13:10,B,172.168.1.8
      203,20/06/2019,13:10,B,172.168.1.8
      205,20/06/2019,13:12,B,172.168.1.8
      205,20/06/2019,13:12,B,172.168.1.8
       30,20/06/2019,13:14,B,172.168.1.8
      206,20/06/2019,13:30,B,172.168.1.8
      204,20/06/2019,13:30,B,172.168.1.8
      213,20/06/2019,13:31,B,172.168.1.8
      209,20/06/2019,13:31,B,172.168.1.8
      201,20/06/2019,13:47,B,172.168.1.8
      211,20/06/2019,14:15,B,172.168.1.8
      211,20/06/2019,14:16,B,172.168.1.8
       12,20/06/2019,14:24,B,172.168.1.8
       64,20/06/2019,14:50,B,172.168.1.8
      312,20/06/2019,14:52,B,172.168.1.8
      126,20/06/2019,15:05,B,172.168.1.8
       21,20/06/2019,15:13,B,172.168.1.8
      121,20/06/2019,15:20,B,172.168.1.8
      303,20/06/2019,15:22,B,172.168.1.8
      301,20/06/2019,15:30,B,172.168.1.8
      303,20/06/2019,15:32,B,172.168.1.8
       23,20/06/2019,15:32,B,172.168.1.8
      305,20/06/2019,15:33,B,172.168.1.8
      303,20/06/2019,15:50,B,172.168.1.8
       72,20/06/2019,15:52,B,172.168.1.8
       18,20/06/2019,16:27,B,172.168.1.8
       18,20/06/2019,16:27,B,172.168.1.8
       14,20/06/2019,16:27,B,172.168.1.8
      303,20/06/2019,16:28,B,172.168.1.8
      303,20/06/2019,16:28,B,172.168.1.8
       64,20/06/2019,16:36,B,172.168.1.8
      119,20/06/2019,16:39,B,172.168.1.8
       29,20/06/2019,16:51,B,172.168.1.8
       28,20/06/2019,16:51,B,172.168.1.8
       19,20/06/2019,16:56,B,172.168.1.8
       25,20/06/2019,16:59,B,172.168.1.8
      127,20/06/2019,17:00,B,172.168.1.8
       16,20/06/2019,17:02,B,172.168.1.8
       11,20/06/2019,17:03,B,172.168.1.8
       17,20/06/2019,17:03,B,172.168.1.8
       32,20/06/2019,17:04,B,172.168.1.8
       22,20/06/2019,17:07,B,172.168.1.8
        2,20/06/2019,17:07,B,172.168.1.8
        9,20/06/2019,17:08,B,172.168.1.8
      261,20/06/2019,17:11,B,172.168.1.8
      110,20/06/2019,17:11,B,172.168.1.8
      109,20/06/2019,17:12,B,172.168.1.8
      116,20/06/2019,17:12,B,172.168.1.8
      120,20/06/2019,17:13,B,172.168.1.8
      118,20/06/2019,17:20,B,172.168.1.8
      293,20/06/2019,17:21,B,172.168.1.8
      268,20/06/2019,17:23,B,172.168.1.8
      280,20/06/2019,17:24,B,172.168.1.8
      295,20/06/2019,17:24,B,172.168.1.8
      274,20/06/2019,17:25,B,172.168.1.8
      297,20/06/2019,17:27,B,172.168.1.8
      258,20/06/2019,17:31,B,172.168.1.8
       26,20/06/2019,17:41,B,172.168.1.8
       10,20/06/2019,17:42,B,172.168.1.8
      296,20/06/2019,17:47,B,172.168.1.8
      289,20/06/2019,17:48,B,172.168.1.8
      271,20/06/2019,17:48,B,172.168.1.8
      112,20/06/2019,17:51,B,172.168.1.8
      112,20/06/2019,17:52,B,172.168.1.8
      117,20/06/2019,18:08,B,172.168.1.8
      251,20/06/2019,18:14,B,172.168.1.8
      254,20/06/2019,18:15,B,172.168.1.8
      290,20/06/2019,18:16,B,172.168.1.8
      115,20/06/2019,18:16,B,172.168.1.8
      101,20/06/2019,18:16,B,172.168.1.8
      106,20/06/2019,18:17,B,172.168.1.8
      117,20/06/2019,18:18,B,172.168.1.8
      129,20/06/2019,18:20,B,172.168.1.8
      128,20/06/2019,18:20,B,172.168.1.8
      310,20/06/2019,18:20,B,172.168.1.8
        8,20/06/2019,18:27,B,172.168.1.8
       24,20/06/2019,18:27,B,172.168.1.8
      310,20/06/2019,18:29,B,172.168.1.8
      114,20/06/2019,18:34,B,172.168.1.8
      256,20/06/2019,18:34,B,172.168.1.8
      260,20/06/2019,18:35,B,172.168.1.8
      256,20/06/2019,18:35,B,172.168.1.8
      255,20/06/2019,18:36,B,172.168.1.8
      123,20/06/2019,20:27,B,172.168.1.8
      121,21/06/2019,07:14,B,172.168.1.8
      273,21/06/2019,07:24,B,172.168.1.8
      126,21/06/2019,07:30,B,172.168.1.8
      205,21/06/2019,07:44,B,172.168.1.8
      207,21/06/2019,07:49,B,172.168.1.8
      202,21/06/2019,08:05,B,172.168.1.8
      215,21/06/2019,08:06,B,172.168.1.8
      208,21/06/2019,08:09,B,172.168.1.8
      296,21/06/2019,08:15,B,172.168.1.8
      260,21/06/2019,08:19,B,172.168.1.8
      298,21/06/2019,08:21,B,172.168.1.8
      214,21/06/2019,08:35,B,172.168.1.8
      255,21/06/2019,08:35,B,172.168.1.8
       14,21/06/2019,08:46,B,172.168.1.8
      119,21/06/2019,08:47,B,172.168.1.8
      116,21/06/2019,08:51,B,172.168.1.8
      115,21/06/2019,08:52,B,172.168.1.8
       23,21/06/2019,08:53,B,172.168.1.8
      118,21/06/2019,08:54,B,172.168.1.8
      120,21/06/2019,09:00,B,172.168.1.8
       64,21/06/2019,09:00,B,172.168.1.8
      203,21/06/2019,09:04,B,172.168.1.8
      268,21/06/2019,09:09,B,172.168.1.8
      118,21/06/2019,09:19,B,172.168.1.8
       12,21/06/2019,09:21,B,172.168.1.8
      112,21/06/2019,09:24,B,172.168.1.8
       25,21/06/2019,09:24,B,172.168.1.8
      206,21/06/2019,09:25,B,172.168.1.8
      209,21/06/2019,09:32,B,172.168.1.8
        1,21/06/2019,09:32,B,172.168.1.8
       36,21/06/2019,09:33,B,172.168.1.8
      204,21/06/2019,09:34,B,172.168.1.8
       20,21/06/2019,09:34,B,172.168.1.8
      254,21/06/2019,09:37,B,172.168.1.8
      117,21/06/2019,09:39,B,172.168.1.8
      201,21/06/2019,09:39,B,172.168.1.8
      114,21/06/2019,09:40,B,172.168.1.8
      211,21/06/2019,09:42,B,172.168.1.8
       21,21/06/2019,09:45,B,172.168.1.8
      213,21/06/2019,09:45,B,172.168.1.8
      216,21/06/2019,09:45,B,172.168.1.8
        8,21/06/2019,09:46,B,172.168.1.8
      310,21/06/2019,09:47,B,172.168.1.8
      128,21/06/2019,09:49,B,172.168.1.8
      271,21/06/2019,09:49,B,172.168.1.8
      310,21/06/2019,09:50,B,172.168.1.8
      109,21/06/2019,09:56,B,172.168.1.8
      110,21/06/2019,09:56,B,172.168.1.8
      256,21/06/2019,09:58,B,172.168.1.8
      297,21/06/2019,09:58,B,172.168.1.8
      101,21/06/2019,10:03,B,172.168.1.8
       19,21/06/2019,10:07,B,172.168.1.8
      289,21/06/2019,10:08,B,172.168.1.8
      290,21/06/2019,10:08,B,172.168.1.8
      290,21/06/2019,10:08,B,172.168.1.8
      131,21/06/2019,10:13,B,172.168.1.8
       17,21/06/2019,10:16,B,172.168.1.8
      127,21/06/2019,10:17,B,172.168.1.8
      301,21/06/2019,10:18,B,172.168.1.8
       72,21/06/2019,10:23,B,172.168.1.8
      261,21/06/2019,10:24,B,172.168.1.8
      295,21/06/2019,10:24,B,172.168.1.8
       28,21/06/2019,10:26,B,172.168.1.8
       26,21/06/2019,10:29,B,172.168.1.8
      129,21/06/2019,10:31,B,172.168.1.8
      251,21/06/2019,10:33,B,172.168.1.8
       29,21/06/2019,10:36,B,172.168.1.8
        2,21/06/2019,10:42,B,172.168.1.8
       30,21/06/2019,10:43,B,172.168.1.8
      303,21/06/2019,10:47,B,172.168.1.8
       11,21/06/2019,10:48,B,172.168.1.8
      215,21/06/2019,10:50,B,172.168.1.8
      214,21/06/2019,10:51,B,172.168.1.8
      210,21/06/2019,10:52,B,172.168.1.8
      293,21/06/2019,10:52,B,172.168.1.8
       22,21/06/2019,11:08,B,172.168.1.8
       10,21/06/2019,11:19,B,172.168.1.8
       27,21/06/2019,11:23,B,172.168.1.8
       18,21/06/2019,11:45,B,172.168.1.8
      207,21/06/2019,11:45,B,172.168.1.8
      208,21/06/2019,11:45,B,172.168.1.8
      216,21/06/2019,11:46,B,172.168.1.8
       64,21/06/2019,12:20,B,172.168.1.8
      258,21/06/2019,12:42,B,172.168.1.8
      205,21/06/2019,12:45,B,172.168.1.8
      205,21/06/2019,12:45,B,172.168.1.8
      202,21/06/2019,13:06,B,172.168.1.8
      204,21/06/2019,13:12,B,172.168.1.8
      206,21/06/2019,13:13,B,172.168.1.8
      213,21/06/2019,13:13,B,172.168.1.8
      209,21/06/2019,13:14,B,172.168.1.8
      211,21/06/2019,13:19,B,172.168.1.8
      110,21/06/2019,13:20,B,172.168.1.8
        9,21/06/2019,13:21,B,172.168.1.8
      201,21/06/2019,14:03,B,172.168.1.8
      203,21/06/2019,14:04,B,172.168.1.8
       24,21/06/2019,14:14,B,172.168.1.8
       72,21/06/2019,14:17,B,172.168.1.8
      128,21/06/2019,14:27,B,172.168.1.8
       16,21/06/2019,14:36,B,172.168.1.8
      303,21/06/2019,14:37,B,172.168.1.8
       36,21/06/2019,14:47,B,172.168.1.8
      301,21/06/2019,14:57,B,172.168.1.8
       20,21/06/2019,15:09,B,172.168.1.8
       21,21/06/2019,15:29,B,172.168.1.8
      210,21/06/2019,15:30,B,172.168.1.8
      121,21/06/2019,15:33,B,172.168.1.8
        8,21/06/2019,15:40,B,172.168.1.8
       29,21/06/2019,15:59,B,172.168.1.8
      126,21/06/2019,16:00,B,172.168.1.8
      298,21/06/2019,16:08,B,172.168.1.8
       28,21/06/2019,16:22,B,172.168.1.8
      117,21/06/2019,16:33,B,172.168.1.8
       24,21/06/2019,16:37,B,172.168.1.8
      119,21/06/2019,16:38,B,172.168.1.8
       14,21/06/2019,16:49,B,172.168.1.8
       27,21/06/2019,16:55,B,172.168.1.8
       25,21/06/2019,16:58,B,172.168.1.8
       11,21/06/2019,17:00,B,172.168.1.8
        9,21/06/2019,17:05,B,172.168.1.8
      268,21/06/2019,17:09,B,172.168.1.8
      289,21/06/2019,17:10,B,172.168.1.8
       19,21/06/2019,17:10,B,172.168.1.8
      109,21/06/2019,17:15,B,172.168.1.8
      116,21/06/2019,17:15,B,172.168.1.8
      129,21/06/2019,17:15,B,172.168.1.8
      131,21/06/2019,17:15,B,172.168.1.8
      261,21/06/2019,17:16,B,172.168.1.8
      120,21/06/2019,17:17,B,172.168.1.8
       10,21/06/2019,17:17,B,172.168.1.8
       26,21/06/2019,17:17,B,172.168.1.8
       22,21/06/2019,17:18,B,172.168.1.8
        2,21/06/2019,17:18,B,172.168.1.8
      118,21/06/2019,17:19,B,172.168.1.8
       32,21/06/2019,17:20,B,172.168.1.8
       17,21/06/2019,17:23,B,172.168.1.8
      297,21/06/2019,17:25,B,172.168.1.8
      271,21/06/2019,17:26,B,172.168.1.8
      123,21/06/2019,17:27,B,172.168.1.8
       12,21/06/2019,17:27,B,172.168.1.8
      295,21/06/2019,17:29,B,172.168.1.8
        1,21/06/2019,17:32,B,172.168.1.8
      254,21/06/2019,17:33,B,172.168.1.8
      115,21/06/2019,17:34,B,172.168.1.8
      251,21/06/2019,17:34,B,172.168.1.8
      258,21/06/2019,17:42,B,172.168.1.8
      114,21/06/2019,17:44,B,172.168.1.8
      273,21/06/2019,17:45,B,172.168.1.8
      101,21/06/2019,17:47,B,172.168.1.8
      256,21/06/2019,17:52,B,172.168.1.8
      296,21/06/2019,18:05,B,172.168.1.8
       30,21/06/2019,18:05,B,172.168.1.8
      310,21/06/2019,18:08,B,172.168.1.8
      310,21/06/2019,18:10,B,172.168.1.8
      290,21/06/2019,18:11,B,172.168.1.8
      293,21/06/2019,18:11,B,172.168.1.8
      112,21/06/2019,18:16,B,172.168.1.8
      255,21/06/2019,21:02,B,172.168.1.8
      260,21/06/2019,21:02,B,172.168.1.8
      121,22/06/2019,07:29,B,172.168.1.8
      273,22/06/2019,07:29,B,172.168.1.8
      126,22/06/2019,07:46,B,172.168.1.8
      207,22/06/2019,07:51,B,172.168.1.8
      213,22/06/2019,07:55,B,172.168.1.8
      208,22/06/2019,08:02,B,172.168.1.8
      260,22/06/2019,08:27,B,172.168.1.8
      205,22/06/2019,08:32,B,172.168.1.8
      212,22/06/2019,08:40,B,172.168.1.8
      312,22/06/2019,08:42,B,172.168.1.8
       16,22/06/2019,08:42,B,172.168.1.8
       18,22/06/2019,08:44,B,172.168.1.8
      202,22/06/2019,08:48,B,172.168.1.8
       36,22/06/2019,08:50,B,172.168.1.8
      201,22/06/2019,08:50,B,172.168.1.8
      115,22/06/2019,08:54,B,172.168.1.8
      119,22/06/2019,08:54,B,172.168.1.8
      120,22/06/2019,08:55,B,172.168.1.8
      268,22/06/2019,09:02,B,172.168.1.8
      209,22/06/2019,09:07,B,172.168.1.8
       17,22/06/2019,09:07,B,172.168.1.8
       25,22/06/2019,09:11,B,172.168.1.8
       30,22/06/2019,09:14,B,172.168.1.8
      112,22/06/2019,09:16,B,172.168.1.8
       23,22/06/2019,09:17,B,172.168.1.8
      214,22/06/2019,09:18,B,172.168.1.8
      298,22/06/2019,09:20,B,172.168.1.8
      254,22/06/2019,09:20,B,172.168.1.8
       32,22/06/2019,09:26,B,172.168.1.8
      122,22/06/2019,09:27,B,172.168.1.8
      204,22/06/2019,09:31,B,172.168.1.8
       12,22/06/2019,09:34,B,172.168.1.8
       20,22/06/2019,09:38,B,172.168.1.8
      206,22/06/2019,09:38,B,172.168.1.8
      117,22/06/2019,09:39,B,172.168.1.8
       27,22/06/2019,09:40,B,172.168.1.8
       27,22/06/2019,09:40,B,172.168.1.8
       14,22/06/2019,09:41,B,172.168.1.8
       24,22/06/2019,09:43,B,172.168.1.8
      116,22/06/2019,09:45,B,172.168.1.8
      256,22/06/2019,09:49,B,172.168.1.8
      256,22/06/2019,09:50,B,172.168.1.8
       11,22/06/2019,09:51,B,172.168.1.8
      289,22/06/2019,10:00,B,172.168.1.8
      271,22/06/2019,10:00,B,172.168.1.8
      213,22/06/2019,10:00,B,172.168.1.8
       21,22/06/2019,10:00,B,172.168.1.8
      114,22/06/2019,10:01,B,172.168.1.8
      297,22/06/2019,10:01,B,172.168.1.8
      110,22/06/2019,10:02,B,172.168.1.8
        5,22/06/2019,10:04,B,172.168.1.8
      211,22/06/2019,10:06,B,172.168.1.8
        8,22/06/2019,10:11,B,172.168.1.8
      128,22/06/2019,10:11,B,172.168.1.8
      258,22/06/2019,10:12,B,172.168.1.8
      310,22/06/2019,10:12,B,172.168.1.8
       72,22/06/2019,10:12,B,172.168.1.8
      131,22/06/2019,10:17,B,172.168.1.8
      261,22/06/2019,10:30,B,172.168.1.8
      290,22/06/2019,10:30,B,172.168.1.8
      101,22/06/2019,10:34,B,172.168.1.8
      255,22/06/2019,10:36,B,172.168.1.8
      251,22/06/2019,10:38,B,172.168.1.8
      215,22/06/2019,10:38,B,172.168.1.8
      208,22/06/2019,10:42,B,172.168.1.8
      293,22/06/2019,10:43,B,172.168.1.8
      203,22/06/2019,10:43,B,172.168.1.8
        2,22/06/2019,10:49,B,172.168.1.8
      207,22/06/2019,10:50,B,172.168.1.8
      205,22/06/2019,10:57,B,172.168.1.8
      205,22/06/2019,10:57,B,172.168.1.8
      210,22/06/2019,10:57,B,172.168.1.8
      205,22/06/2019,11:00,B,172.168.1.8
      205,22/06/2019,11:00,B,172.168.1.8
       22,22/06/2019,11:04,B,172.168.1.8
      201,22/06/2019,11:09,B,172.168.1.8
       18,22/06/2019,11:12,B,172.168.1.8
       18,22/06/2019,11:13,B,172.168.1.8
       16,22/06/2019,11:14,B,172.168.1.8
       19,22/06/2019,11:15,B,172.168.1.8
      202,22/06/2019,11:29,B,172.168.1.8
      204,22/06/2019,11:30,B,172.168.1.8
      209,22/06/2019,11:30,B,172.168.1.8
       10,22/06/2019,11:32,B,172.168.1.8
      212,22/06/2019,11:40,B,172.168.1.8
      214,22/06/2019,11:41,B,172.168.1.8
      206,22/06/2019,11:53,B,172.168.1.8
       26,22/06/2019,11:58,B,172.168.1.8
       12,22/06/2019,12:07,B,172.168.1.8
       28,22/06/2019,12:10,B,172.168.1.8
       20,22/06/2019,12:11,B,172.168.1.8
        5,22/06/2019,12:25,B,172.168.1.8
      312,22/06/2019,12:34,B,172.168.1.8
      211,22/06/2019,12:36,B,172.168.1.8
       72,22/06/2019,12:40,B,172.168.1.8
        9,22/06/2019,12:43,B,172.168.1.8
      203,22/06/2019,12:55,B,172.168.1.8
       29,22/06/2019,12:59,B,172.168.1.8
      215,22/06/2019,13:00,B,172.168.1.8
       11,22/06/2019,13:13,B,172.168.1.8
       14,22/06/2019,13:23,B,172.168.1.8
      210,22/06/2019,13:24,B,172.168.1.8
       27,22/06/2019,13:31,B,172.168.1.8
       30,22/06/2019,13:39,B,172.168.1.8
       23,22/06/2019,13:45,B,172.168.1.8
       24,22/06/2019,13:48,B,172.168.1.8
       22,22/06/2019,14:00,B,172.168.1.8
        2,22/06/2019,14:01,B,172.168.1.8
        8,22/06/2019,14:05,B,172.168.1.8
       17,22/06/2019,14:22,B,172.168.1.8
       32,22/06/2019,14:23,B,172.168.1.8
       37,22/06/2019,14:39,B,172.168.1.8
       10,22/06/2019,15:20,B,172.168.1.8
      121,22/06/2019,15:22,B,172.168.1.8
      121,22/06/2019,15:25,B,172.168.1.8
       28,22/06/2019,15:30,B,172.168.1.8
       26,22/06/2019,15:30,B,172.168.1.8
      298,22/06/2019,15:50,B,172.168.1.8
       19,22/06/2019,15:59,B,172.168.1.8
      289,22/06/2019,16:02,B,172.168.1.8
      271,22/06/2019,16:03,B,172.168.1.8
      112,22/06/2019,16:11,B,172.168.1.8
       21,22/06/2019,16:15,B,172.168.1.8
      256,22/06/2019,16:18,B,172.168.1.8
      101,22/06/2019,16:25,B,172.168.1.8
      110,22/06/2019,16:25,B,172.168.1.8
      254,22/06/2019,16:25,B,172.168.1.8
      261,22/06/2019,16:27,B,172.168.1.8
      128,22/06/2019,16:27,B,172.168.1.8
      120,22/06/2019,16:27,B,172.168.1.8
      122,22/06/2019,16:28,B,172.168.1.8
      118,22/06/2019,16:31,B,172.168.1.8
      268,22/06/2019,16:32,B,172.168.1.8
      258,22/06/2019,16:35,B,172.168.1.8
      297,22/06/2019,16:35,B,172.168.1.8
      251,22/06/2019,16:40,B,172.168.1.8
      116,22/06/2019,16:40,B,172.168.1.8
      119,22/06/2019,16:41,B,172.168.1.8
      131,22/06/2019,16:43,B,172.168.1.8
      260,22/06/2019,16:51,B,172.168.1.8
       25,22/06/2019,16:55,B,172.168.1.8
      290,22/06/2019,17:09,B,172.168.1.8
      310,22/06/2019,17:10,B,172.168.1.8
      117,22/06/2019,17:12,B,172.168.1.8
      293,22/06/2019,17:28,B,172.168.1.8
      293,22/06/2019,17:29,B,172.168.1.8
      273,22/06/2019,17:57,B,172.168.1.8
      114,22/06/2019,17:58,B,172.168.1.8
      255,22/06/2019,21:00,B,172.168.1.8
      126,22/06/2019,21:00,B,172.168.1.8
      255,23/06/2019,08:20,B,172.168.1.8
      126,23/06/2019,08:20,B,172.168.1.8
      126,23/06/2019,08:21,B,172.168.1.8
      126,23/06/2019,08:21,B,172.168.1.8
      260,23/06/2019,08:25,B,172.168.1.8
      114,23/06/2019,11:15,B,172.168.1.8
      255,23/06/2019,15:31,B,172.168.1.8
      260,23/06/2019,15:31,B,172.168.1.8
      255,23/06/2019,15:34,B,172.168.1.8
      260,23/06/2019,15:34,B,172.168.1.8
      114,23/06/2019,16:18,B,172.168.1.8
      126,23/06/2019,19:46,B,172.168.1.8
      126,23/06/2019,19:47,B,172.168.1.8
      121,24/06/2019,06:52,B,172.168.1.8
      214,24/06/2019,07:18,B,172.168.1.8
      273,24/06/2019,07:26,B,172.168.1.8
      126,24/06/2019,07:29,B,172.168.1.8
      216,24/06/2019,07:34,B,172.168.1.8
      215,24/06/2019,07:51,B,172.168.1.8
      205,24/06/2019,07:54,B,172.168.1.8
      205,24/06/2019,07:54,B,172.168.1.8
      255,24/06/2019,08:02,B,172.168.1.8
      212,24/06/2019,08:15,B,172.168.1.8
       11,24/06/2019,08:18,B,172.168.1.8
      296,24/06/2019,08:21,B,172.168.1.8
       64,24/06/2019,08:38,B,172.168.1.8
      202,24/06/2019,08:42,B,172.168.1.8
      312,24/06/2019,08:45,B,172.168.1.8
       23,24/06/2019,08:46,B,172.168.1.8
      119,24/06/2019,08:49,B,172.168.1.8
       32,24/06/2019,08:50,B,172.168.1.8
      115,24/06/2019,08:50,B,172.168.1.8
      260,24/06/2019,08:51,B,172.168.1.8
      120,24/06/2019,08:57,B,172.168.1.8
       17,24/06/2019,09:09,B,172.168.1.8
      118,24/06/2019,09:12,B,172.168.1.8
       20,24/06/2019,09:16,B,172.168.1.8
      203,24/06/2019,09:18,B,172.168.1.8
      122,24/06/2019,09:24,B,172.168.1.8
       25,24/06/2019,09:24,B,172.168.1.8
      268,24/06/2019,09:25,B,172.168.1.8
      206,24/06/2019,09:30,B,172.168.1.8
       14,24/06/2019,09:31,B,172.168.1.8
       36,24/06/2019,09:31,B,172.168.1.8
      201,24/06/2019,09:40,B,172.168.1.8
      254,24/06/2019,09:41,B,172.168.1.8
      207,24/06/2019,09:47,B,172.168.1.8
      213,24/06/2019,09:47,B,172.168.1.8
      209,24/06/2019,09:47,B,172.168.1.8
      123,24/06/2019,09:48,B,172.168.1.8
      117,24/06/2019,09:49,B,172.168.1.8
      109,24/06/2019,09:53,B,172.168.1.8
      110,24/06/2019,09:53,B,172.168.1.8
      297,24/06/2019,09:57,B,172.168.1.8
      256,24/06/2019,09:57,B,172.168.1.8
      211,24/06/2019,09:59,B,172.168.1.8
      128,24/06/2019,10:00,B,172.168.1.8
      303,24/06/2019,10:00,B,172.168.1.8
      289,24/06/2019,10:01,B,172.168.1.8
      290,24/06/2019,10:02,B,172.168.1.8
       28,24/06/2019,10:03,B,172.168.1.8
       72,24/06/2019,10:06,B,172.168.1.8
      280,24/06/2019,10:07,B,172.168.1.8
       24,24/06/2019,10:08,B,172.168.1.8
      271,24/06/2019,10:08,B,172.168.1.8
        5,24/06/2019,10:15,B,172.168.1.8
       10,24/06/2019,10:16,B,172.168.1.8
      116,24/06/2019,10:17,B,172.168.1.8
      127,24/06/2019,10:17,B,172.168.1.8
      114,24/06/2019,10:18,B,172.168.1.8
      101,24/06/2019,10:19,B,172.168.1.8
        1,24/06/2019,10:19,B,172.168.1.8
      258,24/06/2019,10:34,B,172.168.1.8
      261,24/06/2019,10:35,B,172.168.1.8
      293,24/06/2019,10:42,B,172.168.1.8
      131,24/06/2019,10:44,B,172.168.1.8
      295,24/06/2019,10:46,B,172.168.1.8
      112,24/06/2019,10:46,B,172.168.1.8
       22,24/06/2019,10:46,B,172.168.1.8
       12,24/06/2019,10:47,B,172.168.1.8
       67,24/06/2019,10:47,B,172.168.1.8
       26,24/06/2019,11:04,B,172.168.1.8
       21,24/06/2019,11:08,B,172.168.1.8
      311,24/06/2019,11:12,B,172.168.1.8
       16,24/06/2019,11:26,B,172.168.1.8
      106,24/06/2019,11:33,B,172.168.1.8
       30,24/06/2019,11:34,B,172.168.1.8
       64,24/06/2019,12:16,B,172.168.1.8
      251,24/06/2019,12:20,B,172.168.1.8
        9,24/06/2019,12:22,B,172.168.1.8
        2,24/06/2019,12:35,B,172.168.1.8
        2,24/06/2019,12:35,B,172.168.1.8
      205,24/06/2019,12:55,B,172.168.1.8
      205,24/06/2019,12:55,B,172.168.1.8
      215,24/06/2019,12:57,B,172.168.1.8
      214,24/06/2019,12:57,B,172.168.1.8
      202,24/06/2019,13:12,B,172.168.1.8
      212,24/06/2019,13:22,B,172.168.1.8
       37,24/06/2019,13:23,B,172.168.1.8
      216,24/06/2019,13:24,B,172.168.1.8
       67,24/06/2019,14:05,B,172.168.1.8
      203,24/06/2019,14:18,B,172.168.1.8
      201,24/06/2019,14:18,B,172.168.1.8
      206,24/06/2019,14:35,B,172.168.1.8
      211,24/06/2019,14:52,B,172.168.1.8
      213,24/06/2019,15:09,B,172.168.1.8
      209,24/06/2019,15:10,B,172.168.1.8
       20,24/06/2019,15:10,B,172.168.1.8
      121,24/06/2019,15:14,B,172.168.1.8
      207,24/06/2019,15:17,B,172.168.1.8
      303,24/06/2019,15:27,B,172.168.1.8
       72,24/06/2019,15:28,B,172.168.1.8
      298,24/06/2019,15:59,B,172.168.1.8
        5,24/06/2019,16:08,B,172.168.1.8
      312,24/06/2019,16:09,B,172.168.1.8
       24,24/06/2019,16:16,B,172.168.1.8
       10,24/06/2019,16:27,B,172.168.1.8
       11,24/06/2019,16:28,B,172.168.1.8
       17,24/06/2019,16:29,B,172.168.1.8
       23,24/06/2019,16:36,B,172.168.1.8
       21,24/06/2019,16:38,B,172.168.1.8
      119,24/06/2019,16:38,B,172.168.1.8
       28,24/06/2019,16:38,B,172.168.1.8
       26,24/06/2019,16:39,B,172.168.1.8
       16,24/06/2019,16:44,B,172.168.1.8
       18,24/06/2019,16:47,B,172.168.1.8
       19,24/06/2019,16:50,B,172.168.1.8
       25,24/06/2019,16:58,B,172.168.1.8
        9,24/06/2019,17:05,B,172.168.1.8
      118,24/06/2019,17:07,B,172.168.1.8
      122,24/06/2019,17:07,B,172.168.1.8
       22,24/06/2019,17:08,B,172.168.1.8
        2,24/06/2019,17:09,B,172.168.1.8
       14,24/06/2019,17:10,B,172.168.1.8
       36,24/06/2019,17:10,B,172.168.1.8
      289,24/06/2019,17:11,B,172.168.1.8
      110,24/06/2019,17:11,B,172.168.1.8
      109,24/06/2019,17:12,B,172.168.1.8
       12,24/06/2019,17:14,B,172.168.1.8
      127,24/06/2019,17:15,B,172.168.1.8
      261,24/06/2019,17:16,B,172.168.1.8
      120,24/06/2019,17:16,B,172.168.1.8
      271,24/06/2019,17:17,B,172.168.1.8
      297,24/06/2019,17:18,B,172.168.1.8
      295,24/06/2019,17:18,B,172.168.1.8
       32,24/06/2019,17:20,B,172.168.1.8
      128,24/06/2019,17:29,B,172.168.1.8
      296,24/06/2019,17:30,B,172.168.1.8
      114,24/06/2019,17:31,B,172.168.1.8
      101,24/06/2019,17:34,B,172.168.1.8
      254,24/06/2019,17:34,B,172.168.1.8
      115,24/06/2019,17:35,B,172.168.1.8
      251,24/06/2019,17:35,B,172.168.1.8
      273,24/06/2019,17:37,B,172.168.1.8
      131,24/06/2019,17:39,B,172.168.1.8
      112,24/06/2019,17:43,B,172.168.1.8
       30,24/06/2019,17:51,B,172.168.1.8
      117,24/06/2019,17:59,B,172.168.1.8
      258,24/06/2019,18:00,B,172.168.1.8
      255,24/06/2019,18:01,B,172.168.1.8
      106,24/06/2019,18:10,B,172.168.1.8
      293,24/06/2019,18:10,B,172.168.1.8
      290,24/06/2019,18:10,B,172.168.1.8
      260,24/06/2019,18:30,B,172.168.1.8
      126,24/06/2019,22:00,B,172.168.1.8
      126,24/06/2019,22:00,B,172.168.1.8
      121,25/06/2019,07:03,B,172.168.1.8
      126,25/06/2019,07:37,B,172.168.1.8
      273,25/06/2019,07:40,B,172.168.1.8
      205,25/06/2019,07:54,B,172.168.1.8
      255,25/06/2019,07:56,B,172.168.1.8
       51,25/06/2019,07:57,B,172.168.1.8
      207,25/06/2019,07:57,B,172.168.1.8
      215,25/06/2019,07:57,B,172.168.1.8
      208,25/06/2019,08:00,B,172.168.1.8
      202,25/06/2019,08:01,B,172.168.1.8
      216,25/06/2019,08:08,B,172.168.1.8
      212,25/06/2019,08:08,B,172.168.1.8
      298,25/06/2019,08:21,B,172.168.1.8
      260,25/06/2019,08:26,B,172.168.1.8
      296,25/06/2019,08:31,B,172.168.1.8
       23,25/06/2019,08:46,B,172.168.1.8
      120,25/06/2019,08:51,B,172.168.1.8
      112,25/06/2019,08:51,B,172.168.1.8
      119,25/06/2019,08:51,B,172.168.1.8
      115,25/06/2019,08:53,B,172.168.1.8
      214,25/06/2019,08:59,B,172.168.1.8
       18,25/06/2019,09:03,B,172.168.1.8
       18,25/06/2019,09:04,B,172.168.1.8
       11,25/06/2019,09:04,B,172.168.1.8
      206,25/06/2019,09:10,B,172.168.1.8
      312,25/06/2019,09:10,B,172.168.1.8
      213,25/06/2019,09:14,B,172.168.1.8
      203,25/06/2019,09:18,B,172.168.1.8
       32,25/06/2019,09:18,B,172.168.1.8
      122,25/06/2019,09:21,B,172.168.1.8
       25,25/06/2019,09:26,B,172.168.1.8
      123,25/06/2019,09:36,B,172.168.1.8
      254,25/06/2019,09:44,B,172.168.1.8
       12,25/06/2019,09:48,B,172.168.1.8
      256,25/06/2019,09:51,B,172.168.1.8
      271,25/06/2019,09:52,B,172.168.1.8
      211,25/06/2019,09:53,B,172.168.1.8
      131,25/06/2019,09:54,B,172.168.1.8
      109,25/06/2019,09:54,B,172.168.1.8
      110,25/06/2019,09:55,B,172.168.1.8
      297,25/06/2019,09:56,B,172.168.1.8
       35,25/06/2019,09:59,B,172.168.1.8
      289,25/06/2019,10:02,B,172.168.1.8
      295,25/06/2019,10:03,B,172.168.1.8
       72,25/06/2019,10:05,B,172.168.1.8
      116,25/06/2019,10:06,B,172.168.1.8
      117,25/06/2019,10:07,B,172.168.1.8
       26,25/06/2019,10:08,B,172.168.1.8
      280,25/06/2019,10:09,B,172.168.1.8
      258,25/06/2019,10:10,B,172.168.1.8
      114,25/06/2019,10:13,B,172.168.1.8
      201,25/06/2019,10:14,B,172.168.1.8
        1,25/06/2019,10:14,B,172.168.1.8
       14,25/06/2019,10:15,B,172.168.1.8
      209,25/06/2019,10:16,B,172.168.1.8
       21,25/06/2019,10:22,B,172.168.1.8
       36,25/06/2019,10:22,B,172.168.1.8
      101,25/06/2019,10:23,B,172.168.1.8
      101,25/06/2019,10:23,B,172.168.1.8
       28,25/06/2019,10:28,B,172.168.1.8
        2,25/06/2019,10:34,B,172.168.1.8
      261,25/06/2019,10:37,B,172.168.1.8
      303,25/06/2019,10:42,B,172.168.1.8
        5,25/06/2019,10:49,B,172.168.1.8
        5,25/06/2019,10:49,B,172.168.1.8
      293,25/06/2019,10:49,B,172.168.1.8
       20,25/06/2019,10:59,B,172.168.1.8
      106,25/06/2019,11:02,B,172.168.1.8
       17,25/06/2019,11:04,B,172.168.1.8
       19,25/06/2019,11:13,B,172.168.1.8
      251,25/06/2019,11:16,B,172.168.1.8
       27,25/06/2019,11:16,B,172.168.1.8
       22,25/06/2019,11:19,B,172.168.1.8
       24,25/06/2019,11:21,B,172.168.1.8
       30,25/06/2019,11:22,B,172.168.1.8
       10,25/06/2019,11:42,B,172.168.1.8
      305,25/06/2019,12:04,B,172.168.1.8
        9,25/06/2019,12:08,B,172.168.1.8
      205,25/06/2019,12:54,B,172.168.1.8
      202,25/06/2019,13:01,B,172.168.1.8
      215,25/06/2019,13:01,B,172.168.1.8
      215,25/06/2019,13:01,B,172.168.1.8
      212,25/06/2019,13:11,B,172.168.1.8
      207,25/06/2019,13:11,B,172.168.1.8
      216,25/06/2019,13:12,B,172.168.1.8
       14,25/06/2019,14:06,B,172.168.1.8
        2,25/06/2019,14:06,B,172.168.1.8
      211,25/06/2019,14:16,B,172.168.1.8
      203,25/06/2019,14:17,B,172.168.1.8
       36,25/06/2019,14:42,B,172.168.1.8
      312,25/06/2019,14:58,B,172.168.1.8
      201,25/06/2019,15:00,B,172.168.1.8
      214,25/06/2019,15:12,B,172.168.1.8
      213,25/06/2019,15:15,B,172.168.1.8
      209,25/06/2019,15:17,B,172.168.1.8
      213,25/06/2019,15:17,B,172.168.1.8
       35,25/06/2019,15:18,B,172.168.1.8
      303,25/06/2019,15:31,B,172.168.1.8
       72,25/06/2019,15:33,B,172.168.1.8
      121,25/06/2019,15:35,B,172.168.1.8
       21,25/06/2019,15:37,B,172.168.1.8
      126,25/06/2019,15:38,B,172.168.1.8
       23,25/06/2019,15:46,B,172.168.1.8
      305,25/06/2019,15:47,B,172.168.1.8
       32,25/06/2019,15:49,B,172.168.1.8
      298,25/06/2019,16:00,B,172.168.1.8
        5,25/06/2019,16:01,B,172.168.1.8
       10,25/06/2019,16:04,B,172.168.1.8
        9,25/06/2019,16:12,B,172.168.1.8
       28,25/06/2019,16:12,B,172.168.1.8
       26,25/06/2019,16:12,B,172.168.1.8
        9,25/06/2019,16:16,B,172.168.1.8
       11,25/06/2019,16:25,B,172.168.1.8
       17,25/06/2019,16:26,B,172.168.1.8
      119,25/06/2019,16:41,B,172.168.1.8
       20,25/06/2019,16:43,B,172.168.1.8
       19,25/06/2019,16:49,B,172.168.1.8
       25,25/06/2019,16:50,B,172.168.1.8
       24,25/06/2019,16:59,B,172.168.1.8
       22,25/06/2019,17:07,B,172.168.1.8
      122,25/06/2019,17:10,B,172.168.1.8
      110,25/06/2019,17:11,B,172.168.1.8
      289,25/06/2019,17:12,B,172.168.1.8
      109,25/06/2019,17:13,B,172.168.1.8
       37,25/06/2019,17:13,B,172.168.1.8
      271,25/06/2019,17:15,B,172.168.1.8
      295,25/06/2019,17:16,B,172.168.1.8
       27,25/06/2019,17:16,B,172.168.1.8
      131,25/06/2019,17:17,B,172.168.1.8
      261,25/06/2019,17:20,B,172.168.1.8
      120,25/06/2019,17:20,B,172.168.1.8
      297,25/06/2019,17:21,B,172.168.1.8
       18,25/06/2019,17:23,B,172.168.1.8
      123,25/06/2019,17:25,B,172.168.1.8
      296,25/06/2019,17:27,B,172.168.1.8
      251,25/06/2019,17:30,B,172.168.1.8
      116,25/06/2019,17:32,B,172.168.1.8
      101,25/06/2019,17:34,B,172.168.1.8
      115,25/06/2019,17:35,B,172.168.1.8
      254,25/06/2019,17:35,B,172.168.1.8
      273,25/06/2019,17:44,B,172.168.1.8
      114,25/06/2019,17:55,B,172.168.1.8
      280,25/06/2019,17:57,B,172.168.1.8
        8,25/06/2019,18:00,B,172.168.1.8
      293,25/06/2019,18:02,B,172.168.1.8
       30,25/06/2019,18:03,B,172.168.1.8
      106,25/06/2019,18:04,B,172.168.1.8
      117,25/06/2019,18:07,B,172.168.1.8
      256,25/06/2019,18:07,B,172.168.1.8
      258,25/06/2019,18:08,B,172.168.1.8
      260,25/06/2019,18:10,B,172.168.1.8
      255,25/06/2019,22:00,B,172.168.1.8
      112,25/06/2019,22:00,B,172.168.1.8
      255,25/06/2019,22:07,B,172.168.1.8
      112,25/06/2019,22:07,B,172.168.1.8
      126,26/06/2019,07:12,B,172.168.1.8
      121,26/06/2019,07:13,B,172.168.1.8
      273,26/06/2019,07:20,B,172.168.1.8
      214,26/06/2019,07:34,B,172.168.1.8
      215,26/06/2019,07:56,B,172.168.1.8
      216,26/06/2019,08:04,B,172.168.1.8
      205,26/06/2019,08:06,B,172.168.1.8
      205,26/06/2019,08:06,B,172.168.1.8
      208,26/06/2019,08:08,B,172.168.1.8
      202,26/06/2019,08:20,B,172.168.1.8
      296,26/06/2019,08:21,B,172.168.1.8
      207,26/06/2019,08:22,B,172.168.1.8
      207,26/06/2019,08:22,B,172.168.1.8
      212,26/06/2019,08:22,B,172.168.1.8
      255,26/06/2019,08:31,B,172.168.1.8
      260,26/06/2019,08:33,B,172.168.1.8
      298,26/06/2019,08:37,B,172.168.1.8
      301,26/06/2019,08:42,B,172.168.1.8
      312,26/06/2019,08:44,B,172.168.1.8
       23,26/06/2019,08:50,B,172.168.1.8
       11,26/06/2019,08:51,B,172.168.1.8
      115,26/06/2019,08:51,B,172.168.1.8
      213,26/06/2019,08:55,B,172.168.1.8
       32,26/06/2019,08:57,B,172.168.1.8
      120,26/06/2019,09:02,B,172.168.1.8
       21,26/06/2019,09:07,B,172.168.1.8
      209,26/06/2019,09:15,B,172.168.1.8
      122,26/06/2019,09:19,B,172.168.1.8
      203,26/06/2019,09:21,B,172.168.1.8
      268,26/06/2019,09:21,B,172.168.1.8
       30,26/06/2019,09:22,B,172.168.1.8
       12,26/06/2019,09:23,B,172.168.1.8
       14,26/06/2019,09:23,B,172.168.1.8
       25,26/06/2019,09:25,B,172.168.1.8
      254,26/06/2019,09:29,B,172.168.1.8
      280,26/06/2019,09:34,B,172.168.1.8
      128,26/06/2019,09:36,B,172.168.1.8
      117,26/06/2019,09:41,B,172.168.1.8
      127,26/06/2019,09:41,B,172.168.1.8
      256,26/06/2019,09:42,B,172.168.1.8
       28,26/06/2019,09:42,B,172.168.1.8
      123,26/06/2019,09:44,B,172.168.1.8
      131,26/06/2019,09:47,B,172.168.1.8
      211,26/06/2019,09:56,B,172.168.1.8
      114,26/06/2019,09:56,B,172.168.1.8
      297,26/06/2019,09:57,B,172.168.1.8
      109,26/06/2019,09:58,B,172.168.1.8
      110,26/06/2019,09:58,B,172.168.1.8
       20,26/06/2019,09:59,B,172.168.1.8
       36,26/06/2019,10:03,B,172.168.1.8
       35,26/06/2019,10:03,B,172.168.1.8
      201,26/06/2019,10:07,B,172.168.1.8
      271,26/06/2019,10:09,B,172.168.1.8
      116,26/06/2019,10:10,B,172.168.1.8
      290,26/06/2019,10:10,B,172.168.1.8
      206,26/06/2019,10:11,B,172.168.1.8
      112,26/06/2019,10:14,B,172.168.1.8
      303,26/06/2019,10:15,B,172.168.1.8
      101,26/06/2019,10:16,B,172.168.1.8
       72,26/06/2019,10:17,B,172.168.1.8
        1,26/06/2019,10:22,B,172.168.1.8
        5,26/06/2019,10:23,B,172.168.1.8
       10,26/06/2019,10:23,B,172.168.1.8
      295,26/06/2019,10:34,B,172.168.1.8
       24,26/06/2019,10:38,B,172.168.1.8
      293,26/06/2019,10:38,B,172.168.1.8
      261,26/06/2019,10:43,B,172.168.1.8
      210,26/06/2019,10:48,B,172.168.1.8
      251,26/06/2019,10:56,B,172.168.1.8
        8,26/06/2019,11:00,B,172.168.1.8
       26,26/06/2019,11:07,B,172.168.1.8
       19,26/06/2019,11:19,B,172.168.1.8
       27,26/06/2019,11:24,B,172.168.1.8
       18,26/06/2019,11:26,B,172.168.1.8
        2,26/06/2019,11:33,B,172.168.1.8
       22,26/06/2019,11:33,B,172.168.1.8
      106,26/06/2019,11:33,B,172.168.1.8
        9,26/06/2019,11:51,B,172.168.1.8
      205,26/06/2019,12:00,B,172.168.1.8
      205,26/06/2019,12:01,B,172.168.1.8
       31,26/06/2019,12:02,B,172.168.1.8
      215,26/06/2019,13:00,B,172.168.1.8
      215,26/06/2019,13:01,B,172.168.1.8
      214,26/06/2019,13:01,B,172.168.1.8
      202,26/06/2019,13:18,B,172.168.1.8
      208,26/06/2019,13:25,B,172.168.1.8
      212,26/06/2019,13:25,B,172.168.1.8
      207,26/06/2019,13:25,B,172.168.1.8
      216,26/06/2019,13:25,B,172.168.1.8
      311,26/06/2019,13:45,B,172.168.1.8
       64,26/06/2019,14:02,B,172.168.1.8
      213,26/06/2019,14:21,B,172.168.1.8
      209,26/06/2019,14:22,B,172.168.1.8
      209,26/06/2019,14:22,B,172.168.1.8
       21,26/06/2019,14:38,B,172.168.1.8
      203,26/06/2019,14:44,B,172.168.1.8
      201,26/06/2019,14:45,B,172.168.1.8
      211,26/06/2019,15:00,B,172.168.1.8
      206,26/06/2019,15:19,B,172.168.1.8
      303,26/06/2019,15:19,B,172.168.1.8
       20,26/06/2019,15:39,B,172.168.1.8
      126,26/06/2019,15:41,B,172.168.1.8
       72,26/06/2019,15:45,B,172.168.1.8
        5,26/06/2019,15:46,B,172.168.1.8
       64,26/06/2019,15:48,B,172.168.1.8
       11,26/06/2019,15:48,B,172.168.1.8
      210,26/06/2019,15:49,B,172.168.1.8
       35,26/06/2019,15:53,B,172.168.1.8
      298,26/06/2019,16:01,B,172.168.1.8
       12,26/06/2019,16:02,B,172.168.1.8
      311,26/06/2019,16:13,B,172.168.1.8
       23,26/06/2019,16:22,B,172.168.1.8
       28,26/06/2019,16:23,B,172.168.1.8
       26,26/06/2019,16:24,B,172.168.1.8
       24,26/06/2019,16:28,B,172.168.1.8
      312,26/06/2019,16:33,B,172.168.1.8
       10,26/06/2019,16:33,B,172.168.1.8
       11,26/06/2019,16:47,B,172.168.1.8
       27,26/06/2019,16:51,B,172.168.1.8
       32,26/06/2019,16:55,B,172.168.1.8
       25,26/06/2019,16:57,B,172.168.1.8
        9,26/06/2019,17:03,B,172.168.1.8
       19,26/06/2019,17:04,B,172.168.1.8
      110,26/06/2019,17:08,B,172.168.1.8
      127,26/06/2019,17:09,B,172.168.1.8
      122,26/06/2019,17:11,B,172.168.1.8
        2,26/06/2019,17:11,B,172.168.1.8
       22,26/06/2019,17:11,B,172.168.1.8
       14,26/06/2019,17:13,B,172.168.1.8
        8,26/06/2019,17:16,B,172.168.1.8
      109,26/06/2019,17:16,B,172.168.1.8
      120,26/06/2019,17:17,B,172.168.1.8
      261,26/06/2019,17:17,B,172.168.1.8
      131,26/06/2019,17:18,B,172.168.1.8
      297,26/06/2019,17:18,B,172.168.1.8
      123,26/06/2019,17:18,B,172.168.1.8
      268,26/06/2019,17:20,B,172.168.1.8
      295,26/06/2019,17:26,B,172.168.1.8
      271,26/06/2019,17:27,B,172.168.1.8
      260,26/06/2019,17:32,B,172.168.1.8
      273,26/06/2019,17:47,B,172.168.1.8
      114,26/06/2019,17:48,B,172.168.1.8
      280,26/06/2019,17:49,B,172.168.1.8
      296,26/06/2019,17:50,B,172.168.1.8
      117,26/06/2019,18:01,B,172.168.1.8
      116,26/06/2019,18:01,B,172.168.1.8
       30,26/06/2019,18:07,B,172.168.1.8
      290,26/06/2019,18:15,B,172.168.1.8
      290,26/06/2019,18:15,B,172.168.1.8
      106,26/06/2019,18:15,B,172.168.1.8
      290,26/06/2019,18:16,B,172.168.1.8
      293,26/06/2019,18:22,B,172.168.1.8
      254,26/06/2019,18:25,B,172.168.1.8
      251,26/06/2019,18:28,B,172.168.1.8
      118,26/06/2019,18:28,B,172.168.1.8
        1,26/06/2019,18:58,B,172.168.1.8
      101,26/06/2019,19:03,B,172.168.1.8
      256,26/06/2019,19:55,B,172.168.1.8
      128,26/06/2019,20:27,B,172.168.1.8
      255,26/06/2019,22:00,B,172.168.1.8
      112,26/06/2019,22:00,B,172.168.1.8
      121,27/06/2019,07:09,B,172.168.1.8
      273,27/06/2019,07:17,B,172.168.1.8
      126,27/06/2019,07:34,B,172.168.1.8
      215,27/06/2019,07:51,B,172.168.1.8
      255,27/06/2019,07:53,B,172.168.1.8
      202,27/06/2019,07:59,B,172.168.1.8
      296,27/06/2019,08:10,B,172.168.1.8
      260,27/06/2019,08:21,B,172.168.1.8
      301,27/06/2019,08:38,B,172.168.1.8
      216,27/06/2019,08:39,B,172.168.1.8
       23,27/06/2019,08:43,B,172.168.1.8
      312,27/06/2019,08:46,B,172.168.1.8
      115,27/06/2019,08:49,B,172.168.1.8
      203,27/06/2019,08:55,B,172.168.1.8
      203,27/06/2019,08:55,B,172.168.1.8
      120,27/06/2019,08:58,B,172.168.1.8
      268,27/06/2019,08:58,B,172.168.1.8
      212,27/06/2019,09:02,B,172.168.1.8
      213,27/06/2019,09:04,B,172.168.1.8
       11,27/06/2019,09:08,B,172.168.1.8
       25,27/06/2019,09:08,B,172.168.1.8
      122,27/06/2019,09:17,B,172.168.1.8
       30,27/06/2019,09:20,B,172.168.1.8
       32,27/06/2019,09:34,B,172.168.1.8
      256,27/06/2019,09:40,B,172.168.1.8
      128,27/06/2019,09:41,B,172.168.1.8
      201,27/06/2019,09:42,B,172.168.1.8
       14,27/06/2019,09:42,B,172.168.1.8
      201,27/06/2019,09:42,B,172.168.1.8
      254,27/06/2019,09:46,B,172.168.1.8
      271,27/06/2019,09:48,B,172.168.1.8
      117,27/06/2019,09:49,B,172.168.1.8
       17,27/06/2019,09:53,B,172.168.1.8
      206,27/06/2019,09:54,B,172.168.1.8
      116,27/06/2019,09:55,B,172.168.1.8
      295,27/06/2019,09:55,B,172.168.1.8
      214,27/06/2019,09:56,B,172.168.1.8
      211,27/06/2019,09:56,B,172.168.1.8
      297,27/06/2019,09:56,B,172.168.1.8
      303,27/06/2019,10:01,B,172.168.1.8
      310,27/06/2019,10:03,B,172.168.1.8
       36,27/06/2019,10:06,B,172.168.1.8
      114,27/06/2019,10:07,B,172.168.1.8
      290,27/06/2019,10:09,B,172.168.1.8
      258,27/06/2019,10:09,B,172.168.1.8
      109,27/06/2019,10:11,B,172.168.1.8
      110,27/06/2019,10:11,B,172.168.1.8
      101,27/06/2019,10:13,B,172.168.1.8
      131,27/06/2019,10:13,B,172.168.1.8
      293,27/06/2019,10:21,B,172.168.1.8
      129,27/06/2019,10:22,B,172.168.1.8
      127,27/06/2019,10:23,B,172.168.1.8
      112,27/06/2019,10:29,B,172.168.1.8
        1,27/06/2019,10:30,B,172.168.1.8
      204,27/06/2019,10:31,B,172.168.1.8
       26,27/06/2019,10:33,B,172.168.1.8
        5,27/06/2019,10:43,B,172.168.1.8
       29,27/06/2019,10:45,B,172.168.1.8
       28,27/06/2019,10:46,B,172.168.1.8
       35,27/06/2019,10:47,B,172.168.1.8
       22,27/06/2019,10:49,B,172.168.1.8
      251,27/06/2019,10:53,B,172.168.1.8
        2,27/06/2019,10:53,B,172.168.1.8
        8,27/06/2019,10:54,B,172.168.1.8
       10,27/06/2019,10:55,B,172.168.1.8
       10,27/06/2019,10:55,B,172.168.1.8
       16,27/06/2019,10:56,B,172.168.1.8
      210,27/06/2019,10:58,B,172.168.1.8
      280,27/06/2019,11:00,B,172.168.1.8
      106,27/06/2019,11:00,B,172.168.1.8
      261,27/06/2019,11:16,B,172.168.1.8
       19,27/06/2019,11:27,B,172.168.1.8
       18,27/06/2019,11:29,B,172.168.1.8
       24,27/06/2019,11:31,B,172.168.1.8
       27,27/06/2019,11:38,B,172.168.1.8
        9,27/06/2019,11:53,B,172.168.1.8
      305,27/06/2019,12:10,B,172.168.1.8
      215,27/06/2019,12:58,B,172.168.1.8
      202,27/06/2019,13:01,B,172.168.1.8
      203,27/06/2019,13:26,B,172.168.1.8
      110,27/06/2019,13:28,B,172.168.1.8
      206,27/06/2019,13:59,B,172.168.1.8
      204,27/06/2019,14:01,B,172.168.1.8
      121,27/06/2019,14:03,B,172.168.1.8
      213,27/06/2019,14:05,B,172.168.1.8
      216,27/06/2019,14:11,B,172.168.1.8
      121,27/06/2019,14:26,B,172.168.1.8
      312,27/06/2019,14:28,B,172.168.1.8
       64,27/06/2019,14:46,B,172.168.1.8
      201,27/06/2019,14:49,B,172.168.1.8
      211,27/06/2019,14:57,B,172.168.1.8
      212,27/06/2019,15:00,B,172.168.1.8
      214,27/06/2019,15:08,B,172.168.1.8
      303,27/06/2019,15:08,B,172.168.1.8
      301,27/06/2019,15:09,B,172.168.1.8
       23,27/06/2019,15:26,B,172.168.1.8
      303,27/06/2019,15:29,B,172.168.1.8
      303,27/06/2019,15:29,B,172.168.1.8
       20,27/06/2019,15:31,B,172.168.1.8
      126,27/06/2019,15:32,B,172.168.1.8
      305,27/06/2019,15:38,B,172.168.1.8
      210,27/06/2019,15:50,B,172.168.1.8
      210,27/06/2019,15:58,B,172.168.1.8
        5,27/06/2019,16:03,B,172.168.1.8
       18,27/06/2019,16:04,B,172.168.1.8
        8,27/06/2019,16:05,B,172.168.1.8
       12,27/06/2019,16:19,B,172.168.1.8
       22,27/06/2019,16:20,B,172.168.1.8
       21,27/06/2019,16:21,B,172.168.1.8
       29,27/06/2019,16:21,B,172.168.1.8
       64,27/06/2019,16:25,B,172.168.1.8
       17,27/06/2019,16:29,B,172.168.1.8
       14,27/06/2019,16:31,B,172.168.1.8
      119,27/06/2019,16:33,B,172.168.1.8
       11,27/06/2019,16:35,B,172.168.1.8
       27,27/06/2019,16:42,B,172.168.1.8
       26,27/06/2019,16:45,B,172.168.1.8
       28,27/06/2019,16:46,B,172.168.1.8
       19,27/06/2019,16:58,B,172.168.1.8
       25,27/06/2019,16:59,B,172.168.1.8
        9,27/06/2019,17:00,B,172.168.1.8
      122,27/06/2019,17:06,B,172.168.1.8
      127,27/06/2019,17:10,B,172.168.1.8
      109,27/06/2019,17:10,B,172.168.1.8
       16,27/06/2019,17:12,B,172.168.1.8
      261,27/06/2019,17:14,B,172.168.1.8
      120,27/06/2019,17:14,B,172.168.1.8
       10,27/06/2019,17:20,B,172.168.1.8
      297,27/06/2019,17:24,B,172.168.1.8
        2,27/06/2019,17:25,B,172.168.1.8
        1,27/06/2019,17:26,B,172.168.1.8
      271,27/06/2019,17:28,B,172.168.1.8
      295,27/06/2019,17:29,B,172.168.1.8
      280,27/06/2019,17:30,B,172.168.1.8
       32,27/06/2019,17:31,B,172.168.1.8
       24,27/06/2019,17:31,B,172.168.1.8
      131,27/06/2019,17:32,B,172.168.1.8
      260,27/06/2019,17:45,B,172.168.1.8
      114,27/06/2019,17:50,B,172.168.1.8
      273,27/06/2019,17:50,B,172.168.1.8
      296,27/06/2019,17:55,B,172.168.1.8
      117,27/06/2019,18:01,B,172.168.1.8
       30,27/06/2019,18:01,B,172.168.1.8
      116,27/06/2019,18:01,B,172.168.1.8
      255,27/06/2019,18:05,B,172.168.1.8
      112,27/06/2019,18:06,B,172.168.1.8
      293,27/06/2019,18:06,B,172.168.1.8
      290,27/06/2019,18:09,B,172.168.1.8
      258,27/06/2019,18:12,B,172.168.1.8
      106,27/06/2019,18:13,B,172.168.1.8
      310,27/06/2019,18:14,B,172.168.1.8
      129,27/06/2019,19:05,B,172.168.1.8
      251,27/06/2019,19:05,B,172.168.1.8
      101,27/06/2019,20:05,B,172.168.1.8
      128,27/06/2019,20:32,B,172.168.1.8
      254,27/06/2019,20:32,B,172.168.1.8
      256,27/06/2019,21:05,B,172.168.1.8
      115,27/06/2019,21:55,B,172.168.1.8
      121,28/06/2019,07:14,B,172.168.1.8
      126,28/06/2019,07:29,B,172.168.1.8
      214,28/06/2019,07:39,B,172.168.1.8
      273,28/06/2019,07:49,B,172.168.1.8
      207,28/06/2019,07:54,B,172.168.1.8
      202,28/06/2019,08:03,B,172.168.1.8
      215,28/06/2019,08:03,B,172.168.1.8
      298,28/06/2019,08:07,B,172.168.1.8
      216,28/06/2019,08:16,B,172.168.1.8
      212,28/06/2019,08:16,B,172.168.1.8
      260,28/06/2019,08:22,B,172.168.1.8
      296,28/06/2019,08:27,B,172.168.1.8
       16,28/06/2019,08:43,B,172.168.1.8
       64,28/06/2019,08:44,B,172.168.1.8
      312,28/06/2019,08:47,B,172.168.1.8
      118,28/06/2019,08:48,B,172.168.1.8
       24,28/06/2019,08:55,B,172.168.1.8
      115,28/06/2019,08:55,B,172.168.1.8
      255,28/06/2019,08:57,B,172.168.1.8
       23,28/06/2019,09:03,B,172.168.1.8
      119,28/06/2019,09:05,B,172.168.1.8
       30,28/06/2019,09:15,B,172.168.1.8
      112,28/06/2019,09:18,B,172.168.1.8
       12,28/06/2019,09:22,B,172.168.1.8
      268,28/06/2019,09:27,B,172.168.1.8
       25,28/06/2019,09:29,B,172.168.1.8
      122,28/06/2019,09:30,B,172.168.1.8
      254,28/06/2019,09:34,B,172.168.1.8
       14,28/06/2019,09:37,B,172.168.1.8
      204,28/06/2019,09:50,B,172.168.1.8
      203,28/06/2019,09:51,B,172.168.1.8
      211,28/06/2019,09:51,B,172.168.1.8
      116,28/06/2019,09:52,B,172.168.1.8
      123,28/06/2019,09:54,B,172.168.1.8
      128,28/06/2019,09:54,B,172.168.1.8
      209,28/06/2019,09:56,B,172.168.1.8
      213,28/06/2019,09:56,B,172.168.1.8
       36,28/06/2019,09:56,B,172.168.1.8
      280,28/06/2019,10:03,B,172.168.1.8
      127,28/06/2019,10:03,B,172.168.1.8
      297,28/06/2019,10:05,B,172.168.1.8
      301,28/06/2019,10:10,B,172.168.1.8
      310,28/06/2019,10:11,B,172.168.1.8
      131,28/06/2019,10:11,B,172.168.1.8
      289,28/06/2019,10:12,B,172.168.1.8
      303,28/06/2019,10:13,B,172.168.1.8
       11,28/06/2019,10:14,B,172.168.1.8
      114,28/06/2019,10:18,B,172.168.1.8
      290,28/06/2019,10:19,B,172.168.1.8
      290,28/06/2019,10:19,B,172.168.1.8
      251,28/06/2019,10:26,B,172.168.1.8
      109,28/06/2019,10:28,B,172.168.1.8
      110,28/06/2019,10:28,B,172.168.1.8
      206,28/06/2019,10:30,B,172.168.1.8
      101,28/06/2019,10:30,B,172.168.1.8
      120,28/06/2019,10:36,B,172.168.1.8
      293,28/06/2019,10:38,B,172.168.1.8
      129,28/06/2019,10:38,B,172.168.1.8
      271,28/06/2019,10:38,B,172.168.1.8
      295,28/06/2019,10:39,B,172.168.1.8
       31,28/06/2019,10:40,B,172.168.1.8
      117,28/06/2019,10:43,B,172.168.1.8
        1,28/06/2019,10:47,B,172.168.1.8
      261,28/06/2019,10:50,B,172.168.1.8
       17,28/06/2019,10:52,B,172.168.1.8
       21,28/06/2019,10:59,B,172.168.1.8
       29,28/06/2019,11:00,B,172.168.1.8
       28,28/06/2019,11:09,B,172.168.1.8
        9,28/06/2019,11:09,B,172.168.1.8
      210,28/06/2019,11:09,B,172.168.1.8
      201,28/06/2019,11:29,B,172.168.1.8
       27,28/06/2019,11:33,B,172.168.1.8
       19,28/06/2019,11:33,B,172.168.1.8
        5,28/06/2019,11:38,B,172.168.1.8
       10,28/06/2019,11:38,B,172.168.1.8
      106,28/06/2019,11:42,B,172.168.1.8
      305,28/06/2019,12:02,B,172.168.1.8
       64,28/06/2019,12:16,B,172.168.1.8
       26,28/06/2019,12:17,B,172.168.1.8
        2,28/06/2019,12:26,B,172.168.1.8
      202,28/06/2019,12:29,B,172.168.1.8
      215,28/06/2019,12:52,B,172.168.1.8
      214,28/06/2019,13:00,B,172.168.1.8
       28,28/06/2019,13:18,B,172.168.1.8
      212,28/06/2019,13:27,B,172.168.1.8
      207,28/06/2019,13:27,B,172.168.1.8
      216,28/06/2019,13:28,B,172.168.1.8
      209,28/06/2019,13:58,B,172.168.1.8
      213,28/06/2019,13:59,B,172.168.1.8
      204,28/06/2019,14:00,B,172.168.1.8
      209,28/06/2019,14:00,B,172.168.1.8
      258,28/06/2019,14:02,B,172.168.1.8
       16,28/06/2019,14:17,B,172.168.1.8
      206,28/06/2019,14:25,B,172.168.1.8
      203,28/06/2019,14:29,B,172.168.1.8
      201,28/06/2019,14:29,B,172.168.1.8
      312,28/06/2019,14:32,B,172.168.1.8
      301,28/06/2019,14:34,B,172.168.1.8
      126,28/06/2019,14:47,B,172.168.1.8
      303,28/06/2019,14:56,B,172.168.1.8
      211,28/06/2019,15:02,B,172.168.1.8
      211,28/06/2019,15:06,B,172.168.1.8
      121,28/06/2019,15:17,B,172.168.1.8
      305,28/06/2019,15:20,B,172.168.1.8
      210,28/06/2019,15:30,B,172.168.1.8
       24,28/06/2019,15:33,B,172.168.1.8
       35,28/06/2019,15:38,B,172.168.1.8
       23,28/06/2019,15:45,B,172.168.1.8
       12,28/06/2019,15:54,B,172.168.1.8
      122,28/06/2019,16:01,B,172.168.1.8
      298,28/06/2019,16:08,B,172.168.1.8
       17,28/06/2019,16:29,B,172.168.1.8
       27,28/06/2019,16:34,B,172.168.1.8
        2,28/06/2019,16:35,B,172.168.1.8
       21,28/06/2019,16:35,B,172.168.1.8
      119,28/06/2019,16:36,B,172.168.1.8
       19,28/06/2019,16:50,B,172.168.1.8
       25,28/06/2019,17:00,B,172.168.1.8
       11,28/06/2019,17:00,B,172.168.1.8
       14,28/06/2019,17:01,B,172.168.1.8
      127,28/06/2019,17:09,B,172.168.1.8
      293,28/06/2019,17:10,B,172.168.1.8
        5,28/06/2019,17:12,B,172.168.1.8
      289,28/06/2019,17:12,B,172.168.1.8
       10,28/06/2019,17:13,B,172.168.1.8
      261,28/06/2019,17:15,B,172.168.1.8
      296,28/06/2019,17:16,B,172.168.1.8
      110,28/06/2019,17:17,B,172.168.1.8
      109,28/06/2019,17:17,B,172.168.1.8
      131,28/06/2019,17:17,B,172.168.1.8
      271,28/06/2019,17:18,B,172.168.1.8
      295,28/06/2019,17:18,B,172.168.1.8
      297,28/06/2019,17:22,B,172.168.1.8
      123,28/06/2019,17:24,B,172.168.1.8
      268,28/06/2019,17:27,B,172.168.1.8
      118,28/06/2019,17:27,B,172.168.1.8
      280,28/06/2019,17:27,B,172.168.1.8
        9,28/06/2019,17:27,B,172.168.1.8
      254,28/06/2019,17:28,B,172.168.1.8
      310,28/06/2019,17:34,B,172.168.1.8
       30,28/06/2019,17:35,B,172.168.1.8
      129,28/06/2019,17:35,B,172.168.1.8
      273,28/06/2019,17:36,B,172.168.1.8
      310,28/06/2019,17:36,B,172.168.1.8
      114,28/06/2019,17:40,B,172.168.1.8
        8,28/06/2019,18:01,B,172.168.1.8
       26,28/06/2019,18:04,B,172.168.1.8
      116,28/06/2019,18:10,B,172.168.1.8
      117,28/06/2019,18:10,B,172.168.1.8
      258,28/06/2019,18:10,B,172.168.1.8
      290,28/06/2019,18:15,B,172.168.1.8
      106,28/06/2019,18:18,B,172.168.1.8
      255,28/06/2019,18:28,B,172.168.1.8
      112,28/06/2019,18:28,B,172.168.1.8
      128,28/06/2019,19:31,B,172.168.1.8
      251,28/06/2019,19:31,B,172.168.1.8
      101,28/06/2019,19:34,B,172.168.1.8
      115,28/06/2019,21:25,B,172.168.1.8
      260,28/06/2019,21:25,B,172.168.1.8
      255,29/06/2019,07:50,B,172.168.1.8
      273,29/06/2019,07:52,B,172.168.1.8
      207,29/06/2019,08:00,B,172.168.1.8
      213,29/06/2019,08:06,B,172.168.1.8
      208,29/06/2019,08:10,B,172.168.1.8
      296,29/06/2019,08:20,B,172.168.1.8
       16,29/06/2019,08:38,B,172.168.1.8
      312,29/06/2019,08:38,B,172.168.1.8
      212,29/06/2019,08:45,B,172.168.1.8
      298,29/06/2019,08:49,B,172.168.1.8
      214,29/06/2019,08:51,B,172.168.1.8
      216,29/06/2019,08:53,B,172.168.1.8
      260,29/06/2019,08:57,B,172.168.1.8
        5,29/06/2019,08:59,B,172.168.1.8
       10,29/06/2019,09:00,B,172.168.1.8
      202,29/06/2019,09:01,B,172.168.1.8
        9,29/06/2019,09:08,B,172.168.1.8
      203,29/06/2019,09:17,B,172.168.1.8
       27,29/06/2019,09:23,B,172.168.1.8
       23,29/06/2019,09:27,B,172.168.1.8
      268,29/06/2019,09:30,B,172.168.1.8
      254,29/06/2019,09:31,B,172.168.1.8
      206,29/06/2019,09:35,B,172.168.1.8
       35,29/06/2019,09:36,B,172.168.1.8
       14,29/06/2019,09:36,B,172.168.1.8
      209,29/06/2019,09:41,B,172.168.1.8
      209,29/06/2019,09:41,B,172.168.1.8
      280,29/06/2019,09:41,B,172.168.1.8
       30,29/06/2019,09:42,B,172.168.1.8
      256,29/06/2019,09:43,B,172.168.1.8
       36,29/06/2019,09:45,B,172.168.1.8
       21,29/06/2019,09:47,B,172.168.1.8
       18,29/06/2019,09:51,B,172.168.1.8
       22,29/06/2019,09:52,B,172.168.1.8
      297,29/06/2019,10:07,B,172.168.1.8
       72,29/06/2019,10:10,B,172.168.1.8
      271,29/06/2019,10:10,B,172.168.1.8
      289,29/06/2019,10:19,B,172.168.1.8
      258,29/06/2019,10:22,B,172.168.1.8
      303,29/06/2019,10:22,B,172.168.1.8
      201,29/06/2019,10:24,B,172.168.1.8
      101,29/06/2019,10:26,B,172.168.1.8
      290,29/06/2019,10:26,B,172.168.1.8
      211,29/06/2019,10:31,B,172.168.1.8
      207,29/06/2019,10:37,B,172.168.1.8
       17,29/06/2019,10:37,B,172.168.1.8
       35,29/06/2019,10:54,B,172.168.1.8
      215,29/06/2019,10:57,B,172.168.1.8
      207,29/06/2019,10:58,B,172.168.1.8
      212,29/06/2019,11:00,B,172.168.1.8
      207,29/06/2019,11:00,B,172.168.1.8
      295,29/06/2019,11:01,B,172.168.1.8
       16,29/06/2019,11:05,B,172.168.1.8
       26,29/06/2019,11:07,B,172.168.1.8
      293,29/06/2019,11:10,B,172.168.1.8
        1,29/06/2019,11:12,B,172.168.1.8
      204,29/06/2019,11:14,B,172.168.1.8
      213,29/06/2019,11:15,B,172.168.1.8
      251,29/06/2019,11:15,B,172.168.1.8
        2,29/06/2019,11:24,B,172.168.1.8
       32,29/06/2019,11:25,B,172.168.1.8
      202,29/06/2019,11:31,B,172.168.1.8
      216,29/06/2019,11:34,B,172.168.1.8
      206,29/06/2019,11:34,B,172.168.1.8
       24,29/06/2019,11:38,B,172.168.1.8
       19,29/06/2019,11:41,B,172.168.1.8
      214,29/06/2019,11:42,B,172.168.1.8
      203,29/06/2019,11:45,B,172.168.1.8
       20,29/06/2019,11:47,B,172.168.1.8
        5,29/06/2019,11:49,B,172.168.1.8
       36,29/06/2019,12:03,B,172.168.1.8
       29,29/06/2019,12:10,B,172.168.1.8
      201,29/06/2019,12:10,B,172.168.1.8
       21,29/06/2019,12:15,B,172.168.1.8
       21,29/06/2019,12:16,B,172.168.1.8
       28,29/06/2019,12:29,B,172.168.1.8
      303,29/06/2019,12:31,B,172.168.1.8
       72,29/06/2019,12:31,B,172.168.1.8
      211,29/06/2019,12:46,B,172.168.1.8
      209,29/06/2019,12:49,B,172.168.1.8
      215,29/06/2019,13:03,B,172.168.1.8
      204,29/06/2019,13:03,B,172.168.1.8
      312,29/06/2019,13:20,B,172.168.1.8
       27,29/06/2019,13:39,B,172.168.1.8
       10,29/06/2019,13:43,B,172.168.1.8
       17,29/06/2019,14:03,B,172.168.1.8
       23,29/06/2019,14:10,B,172.168.1.8
       24,29/06/2019,14:34,B,172.168.1.8
       29,29/06/2019,14:36,B,172.168.1.8
        2,29/06/2019,14:49,B,172.168.1.8
       22,29/06/2019,14:50,B,172.168.1.8
       22,29/06/2019,14:50,B,172.168.1.8
       32,29/06/2019,14:50,B,172.168.1.8
       11,29/06/2019,14:52,B,172.168.1.8
       18,29/06/2019,14:58,B,172.168.1.8
        9,29/06/2019,15:01,B,172.168.1.8
        8,29/06/2019,15:02,B,172.168.1.8
       30,29/06/2019,15:02,B,172.168.1.8
       26,29/06/2019,15:15,B,172.168.1.8
       28,29/06/2019,15:36,B,172.168.1.8
      298,29/06/2019,16:08,B,172.168.1.8
        1,29/06/2019,16:24,B,172.168.1.8
       19,29/06/2019,16:40,B,172.168.1.8
      268,29/06/2019,17:05,B,172.168.1.8
      114,29/06/2019,17:15,B,172.168.1.8
      280,29/06/2019,17:19,B,172.168.1.8
      297,29/06/2019,17:21,B,172.168.1.8
      295,29/06/2019,17:26,B,172.168.1.8
      289,29/06/2019,17:46,B,172.168.1.8
      271,29/06/2019,17:46,B,172.168.1.8
      271,29/06/2019,17:47,B,172.168.1.8
      258,29/06/2019,17:47,B,172.168.1.8
      296,29/06/2019,17:47,B,172.168.1.8
      273,29/06/2019,17:55,B,172.168.1.8
      255,29/06/2019,18:03,B,172.168.1.8
      290,29/06/2019,18:03,B,172.168.1.8
      290,29/06/2019,18:03,B,172.168.1.8
      290,29/06/2019,18:03,B,172.168.1.8
      293,29/06/2019,18:05,B,172.168.1.8
      256,29/06/2019,19:20,B,172.168.1.8
      101,29/06/2019,19:26,B,172.168.1.8
      251,29/06/2019,19:27,B,172.168.1.8
      254,29/06/2019,19:27,B,172.168.1.8
      260,29/06/2019,20:07,B,172.168.1.8
      114,29/06/2019,22:07,B,172.168.1.8
      255,30/06/2019,08:48,B,172.168.1.8
      260,30/06/2019,09:16,B,172.168.1.8
      260,30/06/2019,09:16,B,172.168.1.8
      114,30/06/2019,10:14,B,172.168.1.8
      255,30/06/2019,15:01,B,172.168.1.8
      255,30/06/2019,15:03,B,172.168.1.8
      114,30/06/2019,18:52,B,172.168.1.8
      260,30/06/2019,18:53,B,172.168.1.8
      121,01/07/2019,06:55,B,172.168.1.8
      215,01/07/2019,08:00,B,172.168.1.8
      203,01/07/2019,08:01,B,172.168.1.8
      214,01/07/2019,08:01,B,172.168.1.8
      216,01/07/2019,08:08,B,172.168.1.8
      255,01/07/2019,08:14,B,172.168.1.8
      212,01/07/2019,08:28,B,172.168.1.8
      260,01/07/2019,08:29,B,172.168.1.8
      260,01/07/2019,08:29,B,172.168.1.8
      298,01/07/2019,08:31,B,172.168.1.8
      296,01/07/2019,08:43,B,172.168.1.8
      115,01/07/2019,08:46,B,172.168.1.8
      273,01/07/2019,08:50,B,172.168.1.8
      119,01/07/2019,08:51,B,172.168.1.8
      312,01/07/2019,08:58,B,172.168.1.8
       23,01/07/2019,09:01,B,172.168.1.8
      202,01/07/2019,09:02,B,172.168.1.8
      206,01/07/2019,09:08,B,172.168.1.8
       64,01/07/2019,09:11,B,172.168.1.8
       17,01/07/2019,09:14,B,172.168.1.8
      204,01/07/2019,09:15,B,172.168.1.8
       36,01/07/2019,09:15,B,172.168.1.8
      118,01/07/2019,09:22,B,172.168.1.8
      309,01/07/2019,09:28,B,172.168.1.8
      205,01/07/2019,09:31,B,172.168.1.8
      205,01/07/2019,09:31,B,172.168.1.8
      120,01/07/2019,09:33,B,172.168.1.8
      256,01/07/2019,09:38,B,172.168.1.8
      211,01/07/2019,09:38,B,172.168.1.8
       32,01/07/2019,09:38,B,172.168.1.8
      122,01/07/2019,09:39,B,172.168.1.8
      268,01/07/2019,09:39,B,172.168.1.8
      280,01/07/2019,09:41,B,172.168.1.8
      254,01/07/2019,09:43,B,172.168.1.8
      117,01/07/2019,09:47,B,172.168.1.8
       11,01/07/2019,09:47,B,172.168.1.8
       18,01/07/2019,09:50,B,172.168.1.8
       18,01/07/2019,09:50,B,172.168.1.8
      209,01/07/2019,09:54,B,172.168.1.8
      213,01/07/2019,09:54,B,172.168.1.8
      110,01/07/2019,10:02,B,172.168.1.8
      109,01/07/2019,10:03,B,172.168.1.8
      290,01/07/2019,10:14,B,172.168.1.8
      114,01/07/2019,10:17,B,172.168.1.8
       14,01/07/2019,10:19,B,172.168.1.8
        8,01/07/2019,10:19,B,172.168.1.8
      207,01/07/2019,10:19,B,172.168.1.8
      127,01/07/2019,10:24,B,172.168.1.8
      116,01/07/2019,10:25,B,172.168.1.8
      101,01/07/2019,10:30,B,172.168.1.8
      258,01/07/2019,10:34,B,172.168.1.8
       10,01/07/2019,10:34,B,172.168.1.8
        1,01/07/2019,10:38,B,172.168.1.8
      293,01/07/2019,10:39,B,172.168.1.8
       20,01/07/2019,10:40,B,172.168.1.8
       28,01/07/2019,10:40,B,172.168.1.8
      129,01/07/2019,10:41,B,172.168.1.8
      123,01/07/2019,10:41,B,172.168.1.8
      261,01/07/2019,10:43,B,172.168.1.8
       24,01/07/2019,10:46,B,172.168.1.8
       16,01/07/2019,10:51,B,172.168.1.8
       72,01/07/2019,10:55,B,172.168.1.8
       21,01/07/2019,10:57,B,172.168.1.8
       26,01/07/2019,10:58,B,172.168.1.8
        5,01/07/2019,10:58,B,172.168.1.8
       27,01/07/2019,11:10,B,172.168.1.8
      251,01/07/2019,11:15,B,172.168.1.8
       29,01/07/2019,11:24,B,172.168.1.8
       22,01/07/2019,11:28,B,172.168.1.8
      271,01/07/2019,11:35,B,172.168.1.8
        9,01/07/2019,11:37,B,172.168.1.8
       35,01/07/2019,11:41,B,172.168.1.8
       35,01/07/2019,11:42,B,172.168.1.8
      295,01/07/2019,12:13,B,172.168.1.8
      131,01/07/2019,12:14,B,172.168.1.8
       64,01/07/2019,12:16,B,172.168.1.8
      128,01/07/2019,12:27,B,172.168.1.8
       65,01/07/2019,12:55,B,172.168.1.8
      215,01/07/2019,13:02,B,172.168.1.8
      203,01/07/2019,13:02,B,172.168.1.8
      214,01/07/2019,13:03,B,172.168.1.8
      215,01/07/2019,13:03,B,172.168.1.8
      212,01/07/2019,13:32,B,172.168.1.8
      310,01/07/2019,13:32,B,172.168.1.8
      216,01/07/2019,13:33,B,172.168.1.8
      202,01/07/2019,14:04,B,172.168.1.8
      204,01/07/2019,14:23,B,172.168.1.8
      211,01/07/2019,14:40,B,172.168.1.8
       36,01/07/2019,14:48,B,172.168.1.8
      213,01/07/2019,14:48,B,172.168.1.8
      205,01/07/2019,14:51,B,172.168.1.8
      205,01/07/2019,14:52,B,172.168.1.8
      207,01/07/2019,14:53,B,172.168.1.8
       23,01/07/2019,14:53,B,172.168.1.8
      213,01/07/2019,14:55,B,172.168.1.8
      209,01/07/2019,14:55,B,172.168.1.8
      209,01/07/2019,14:55,B,172.168.1.8
       65,01/07/2019,15:10,B,172.168.1.8
      121,01/07/2019,15:36,B,172.168.1.8
      121,01/07/2019,15:44,B,172.168.1.8
       72,01/07/2019,15:46,B,172.168.1.8
       72,01/07/2019,15:50,B,172.168.1.8
      303,01/07/2019,15:53,B,172.168.1.8
      303,01/07/2019,15:53,B,172.168.1.8
      309,01/07/2019,15:54,B,172.168.1.8
        5,01/07/2019,16:00,B,172.168.1.8
      298,01/07/2019,16:01,B,172.168.1.8
       22,01/07/2019,16:02,B,172.168.1.8
       12,01/07/2019,16:03,B,172.168.1.8
       18,01/07/2019,16:03,B,172.168.1.8
       35,01/07/2019,16:05,B,172.168.1.8
       20,01/07/2019,16:06,B,172.168.1.8
       16,01/07/2019,16:09,B,172.168.1.8
       26,01/07/2019,16:20,B,172.168.1.8
      312,01/07/2019,16:22,B,172.168.1.8
      119,01/07/2019,16:28,B,172.168.1.8
       10,01/07/2019,16:38,B,172.168.1.8
       28,01/07/2019,16:39,B,172.168.1.8
       24,01/07/2019,16:47,B,172.168.1.8
      128,01/07/2019,16:50,B,172.168.1.8
       32,01/07/2019,16:54,B,172.168.1.8
       14,01/07/2019,16:54,B,172.168.1.8
        9,01/07/2019,17:01,B,172.168.1.8
      122,01/07/2019,17:01,B,172.168.1.8
       11,01/07/2019,17:02,B,172.168.1.8
       17,01/07/2019,17:05,B,172.168.1.8
        8,01/07/2019,17:06,B,172.168.1.8
      110,01/07/2019,17:06,B,172.168.1.8
      131,01/07/2019,17:07,B,172.168.1.8
      123,01/07/2019,17:07,B,172.168.1.8
      109,01/07/2019,17:07,B,172.168.1.8
      295,01/07/2019,17:09,B,172.168.1.8
      127,01/07/2019,17:10,B,172.168.1.8
      271,01/07/2019,17:10,B,172.168.1.8
       27,01/07/2019,17:11,B,172.168.1.8
      120,01/07/2019,17:12,B,172.168.1.8
      261,01/07/2019,17:12,B,172.168.1.8
      268,01/07/2019,17:15,B,172.168.1.8
      254,01/07/2019,17:15,B,172.168.1.8
      251,01/07/2019,17:16,B,172.168.1.8
      115,01/07/2019,17:16,B,172.168.1.8
      296,01/07/2019,17:20,B,172.168.1.8
      101,01/07/2019,17:20,B,172.168.1.8
      129,01/07/2019,17:21,B,172.168.1.8
      118,01/07/2019,17:22,B,172.168.1.8
      280,01/07/2019,17:25,B,172.168.1.8
      273,01/07/2019,17:26,B,172.168.1.8
      310,01/07/2019,17:27,B,172.168.1.8
      129,01/07/2019,17:30,B,172.168.1.8
      116,01/07/2019,17:57,B,172.168.1.8
       58,01/07/2019,17:57,B,172.168.1.8
      258,01/07/2019,17:59,B,172.168.1.8
      260,01/07/2019,18:00,B,172.168.1.8
       21,01/07/2019,18:02,B,172.168.1.8
      293,01/07/2019,18:08,B,172.168.1.8
      290,01/07/2019,18:19,B,172.168.1.8
      106,01/07/2019,18:20,B,172.168.1.8
      256,01/07/2019,18:23,B,172.168.1.8
      255,01/07/2019,19:56,B,172.168.1.8
      121,02/07/2019,07:22,B,172.168.1.8
      126,02/07/2019,07:59,B,172.168.1.8
      121,02/07/2019,09:00,B,172.168.1.8
      126,02/07/2019,16:30,B,172.168.1.8
      121,03/07/2019,07:06,B,172.168.1.8
      273,03/07/2019,07:21,B,172.168.1.8
      214,03/07/2019,07:25,B,172.168.1.8
      216,03/07/2019,07:38,B,172.168.1.8
      126,03/07/2019,07:39,B,172.168.1.8
      207,03/07/2019,07:48,B,172.168.1.8
      202,03/07/2019,07:54,B,172.168.1.8
      255,03/07/2019,07:58,B,172.168.1.8
      205,03/07/2019,08:03,B,172.168.1.8
      296,03/07/2019,08:19,B,172.168.1.8
      212,03/07/2019,08:30,B,172.168.1.8
      260,03/07/2019,08:34,B,172.168.1.8
      301,03/07/2019,08:38,B,172.168.1.8
      119,03/07/2019,08:47,B,172.168.1.8
      213,03/07/2019,08:48,B,172.168.1.8
      204,03/07/2019,08:48,B,172.168.1.8
      115,03/07/2019,08:52,B,172.168.1.8
      312,03/07/2019,08:52,B,172.168.1.8
       32,03/07/2019,09:06,B,172.168.1.8
       14,03/07/2019,09:08,B,172.168.1.8
      280,03/07/2019,09:17,B,172.168.1.8
      268,03/07/2019,09:18,B,172.168.1.8
      123,03/07/2019,09:20,B,172.168.1.8
       20,03/07/2019,09:22,B,172.168.1.8
       12,03/07/2019,09:24,B,172.168.1.8
       36,03/07/2019,09:26,B,172.168.1.8
      215,03/07/2019,09:33,B,172.168.1.8
      211,03/07/2019,09:33,B,172.168.1.8
       21,03/07/2019,09:38,B,172.168.1.8
      303,03/07/2019,09:40,B,172.168.1.8
      122,03/07/2019,09:43,B,172.168.1.8
      254,03/07/2019,09:44,B,172.168.1.8
      116,03/07/2019,09:48,B,172.168.1.8
      256,03/07/2019,09:52,B,172.168.1.8
      206,03/07/2019,09:56,B,172.168.1.8
      298,03/07/2019,09:56,B,172.168.1.8
      258,03/07/2019,09:57,B,172.168.1.8
      131,03/07/2019,09:57,B,172.168.1.8
      109,03/07/2019,10:02,B,172.168.1.8
      110,03/07/2019,10:03,B,172.168.1.8
      290,03/07/2019,10:06,B,172.168.1.8
      118,03/07/2019,10:10,B,172.168.1.8
      209,03/07/2019,10:12,B,172.168.1.8
        1,03/07/2019,10:12,B,172.168.1.8
       22,03/07/2019,10:13,B,172.168.1.8
      114,03/07/2019,10:17,B,172.168.1.8
      117,03/07/2019,10:18,B,172.168.1.8
       28,03/07/2019,10:20,B,172.168.1.8
      127,03/07/2019,10:20,B,172.168.1.8
      310,03/07/2019,10:22,B,172.168.1.8
      101,03/07/2019,10:29,B,172.168.1.8
      293,03/07/2019,10:30,B,172.168.1.8
      129,03/07/2019,10:32,B,172.168.1.8
       25,03/07/2019,10:38,B,172.168.1.8
      261,03/07/2019,10:38,B,172.168.1.8
        5,03/07/2019,10:39,B,172.168.1.8
      309,03/07/2019,10:39,B,172.168.1.8
       10,03/07/2019,10:40,B,172.168.1.8
      295,03/07/2019,10:46,B,172.168.1.8
       24,03/07/2019,10:50,B,172.168.1.8
      251,03/07/2019,10:51,B,172.168.1.8
       27,03/07/2019,11:00,B,172.168.1.8
       26,03/07/2019,11:09,B,172.168.1.8
      122,03/07/2019,11:25,B,172.168.1.8
       30,03/07/2019,11:35,B,172.168.1.8
       35,03/07/2019,11:36,B,172.168.1.8
        9,03/07/2019,11:43,B,172.168.1.8
       31,03/07/2019,11:45,B,172.168.1.8
      271,03/07/2019,11:48,B,172.168.1.8
      289,03/07/2019,11:48,B,172.168.1.8
      305,03/07/2019,12:04,B,172.168.1.8
      202,03/07/2019,12:58,B,172.168.1.8
      202,03/07/2019,12:59,B,172.168.1.8
      110,03/07/2019,13:01,B,172.168.1.8
      205,03/07/2019,13:02,B,172.168.1.8
      205,03/07/2019,13:03,B,172.168.1.8
      216,03/07/2019,13:04,B,172.168.1.8
      207,03/07/2019,13:04,B,172.168.1.8
      214,03/07/2019,13:05,B,172.168.1.8
      106,03/07/2019,13:07,B,172.168.1.8
      212,03/07/2019,13:27,B,172.168.1.8
      204,03/07/2019,14:04,B,172.168.1.8
      311,03/07/2019,14:06,B,172.168.1.8
       64,03/07/2019,14:06,B,172.168.1.8
      258,03/07/2019,14:08,B,172.168.1.8
      211,03/07/2019,14:36,B,172.168.1.8
       36,03/07/2019,14:44,B,172.168.1.8
      215,03/07/2019,15:00,B,172.168.1.8
      215,03/07/2019,15:01,B,172.168.1.8
      206,03/07/2019,15:01,B,172.168.1.8
      206,03/07/2019,15:06,B,172.168.1.8
      303,03/07/2019,15:10,B,172.168.1.8
      303,03/07/2019,15:10,B,172.168.1.8
       21,03/07/2019,15:11,B,172.168.1.8
      213,03/07/2019,15:12,B,172.168.1.8
      209,03/07/2019,15:13,B,172.168.1.8
      121,03/07/2019,15:26,B,172.168.1.8
       22,03/07/2019,15:32,B,172.168.1.8
      305,03/07/2019,15:40,B,172.168.1.8
      126,03/07/2019,15:41,B,172.168.1.8
       64,03/07/2019,15:50,B,172.168.1.8
      312,03/07/2019,16:02,B,172.168.1.8
        5,03/07/2019,16:08,B,172.168.1.8
       32,03/07/2019,16:12,B,172.168.1.8
      298,03/07/2019,16:14,B,172.168.1.8
       28,03/07/2019,16:22,B,172.168.1.8
       32,03/07/2019,16:22,B,172.168.1.8
       25,03/07/2019,16:27,B,172.168.1.8
       35,03/07/2019,16:40,B,172.168.1.8
       19,03/07/2019,16:41,B,172.168.1.8
        9,03/07/2019,16:41,B,172.168.1.8
       10,03/07/2019,16:41,B,172.168.1.8
       35,03/07/2019,16:42,B,172.168.1.8
       24,03/07/2019,16:42,B,172.168.1.8
       27,03/07/2019,16:47,B,172.168.1.8
       29,03/07/2019,16:50,B,172.168.1.8
       12,03/07/2019,16:54,B,172.168.1.8
       26,03/07/2019,16:55,B,172.168.1.8
      268,03/07/2019,17:00,B,172.168.1.8
      280,03/07/2019,17:07,B,172.168.1.8
      109,03/07/2019,17:10,B,172.168.1.8
      127,03/07/2019,17:11,B,172.168.1.8
      289,03/07/2019,17:12,B,172.168.1.8
      296,03/07/2019,17:13,B,172.168.1.8
      131,03/07/2019,17:13,B,172.168.1.8
      295,03/07/2019,17:18,B,172.168.1.8
      271,03/07/2019,17:18,B,172.168.1.8
      120,03/07/2019,17:18,B,172.168.1.8
      261,03/07/2019,17:18,B,172.168.1.8
      129,03/07/2019,17:23,B,172.168.1.8
       14,03/07/2019,17:28,B,172.168.1.8
       30,03/07/2019,17:32,B,172.168.1.8
      118,03/07/2019,17:37,B,172.168.1.8
      123,03/07/2019,18:01,B,172.168.1.8
      255,03/07/2019,18:02,B,172.168.1.8
      273,03/07/2019,18:05,B,172.168.1.8
      117,03/07/2019,18:08,B,172.168.1.8
      116,03/07/2019,18:10,B,172.168.1.8
      310,03/07/2019,18:10,B,172.168.1.8
      106,03/07/2019,18:18,B,172.168.1.8
      114,03/07/2019,18:19,B,172.168.1.8
      293,03/07/2019,18:20,B,172.168.1.8
      290,03/07/2019,18:20,B,172.168.1.8
      251,03/07/2019,18:52,B,172.168.1.8
      254,03/07/2019,19:52,B,172.168.1.8
      101,03/07/2019,19:52,B,172.168.1.8
      256,03/07/2019,19:53,B,172.168.1.8
      115,03/07/2019,19:55,B,172.168.1.8
      260,03/07/2019,19:55,B,172.168.1.8
      119,03/07/2019,22:10,B,172.168.1.8
      121,04/07/2019,06:55,B,172.168.1.8
      273,04/07/2019,07:18,B,172.168.1.8
      126,04/07/2019,07:27,B,172.168.1.8
      215,04/07/2019,07:46,B,172.168.1.8
      202,04/07/2019,07:57,B,172.168.1.8
      255,04/07/2019,07:59,B,172.168.1.8
      216,04/07/2019,07:59,B,172.168.1.8
      207,04/07/2019,07:59,B,172.168.1.8
      205,04/07/2019,08:03,B,172.168.1.8
      214,04/07/2019,08:21,B,172.168.1.8
      296,04/07/2019,08:21,B,172.168.1.8
      260,04/07/2019,08:25,B,172.168.1.8
       36,04/07/2019,08:32,B,172.168.1.8
      212,04/07/2019,08:42,B,172.168.1.8
       23,04/07/2019,08:49,B,172.168.1.8
      119,04/07/2019,08:53,B,172.168.1.8
      115,04/07/2019,08:54,B,172.168.1.8
      120,04/07/2019,08:57,B,172.168.1.8
      301,04/07/2019,08:58,B,172.168.1.8
      209,04/07/2019,09:02,B,172.168.1.8
      213,04/07/2019,09:02,B,172.168.1.8
      209,04/07/2019,09:02,B,172.168.1.8
      112,04/07/2019,09:18,B,172.168.1.8
       11,04/07/2019,09:18,B,172.168.1.8
      268,04/07/2019,09:20,B,172.168.1.8
       14,04/07/2019,09:20,B,172.168.1.8
       32,04/07/2019,09:22,B,172.168.1.8
      122,04/07/2019,09:25,B,172.168.1.8
      204,04/07/2019,09:30,B,172.168.1.8
      203,04/07/2019,09:31,B,172.168.1.8
      254,04/07/2019,09:33,B,172.168.1.8
       30,04/07/2019,09:40,B,172.168.1.8
       30,04/07/2019,09:41,B,172.168.1.8
       12,04/07/2019,09:42,B,172.168.1.8
       25,04/07/2019,09:44,B,172.168.1.8
      118,04/07/2019,09:45,B,172.168.1.8
      206,04/07/2019,09:46,B,172.168.1.8
      280,04/07/2019,09:49,B,172.168.1.8
      256,04/07/2019,09:54,B,172.168.1.8
      211,04/07/2019,09:59,B,172.168.1.8
      109,04/07/2019,09:59,B,172.168.1.8
      110,04/07/2019,10:00,B,172.168.1.8
      116,04/07/2019,10:01,B,172.168.1.8
      123,04/07/2019,10:01,B,172.168.1.8
      289,04/07/2019,10:04,B,172.168.1.8
      101,04/07/2019,10:08,B,172.168.1.8
      297,04/07/2019,10:08,B,172.168.1.8
       21,04/07/2019,10:09,B,172.168.1.8
       17,04/07/2019,10:09,B,172.168.1.8
      290,04/07/2019,10:10,B,172.168.1.8
      128,04/07/2019,10:10,B,172.168.1.8
      310,04/07/2019,10:11,B,172.168.1.8
       28,04/07/2019,10:23,B,172.168.1.8
      129,04/07/2019,10:24,B,172.168.1.8
      114,04/07/2019,10:28,B,172.168.1.8
        5,04/07/2019,10:30,B,172.168.1.8
       10,04/07/2019,10:31,B,172.168.1.8
       26,04/07/2019,10:31,B,172.168.1.8
      295,04/07/2019,10:31,B,172.168.1.8
      127,04/07/2019,10:31,B,172.168.1.8
      258,04/07/2019,10:32,B,172.168.1.8
      117,04/07/2019,10:35,B,172.168.1.8
      303,04/07/2019,10:36,B,172.168.1.8
      251,04/07/2019,10:40,B,172.168.1.8
      261,04/07/2019,10:41,B,172.168.1.8
      293,04/07/2019,10:42,B,172.168.1.8
      131,04/07/2019,10:46,B,172.168.1.8
      271,04/07/2019,10:53,B,172.168.1.8
      106,04/07/2019,11:01,B,172.168.1.8
       35,04/07/2019,11:07,B,172.168.1.8
        2,04/07/2019,11:11,B,172.168.1.8
      210,04/07/2019,11:30,B,172.168.1.8
       22,04/07/2019,11:31,B,172.168.1.8
        9,04/07/2019,11:36,B,172.168.1.8
       27,04/07/2019,11:40,B,172.168.1.8
       19,04/07/2019,11:46,B,172.168.1.8
      305,04/07/2019,12:00,B,172.168.1.8
       17,04/07/2019,12:25,B,172.168.1.8
      215,04/07/2019,12:53,B,172.168.1.8
       18,04/07/2019,12:57,B,172.168.1.8
       18,04/07/2019,12:57,B,172.168.1.8
      202,04/07/2019,12:59,B,172.168.1.8
      309,04/07/2019,13:01,B,172.168.1.8
      205,04/07/2019,13:04,B,172.168.1.8
      209,04/07/2019,13:12,B,172.168.1.8
      213,04/07/2019,13:12,B,172.168.1.8
      213,04/07/2019,13:12,B,172.168.1.8
      209,04/07/2019,13:13,B,172.168.1.8
      204,04/07/2019,13:13,B,172.168.1.8
      304,04/07/2019,13:35,B,172.168.1.8
       14,04/07/2019,13:48,B,172.168.1.8
       36,04/07/2019,14:22,B,172.168.1.8
      214,04/07/2019,14:23,B,172.168.1.8
      203,04/07/2019,14:36,B,172.168.1.8
      206,04/07/2019,14:38,B,172.168.1.8
      212,04/07/2019,14:47,B,172.168.1.8
      216,04/07/2019,14:54,B,172.168.1.8
      309,04/07/2019,14:54,B,172.168.1.8
       64,04/07/2019,14:56,B,172.168.1.8
      211,04/07/2019,14:59,B,172.168.1.8
      303,04/07/2019,15:03,B,172.168.1.8
      301,04/07/2019,15:08,B,172.168.1.8
      121,04/07/2019,15:16,B,172.168.1.8
       10,04/07/2019,15:27,B,172.168.1.8
      305,04/07/2019,15:31,B,172.168.1.8
      210,04/07/2019,15:33,B,172.168.1.8
      210,04/07/2019,15:34,B,172.168.1.8
      207,04/07/2019,15:36,B,172.168.1.8
       20,04/07/2019,15:39,B,172.168.1.8
        5,04/07/2019,15:45,B,172.168.1.8
      129,04/07/2019,15:52,B,172.168.1.8
       23,04/07/2019,15:55,B,172.168.1.8
       35,04/07/2019,15:55,B,172.168.1.8
      298,04/07/2019,16:09,B,172.168.1.8
      126,04/07/2019,16:11,B,172.168.1.8
       30,04/07/2019,16:21,B,172.168.1.8
       32,04/07/2019,16:29,B,172.168.1.8
       64,04/07/2019,16:29,B,172.168.1.8
       21,04/07/2019,16:30,B,172.168.1.8
        2,04/07/2019,16:32,B,172.168.1.8
       28,04/07/2019,16:34,B,172.168.1.8
       22,04/07/2019,16:35,B,172.168.1.8
      119,04/07/2019,16:38,B,172.168.1.8
       19,04/07/2019,16:47,B,172.168.1.8
       25,04/07/2019,16:49,B,172.168.1.8
       26,04/07/2019,16:57,B,172.168.1.8
       27,04/07/2019,16:58,B,172.168.1.8
      131,04/07/2019,17:08,B,172.168.1.8
      122,04/07/2019,17:10,B,172.168.1.8
      110,04/07/2019,17:10,B,172.168.1.8
      110,04/07/2019,17:10,B,172.168.1.8
      109,04/07/2019,17:11,B,172.168.1.8
      127,04/07/2019,17:12,B,172.168.1.8
      289,04/07/2019,17:14,B,172.168.1.8
      261,04/07/2019,17:16,B,172.168.1.8
      120,04/07/2019,17:16,B,172.168.1.8
        9,04/07/2019,17:17,B,172.168.1.8
      295,04/07/2019,17:19,B,172.168.1.8
      271,04/07/2019,17:19,B,172.168.1.8
      297,04/07/2019,17:19,B,172.168.1.8
      118,04/07/2019,17:20,B,172.168.1.8
      268,04/07/2019,17:24,B,172.168.1.8
      115,04/07/2019,17:25,B,172.168.1.8
      251,04/07/2019,17:25,B,172.168.1.8
      254,04/07/2019,17:25,B,172.168.1.8
      268,04/07/2019,17:26,B,172.168.1.8
      251,04/07/2019,17:26,B,172.168.1.8
      251,04/07/2019,17:26,B,172.168.1.8
      101,04/07/2019,17:31,B,172.168.1.8
      112,04/07/2019,17:33,B,172.168.1.8
      112,04/07/2019,17:33,B,172.168.1.8
      256,04/07/2019,17:40,B,172.168.1.8
      258,04/07/2019,17:42,B,172.168.1.8
      273,04/07/2019,17:42,B,172.168.1.8
      280,04/07/2019,17:42,B,172.168.1.8
      114,04/07/2019,17:43,B,172.168.1.8
      293,04/07/2019,18:05,B,172.168.1.8
      128,04/07/2019,18:12,B,172.168.1.8
      117,04/07/2019,18:13,B,172.168.1.8
      310,04/07/2019,18:13,B,172.168.1.8
      296,04/07/2019,18:13,B,172.168.1.8
      116,04/07/2019,18:15,B,172.168.1.8
      290,04/07/2019,18:21,B,172.168.1.8
      106,04/07/2019,18:21,B,172.168.1.8
      260,04/07/2019,20:02,B,172.168.1.8
      255,04/07/2019,21:56,B,172.168.1.8
      121,05/07/2019,06:59,B,172.168.1.8
      273,05/07/2019,07:21,B,172.168.1.8
      216,05/07/2019,07:42,B,172.168.1.8
      298,05/07/2019,07:53,B,172.168.1.8
      215,05/07/2019,07:57,B,172.168.1.8
      126,05/07/2019,08:01,B,172.168.1.8
      260,05/07/2019,08:10,B,172.168.1.8
      212,05/07/2019,08:15,B,172.168.1.8
      202,05/07/2019,08:17,B,172.168.1.8
      255,05/07/2019,08:24,B,172.168.1.8
      214,05/07/2019,08:32,B,172.168.1.8
       64,05/07/2019,08:43,B,172.168.1.8
       36,05/07/2019,08:49,B,172.168.1.8
       24,05/07/2019,08:50,B,172.168.1.8
      296,05/07/2019,08:50,B,172.168.1.8
      112,05/07/2019,08:50,B,172.168.1.8
       23,05/07/2019,08:54,B,172.168.1.8
      115,05/07/2019,08:55,B,172.168.1.8
      205,05/07/2019,09:00,B,172.168.1.8
      203,05/07/2019,09:05,B,172.168.1.8
      209,05/07/2019,09:05,B,172.168.1.8
       20,05/07/2019,09:07,B,172.168.1.8
      119,05/07/2019,09:13,B,172.168.1.8
      119,05/07/2019,09:13,B,172.168.1.8
        8,05/07/2019,09:15,B,172.168.1.8
        8,05/07/2019,09:16,B,172.168.1.8
      120,05/07/2019,09:16,B,172.168.1.8
      312,05/07/2019,09:18,B,172.168.1.8
      123,05/07/2019,09:23,B,172.168.1.8
      268,05/07/2019,09:25,B,172.168.1.8
      309,05/07/2019,09:30,B,172.168.1.8
      280,05/07/2019,09:33,B,172.168.1.8
      211,05/07/2019,09:34,B,172.168.1.8
      303,05/07/2019,09:36,B,172.168.1.8
      254,05/07/2019,09:39,B,172.168.1.8
      256,05/07/2019,09:43,B,172.168.1.8
      128,05/07/2019,09:54,B,172.168.1.8
      109,05/07/2019,09:54,B,172.168.1.8
      110,05/07/2019,09:54,B,172.168.1.8
      127,05/07/2019,09:54,B,172.168.1.8
      206,05/07/2019,09:55,B,172.168.1.8
      118,05/07/2019,09:57,B,172.168.1.8
      122,05/07/2019,09:58,B,172.168.1.8
      114,05/07/2019,09:58,B,172.168.1.8
      297,05/07/2019,10:06,B,172.168.1.8
      289,05/07/2019,10:12,B,172.168.1.8
      204,05/07/2019,10:15,B,172.168.1.8
      310,05/07/2019,10:16,B,172.168.1.8
      116,05/07/2019,10:16,B,172.168.1.8
       65,05/07/2019,10:17,B,172.168.1.8
      271,05/07/2019,10:24,B,172.168.1.8
       21,05/07/2019,10:24,B,172.168.1.8
      101,05/07/2019,10:26,B,172.168.1.8
      101,05/07/2019,10:27,B,172.168.1.8
       26,05/07/2019,10:28,B,172.168.1.8
      301,05/07/2019,10:29,B,172.168.1.8
       28,05/07/2019,10:30,B,172.168.1.8
      295,05/07/2019,10:32,B,172.168.1.8
       22,05/07/2019,10:32,B,172.168.1.8
      293,05/07/2019,10:32,B,172.168.1.8
      131,05/07/2019,10:33,B,172.168.1.8
      117,05/07/2019,10:33,B,172.168.1.8
      213,05/07/2019,10:33,B,172.168.1.8
       30,05/07/2019,10:36,B,172.168.1.8
       31,05/07/2019,10:52,B,172.168.1.8
      261,05/07/2019,10:57,B,172.168.1.8
        5,05/07/2019,11:01,B,172.168.1.8
      201,05/07/2019,11:12,B,172.168.1.8
      251,05/07/2019,11:14,B,172.168.1.8
        9,05/07/2019,11:19,B,172.168.1.8
      106,05/07/2019,11:22,B,172.168.1.8
       19,05/07/2019,11:27,B,172.168.1.8
      305,05/07/2019,11:29,B,172.168.1.8
       10,05/07/2019,11:30,B,172.168.1.8
      210,05/07/2019,11:58,B,172.168.1.8
        2,05/07/2019,12:07,B,172.168.1.8
       64,05/07/2019,12:22,B,172.168.1.8
       65,05/07/2019,12:25,B,172.168.1.8
      212,05/07/2019,12:55,B,172.168.1.8
      215,05/07/2019,12:56,B,172.168.1.8
      216,05/07/2019,13:03,B,172.168.1.8
      129,05/07/2019,13:06,B,172.168.1.8
      290,05/07/2019,13:19,B,172.168.1.8
      202,05/07/2019,13:30,B,172.168.1.8
      110,05/07/2019,13:35,B,172.168.1.8
       18,05/07/2019,13:53,B,172.168.1.8
       72,05/07/2019,13:58,B,172.168.1.8
      205,05/07/2019,14:00,B,172.168.1.8
      205,05/07/2019,14:00,B,172.168.1.8
      214,05/07/2019,14:00,B,172.168.1.8
      201,05/07/2019,14:05,B,172.168.1.8
      203,05/07/2019,14:06,B,172.168.1.8
      209,05/07/2019,14:10,B,172.168.1.8
      213,05/07/2019,14:10,B,172.168.1.8
       36,05/07/2019,14:15,B,172.168.1.8
      204,05/07/2019,14:29,B,172.168.1.8
      206,05/07/2019,14:30,B,172.168.1.8
      211,05/07/2019,14:34,B,172.168.1.8
       22,05/07/2019,14:37,B,172.168.1.8
       22,05/07/2019,14:38,B,172.168.1.8
       21,05/07/2019,14:38,B,172.168.1.8
      303,05/07/2019,14:39,B,172.168.1.8
      126,05/07/2019,14:52,B,172.168.1.8
       72,05/07/2019,14:52,B,172.168.1.8
       24,05/07/2019,14:53,B,172.168.1.8
      312,05/07/2019,14:53,B,172.168.1.8
       20,05/07/2019,14:54,B,172.168.1.8
      126,05/07/2019,14:58,B,172.168.1.8
      301,05/07/2019,15:00,B,172.168.1.8
       23,05/07/2019,15:02,B,172.168.1.8
      305,05/07/2019,15:17,B,172.168.1.8
      210,05/07/2019,15:17,B,172.168.1.8
      121,05/07/2019,15:25,B,172.168.1.8
      101,05/07/2019,15:38,B,172.168.1.8
      298,05/07/2019,15:57,B,172.168.1.8
        8,05/07/2019,16:06,B,172.168.1.8
      118,05/07/2019,16:12,B,172.168.1.8
       26,05/07/2019,16:24,B,172.168.1.8
        2,05/07/2019,16:33,B,172.168.1.8
       32,05/07/2019,16:33,B,172.168.1.8
        9,05/07/2019,16:45,B,172.168.1.8
       29,05/07/2019,16:45,B,172.168.1.8
        5,05/07/2019,16:54,B,172.168.1.8
       19,05/07/2019,16:57,B,172.168.1.8
       35,05/07/2019,17:01,B,172.168.1.8
      109,05/07/2019,17:02,B,172.168.1.8
      271,05/07/2019,17:03,B,172.168.1.8
      131,05/07/2019,17:03,B,172.168.1.8
      295,05/07/2019,17:03,B,172.168.1.8
       28,05/07/2019,17:04,B,172.168.1.8
      128,05/07/2019,17:05,B,172.168.1.8
       10,05/07/2019,17:05,B,172.168.1.8
      129,05/07/2019,17:06,B,172.168.1.8
      289,05/07/2019,17:07,B,172.168.1.8
      127,05/07/2019,17:11,B,172.168.1.8
      122,05/07/2019,17:11,B,172.168.1.8
      261,05/07/2019,17:12,B,172.168.1.8
      120,05/07/2019,17:12,B,172.168.1.8
      297,05/07/2019,17:14,B,172.168.1.8
      256,05/07/2019,17:15,B,172.168.1.8
      293,05/07/2019,17:17,B,172.168.1.8
      280,05/07/2019,17:19,B,172.168.1.8
      268,05/07/2019,17:21,B,172.168.1.8
      115,05/07/2019,17:32,B,172.168.1.8
      254,05/07/2019,17:32,B,172.168.1.8
      251,05/07/2019,17:33,B,172.168.1.8
      114,05/07/2019,17:39,B,172.168.1.8
      273,05/07/2019,17:40,B,172.168.1.8
       30,05/07/2019,17:48,B,172.168.1.8
      290,05/07/2019,17:59,B,172.168.1.8
      117,05/07/2019,18:00,B,172.168.1.8
      116,05/07/2019,18:01,B,172.168.1.8
      112,05/07/2019,18:01,B,172.168.1.8
      106,05/07/2019,18:01,B,172.168.1.8
      310,05/07/2019,18:02,B,172.168.1.8
      296,05/07/2019,18:03,B,172.168.1.8
      112,05/07/2019,18:03,B,172.168.1.8
      260,05/07/2019,20:18,B,172.168.1.8
      123,05/07/2019,21:56,B,172.168.1.8
      121,06/07/2019,07:20,B,172.168.1.8
      255,06/07/2019,07:33,B,172.168.1.8
      207,06/07/2019,07:46,B,172.168.1.8
      126,06/07/2019,07:52,B,172.168.1.8
      216,06/07/2019,08:04,B,172.168.1.8
      212,06/07/2019,08:05,B,172.168.1.8
      298,06/07/2019,08:14,B,172.168.1.8
      296,06/07/2019,08:24,B,172.168.1.8
      205,06/07/2019,08:25,B,172.168.1.8
      214,06/07/2019,08:35,B,172.168.1.8
      273,06/07/2019,08:37,B,172.168.1.8
      260,06/07/2019,08:55,B,172.168.1.8
      115,06/07/2019,08:58,B,172.168.1.8
      312,06/07/2019,09:00,B,172.168.1.8
       23,06/07/2019,09:00,B,172.168.1.8
      120,06/07/2019,09:05,B,172.168.1.8
      202,06/07/2019,09:07,B,172.168.1.8
       16,06/07/2019,09:12,B,172.168.1.8
      215,06/07/2019,09:14,B,172.168.1.8
      119,06/07/2019,09:21,B,172.168.1.8
       12,06/07/2019,09:24,B,172.168.1.8
      254,06/07/2019,09:24,B,172.168.1.8
      122,06/07/2019,09:24,B,172.168.1.8
      268,06/07/2019,09:30,B,172.168.1.8
      204,06/07/2019,09:31,B,172.168.1.8
       32,06/07/2019,09:34,B,172.168.1.8
       22,06/07/2019,09:38,B,172.168.1.8
      206,06/07/2019,09:39,B,172.168.1.8
      203,06/07/2019,09:39,B,172.168.1.8
      280,06/07/2019,09:41,B,172.168.1.8
      118,06/07/2019,09:42,B,172.168.1.8
       27,06/07/2019,09:44,B,172.168.1.8
       14,06/07/2019,09:47,B,172.168.1.8
      258,06/07/2019,09:49,B,172.168.1.8
      209,06/07/2019,09:49,B,172.168.1.8
       30,06/07/2019,09:49,B,172.168.1.8
       24,06/07/2019,09:54,B,172.168.1.8
       11,06/07/2019,09:55,B,172.168.1.8
      112,06/07/2019,09:56,B,172.168.1.8
      256,06/07/2019,10:04,B,172.168.1.8
      131,06/07/2019,10:04,B,172.168.1.8
      297,06/07/2019,10:06,B,172.168.1.8
      216,06/07/2019,10:07,B,172.168.1.8
      212,06/07/2019,10:07,B,172.168.1.8
      207,06/07/2019,10:07,B,172.168.1.8
      290,06/07/2019,10:07,B,172.168.1.8
      110,06/07/2019,10:09,B,172.168.1.8
      109,06/07/2019,10:09,B,172.168.1.8
      127,06/07/2019,10:12,B,172.168.1.8
       18,06/07/2019,10:17,B,172.168.1.8
      289,06/07/2019,10:19,B,172.168.1.8
      116,06/07/2019,10:20,B,172.168.1.8
       21,06/07/2019,10:20,B,172.168.1.8
      101,06/07/2019,10:26,B,172.168.1.8
      128,06/07/2019,10:31,B,172.168.1.8
      128,06/07/2019,10:31,B,172.168.1.8
      129,06/07/2019,10:31,B,172.168.1.8
      114,06/07/2019,10:33,B,172.168.1.8
      211,06/07/2019,10:34,B,172.168.1.8
      123,06/07/2019,10:36,B,172.168.1.8
      261,06/07/2019,10:38,B,172.168.1.8
       17,06/07/2019,10:43,B,172.168.1.8
        5,06/07/2019,10:51,B,172.168.1.8
      293,06/07/2019,10:58,B,172.168.1.8
        2,06/07/2019,10:58,B,172.168.1.8
      201,06/07/2019,10:59,B,172.168.1.8
      205,06/07/2019,11:01,B,172.168.1.8
        1,06/07/2019,11:01,B,172.168.1.8
        9,06/07/2019,11:03,B,172.168.1.8
      251,06/07/2019,11:03,B,172.168.1.8
      303,06/07/2019,11:14,B,172.168.1.8
      303,06/07/2019,11:14,B,172.168.1.8
      271,06/07/2019,11:14,B,172.168.1.8
      310,06/07/2019,11:14,B,172.168.1.8
       72,06/07/2019,11:17,B,172.168.1.8
      295,06/07/2019,11:18,B,172.168.1.8
       26,06/07/2019,11:19,B,172.168.1.8
      213,06/07/2019,11:25,B,172.168.1.8
      106,06/07/2019,11:28,B,172.168.1.8
      202,06/07/2019,11:33,B,172.168.1.8
      214,06/07/2019,11:36,B,172.168.1.8
      206,06/07/2019,11:41,B,172.168.1.8
       19,06/07/2019,11:44,B,172.168.1.8
      215,06/07/2019,11:44,B,172.168.1.8
      210,06/07/2019,11:48,B,172.168.1.8
      203,06/07/2019,11:50,B,172.168.1.8
      204,06/07/2019,12:03,B,172.168.1.8
      213,06/07/2019,12:15,B,172.168.1.8
      209,06/07/2019,12:15,B,172.168.1.8
      203,06/07/2019,12:15,B,172.168.1.8
       28,06/07/2019,12:22,B,172.168.1.8
       16,06/07/2019,12:23,B,172.168.1.8
       24,06/07/2019,12:26,B,172.168.1.8
       18,06/07/2019,12:30,B,172.168.1.8
      312,06/07/2019,12:56,B,172.168.1.8
       21,06/07/2019,13:00,B,172.168.1.8
       11,06/07/2019,13:05,B,172.168.1.8
      211,06/07/2019,13:06,B,172.168.1.8
        5,06/07/2019,13:15,B,172.168.1.8
      210,06/07/2019,13:26,B,172.168.1.8
      280,06/07/2019,13:28,B,172.168.1.8
      201,06/07/2019,13:29,B,172.168.1.8
        9,06/07/2019,13:32,B,172.168.1.8
       17,06/07/2019,13:51,B,172.168.1.8
       35,06/07/2019,13:54,B,172.168.1.8
       36,06/07/2019,14:03,B,172.168.1.8
       23,06/07/2019,14:36,B,172.168.1.8
       27,06/07/2019,14:40,B,172.168.1.8
       30,06/07/2019,15:13,B,172.168.1.8
       19,06/07/2019,15:17,B,172.168.1.8
      121,06/07/2019,15:19,B,172.168.1.8
       12,06/07/2019,15:24,B,172.168.1.8
       22,06/07/2019,15:24,B,172.168.1.8
      121,06/07/2019,15:28,B,172.168.1.8
       72,06/07/2019,15:36,B,172.168.1.8
      303,06/07/2019,15:36,B,172.168.1.8
      303,06/07/2019,15:36,B,172.168.1.8
      126,06/07/2019,15:52,B,172.168.1.8
       28,06/07/2019,16:00,B,172.168.1.8
       26,06/07/2019,16:01,B,172.168.1.8
      298,06/07/2019,16:05,B,172.168.1.8
      119,06/07/2019,16:39,B,172.168.1.8
       29,06/07/2019,16:47,B,172.168.1.8
       35,06/07/2019,17:00,B,172.168.1.8
       36,06/07/2019,17:00,B,172.168.1.8
      110,06/07/2019,17:01,B,172.168.1.8
      116,06/07/2019,17:02,B,172.168.1.8
      109,06/07/2019,17:02,B,172.168.1.8
      118,06/07/2019,17:09,B,172.168.1.8
      122,06/07/2019,17:10,B,172.168.1.8
      127,06/07/2019,17:13,B,172.168.1.8
      261,06/07/2019,17:13,B,172.168.1.8
      289,06/07/2019,17:13,B,172.168.1.8
      268,06/07/2019,17:13,B,172.168.1.8
      271,06/07/2019,17:13,B,172.168.1.8
      120,06/07/2019,17:15,B,172.168.1.8
      296,06/07/2019,17:15,B,172.168.1.8
      295,06/07/2019,17:16,B,172.168.1.8
       32,06/07/2019,17:16,B,172.168.1.8
      271,06/07/2019,17:16,B,172.168.1.8
      297,06/07/2019,17:16,B,172.168.1.8
      118,06/07/2019,17:23,B,172.168.1.8
      273,06/07/2019,17:36,B,172.168.1.8
      129,06/07/2019,17:38,B,172.168.1.8
      129,06/07/2019,17:40,B,172.168.1.8
      131,06/07/2019,17:42,B,172.168.1.8
      112,06/07/2019,17:43,B,172.168.1.8
      114,06/07/2019,17:52,B,172.168.1.8
        8,06/07/2019,18:12,B,172.168.1.8
      106,06/07/2019,18:17,B,172.168.1.8
      258,06/07/2019,18:18,B,172.168.1.8
      293,06/07/2019,18:20,B,172.168.1.8
      290,06/07/2019,18:21,B,172.168.1.8
      290,06/07/2019,18:21,B,172.168.1.8
        2,06/07/2019,18:23,B,172.168.1.8
      310,06/07/2019,18:24,B,172.168.1.8
      115,06/07/2019,18:31,B,172.168.1.8
      254,06/07/2019,18:31,B,172.168.1.8
      251,06/07/2019,18:31,B,172.168.1.8
      255,06/07/2019,18:34,B,172.168.1.8
      115,06/07/2019,18:41,B,172.168.1.8
        1,06/07/2019,19:22,B,172.168.1.8
      101,06/07/2019,19:28,B,172.168.1.8
      256,06/07/2019,19:40,B,172.168.1.8
      260,06/07/2019,19:40,B,172.168.1.8
      123,06/07/2019,21:50,B,172.168.1.8
      126,07/07/2019,09:28,B,172.168.1.8
      126,07/07/2019,18:05,B,172.168.1.8
      121,08/07/2019,06:55,B,172.168.1.8
      126,08/07/2019,07:08,B,172.168.1.8
      273,08/07/2019,07:25,B,172.168.1.8
      214,08/07/2019,07:28,B,172.168.1.8
      215,08/07/2019,07:48,B,172.168.1.8
      255,08/07/2019,07:57,B,172.168.1.8
      260,08/07/2019,08:11,B,172.168.1.8
      212,08/07/2019,08:15,B,172.168.1.8
      296,08/07/2019,08:21,B,172.168.1.8
      298,08/07/2019,08:29,B,172.168.1.8
      202,08/07/2019,08:30,B,172.168.1.8
      301,08/07/2019,08:31,B,172.168.1.8
      112,08/07/2019,08:39,B,172.168.1.8
      115,08/07/2019,08:49,B,172.168.1.8
       14,08/07/2019,08:53,B,172.168.1.8
       64,08/07/2019,08:57,B,172.168.1.8
      213,08/07/2019,09:03,B,172.168.1.8
       23,08/07/2019,09:08,B,172.168.1.8
      209,08/07/2019,09:08,B,172.168.1.8
      204,08/07/2019,09:09,B,172.168.1.8
       36,08/07/2019,09:09,B,172.168.1.8
      312,08/07/2019,09:09,B,172.168.1.8
      120,08/07/2019,09:09,B,172.168.1.8
      119,08/07/2019,09:13,B,172.168.1.8
       17,08/07/2019,09:17,B,172.168.1.8
       22,08/07/2019,09:19,B,172.168.1.8
       18,08/07/2019,09:21,B,172.168.1.8
       25,08/07/2019,09:26,B,172.168.1.8
      256,08/07/2019,09:30,B,172.168.1.8
      268,08/07/2019,09:37,B,172.168.1.8
       32,08/07/2019,09:37,B,172.168.1.8
      254,08/07/2019,09:37,B,172.168.1.8
      118,08/07/2019,09:38,B,172.168.1.8
       19,08/07/2019,09:40,B,172.168.1.8
      122,08/07/2019,09:45,B,172.168.1.8
       27,08/07/2019,09:47,B,172.168.1.8
      211,08/07/2019,09:49,B,172.168.1.8
      310,08/07/2019,09:51,B,172.168.1.8
      258,08/07/2019,09:56,B,172.168.1.8
      290,08/07/2019,09:56,B,172.168.1.8
      290,08/07/2019,09:56,B,172.168.1.8
      305,08/07/2019,09:56,B,172.168.1.8
      128,08/07/2019,09:57,B,172.168.1.8
      117,08/07/2019,09:58,B,172.168.1.8
       11,08/07/2019,09:58,B,172.168.1.8
      123,08/07/2019,10:00,B,172.168.1.8
      114,08/07/2019,10:01,B,172.168.1.8
      297,08/07/2019,10:03,B,172.168.1.8
       29,08/07/2019,10:05,B,172.168.1.8
      203,08/07/2019,10:08,B,172.168.1.8
       12,08/07/2019,10:09,B,172.168.1.8
        1,08/07/2019,10:10,B,172.168.1.8
      271,08/07/2019,10:12,B,172.168.1.8
      289,08/07/2019,10:12,B,172.168.1.8
      131,08/07/2019,10:19,B,172.168.1.8
      109,08/07/2019,10:21,B,172.168.1.8
      110,08/07/2019,10:21,B,172.168.1.8
        2,08/07/2019,10:22,B,172.168.1.8
      127,08/07/2019,10:25,B,172.168.1.8
      129,08/07/2019,10:25,B,172.168.1.8
      116,08/07/2019,10:28,B,172.168.1.8
      293,08/07/2019,10:30,B,172.168.1.8
        8,08/07/2019,10:33,B,172.168.1.8
       72,08/07/2019,10:42,B,172.168.1.8
      261,08/07/2019,10:42,B,172.168.1.8
      101,08/07/2019,10:43,B,172.168.1.8
      207,08/07/2019,10:44,B,172.168.1.8
       28,08/07/2019,10:50,B,172.168.1.8
      201,08/07/2019,10:52,B,172.168.1.8
      301,08/07/2019,10:56,B,172.168.1.8
       24,08/07/2019,11:01,B,172.168.1.8
      251,08/07/2019,11:08,B,172.168.1.8
      205,08/07/2019,11:19,B,172.168.1.8
      106,08/07/2019,11:49,B,172.168.1.8
       35,08/07/2019,11:52,B,172.168.1.8
       10,08/07/2019,11:52,B,172.168.1.8
        5,08/07/2019,11:54,B,172.168.1.8
       26,08/07/2019,11:57,B,172.168.1.8
       30,08/07/2019,12:06,B,172.168.1.8
       64,08/07/2019,12:19,B,172.168.1.8
      309,08/07/2019,12:21,B,172.168.1.8
      215,08/07/2019,12:51,B,172.168.1.8
      214,08/07/2019,13:00,B,172.168.1.8
       65,08/07/2019,13:01,B,172.168.1.8
      212,08/07/2019,13:15,B,172.168.1.8
      202,08/07/2019,13:26,B,172.168.1.8
      202,08/07/2019,13:27,B,172.168.1.8
        2,08/07/2019,13:44,B,172.168.1.8
      311,08/07/2019,13:52,B,172.168.1.8
      305,08/07/2019,13:58,B,172.168.1.8
      204,08/07/2019,14:08,B,172.168.1.8
      209,08/07/2019,14:09,B,172.168.1.8
      213,08/07/2019,14:09,B,172.168.1.8
       36,08/07/2019,14:14,B,172.168.1.8
       20,08/07/2019,14:17,B,172.168.1.8
      122,08/07/2019,14:22,B,172.168.1.8
      211,08/07/2019,14:49,B,172.168.1.8
       22,08/07/2019,15:06,B,172.168.1.8
      201,08/07/2019,15:17,B,172.168.1.8
      201,08/07/2019,15:17,B,172.168.1.8
      203,08/07/2019,15:17,B,172.168.1.8
      205,08/07/2019,15:19,B,172.168.1.8
      205,08/07/2019,15:19,B,172.168.1.8
      201,08/07/2019,15:20,B,172.168.1.8
      121,08/07/2019,15:23,B,172.168.1.8
       18,08/07/2019,15:26,B,172.168.1.8
       19,08/07/2019,15:27,B,172.168.1.8
       29,08/07/2019,15:38,B,172.168.1.8
      309,08/07/2019,15:46,B,172.168.1.8
       27,08/07/2019,15:48,B,172.168.1.8
      311,08/07/2019,15:49,B,172.168.1.8
       28,08/07/2019,15:56,B,172.168.1.8
      255,08/07/2019,16:01,B,172.168.1.8
      312,08/07/2019,16:01,B,172.168.1.8
       23,08/07/2019,16:04,B,172.168.1.8
      303,08/07/2019,16:07,B,172.168.1.8
       72,08/07/2019,16:07,B,172.168.1.8
      312,08/07/2019,16:08,B,172.168.1.8
      298,08/07/2019,16:12,B,172.168.1.8
       35,08/07/2019,16:29,B,172.168.1.8
       26,08/07/2019,16:30,B,172.168.1.8
        5,08/07/2019,16:30,B,172.168.1.8
       24,08/07/2019,16:36,B,172.168.1.8
      119,08/07/2019,16:38,B,172.168.1.8
        8,08/07/2019,16:50,B,172.168.1.8
       25,08/07/2019,16:59,B,172.168.1.8
       10,08/07/2019,17:00,B,172.168.1.8
       11,08/07/2019,17:04,B,172.168.1.8
       14,08/07/2019,17:08,B,172.168.1.8
        9,08/07/2019,17:09,B,172.168.1.8
      110,08/07/2019,17:10,B,172.168.1.8
      131,08/07/2019,17:10,B,172.168.1.8
      109,08/07/2019,17:11,B,172.168.1.8
       65,08/07/2019,17:11,B,172.168.1.8
       32,08/07/2019,17:13,B,172.168.1.8
      128,08/07/2019,17:13,B,172.168.1.8
      118,08/07/2019,17:14,B,172.168.1.8
      271,08/07/2019,17:15,B,172.168.1.8
      268,08/07/2019,17:15,B,172.168.1.8
      123,08/07/2019,17:16,B,172.168.1.8
       12,08/07/2019,17:18,B,172.168.1.8
      289,08/07/2019,17:18,B,172.168.1.8
      297,08/07/2019,17:18,B,172.168.1.8
      127,08/07/2019,17:19,B,172.168.1.8
      261,08/07/2019,17:20,B,172.168.1.8
      120,08/07/2019,17:20,B,172.168.1.8
      254,08/07/2019,17:24,B,172.168.1.8
      129,08/07/2019,17:27,B,172.168.1.8
      115,08/07/2019,17:30,B,172.168.1.8
      251,08/07/2019,17:30,B,172.168.1.8
      254,08/07/2019,17:30,B,172.168.1.8
      129,08/07/2019,17:30,B,172.168.1.8
        1,08/07/2019,17:34,B,172.168.1.8
      273,08/07/2019,17:42,B,172.168.1.8
      114,08/07/2019,17:45,B,172.168.1.8
      101,08/07/2019,17:49,B,172.168.1.8
      256,08/07/2019,17:50,B,172.168.1.8
       30,08/07/2019,17:51,B,172.168.1.8
      258,08/07/2019,18:05,B,172.168.1.8
      310,08/07/2019,18:06,B,172.168.1.8
      117,08/07/2019,18:08,B,172.168.1.8
      116,08/07/2019,18:08,B,172.168.1.8
      296,08/07/2019,18:10,B,172.168.1.8
      112,08/07/2019,18:10,B,172.168.1.8
      116,08/07/2019,18:12,B,172.168.1.8
      260,08/07/2019,18:17,B,172.168.1.8
      310,08/07/2019,18:17,B,172.168.1.8
      293,08/07/2019,18:26,B,172.168.1.8
      290,08/07/2019,18:28,B,172.168.1.8
      106,08/07/2019,18:28,B,172.168.1.8
      126,08/07/2019,22:04,B,172.168.1.8
      121,09/07/2019,06:56,B,172.168.1.8
      126,09/07/2019,07:13,B,172.168.1.8
      273,09/07/2019,07:23,B,172.168.1.8
      215,09/07/2019,07:46,B,172.168.1.8
      207,09/07/2019,07:46,B,172.168.1.8
      212,09/07/2019,08:06,B,172.168.1.8
      216,09/07/2019,08:06,B,172.168.1.8
      298,09/07/2019,08:07,B,172.168.1.8
      112,09/07/2019,08:10,B,172.168.1.8
      296,09/07/2019,08:11,B,172.168.1.8
      205,09/07/2019,08:15,B,172.168.1.8
      260,09/07/2019,08:20,B,172.168.1.8
       52,09/07/2019,08:21,B,172.168.1.8
       45,09/07/2019,08:21,B,172.168.1.8
      202,09/07/2019,08:35,B,172.168.1.8
       51,09/07/2019,08:43,B,172.168.1.8
       25,09/07/2019,08:47,B,172.168.1.8
       36,09/07/2019,08:48,B,172.168.1.8
      206,09/07/2019,08:50,B,172.168.1.8
      312,09/07/2019,08:51,B,172.168.1.8
      255,09/07/2019,08:55,B,172.168.1.8
       23,09/07/2019,09:05,B,172.168.1.8
      115,09/07/2019,09:05,B,172.168.1.8
      209,09/07/2019,09:05,B,172.168.1.8
      213,09/07/2019,09:05,B,172.168.1.8
      204,09/07/2019,09:06,B,172.168.1.8
        8,09/07/2019,09:07,B,172.168.1.8
      204,09/07/2019,09:09,B,172.168.1.8
      268,09/07/2019,09:13,B,172.168.1.8
      214,09/07/2019,09:16,B,172.168.1.8
       20,09/07/2019,09:23,B,172.168.1.8
      122,09/07/2019,09:25,B,172.168.1.8
       32,09/07/2019,09:26,B,172.168.1.8
      118,09/07/2019,09:34,B,172.168.1.8
      116,09/07/2019,09:41,B,172.168.1.8
      280,09/07/2019,09:43,B,172.168.1.8
      254,09/07/2019,09:43,B,172.168.1.8
       14,09/07/2019,09:45,B,172.168.1.8
      271,09/07/2019,09:52,B,172.168.1.8
       16,09/07/2019,09:52,B,172.168.1.8
      123,09/07/2019,09:55,B,172.168.1.8
      256,09/07/2019,09:55,B,172.168.1.8
      128,09/07/2019,09:57,B,172.168.1.8
      110,09/07/2019,09:58,B,172.168.1.8
      109,09/07/2019,09:58,B,172.168.1.8
      201,09/07/2019,09:59,B,172.168.1.8
      127,09/07/2019,10:01,B,172.168.1.8
      114,09/07/2019,10:02,B,172.168.1.8
      203,09/07/2019,10:04,B,172.168.1.8
      297,09/07/2019,10:05,B,172.168.1.8
      309,09/07/2019,10:07,B,172.168.1.8
      258,09/07/2019,10:09,B,172.168.1.8
      295,09/07/2019,10:10,B,172.168.1.8
       72,09/07/2019,10:11,B,172.168.1.8
       28,09/07/2019,10:11,B,172.168.1.8
       24,09/07/2019,10:12,B,172.168.1.8
       17,09/07/2019,10:12,B,172.168.1.8
      129,09/07/2019,10:14,B,172.168.1.8
      289,09/07/2019,10:15,B,172.168.1.8
      117,09/07/2019,10:18,B,172.168.1.8
      131,09/07/2019,10:18,B,172.168.1.8
       22,09/07/2019,10:19,B,172.168.1.8
      101,09/07/2019,10:22,B,172.168.1.8
       26,09/07/2019,10:27,B,172.168.1.8
        5,09/07/2019,10:40,B,172.168.1.8
       10,09/07/2019,10:40,B,172.168.1.8
       35,09/07/2019,10:43,B,172.168.1.8
      293,09/07/2019,10:43,B,172.168.1.8
       11,09/07/2019,10:44,B,172.168.1.8
       30,09/07/2019,10:52,B,172.168.1.8
      251,09/07/2019,10:53,B,172.168.1.8
       19,09/07/2019,11:26,B,172.168.1.8
       29,09/07/2019,11:27,B,172.168.1.8
       12,09/07/2019,11:29,B,172.168.1.8
      305,09/07/2019,11:56,B,172.168.1.8
      309,09/07/2019,12:12,B,172.168.1.8
       52,09/07/2019,12:19,B,172.168.1.8
        2,09/07/2019,12:26,B,172.168.1.8
      215,09/07/2019,12:58,B,172.168.1.8
       27,09/07/2019,12:59,B,172.168.1.8
      205,09/07/2019,13:17,B,172.168.1.8
      205,09/07/2019,13:17,B,172.168.1.8
      212,09/07/2019,13:24,B,172.168.1.8
      207,09/07/2019,13:24,B,172.168.1.8
      207,09/07/2019,13:24,B,172.168.1.8
      216,09/07/2019,13:25,B,172.168.1.8
      202,09/07/2019,13:30,B,172.168.1.8
      122,09/07/2019,13:37,B,172.168.1.8
      128,09/07/2019,13:51,B,172.168.1.8
      206,09/07/2019,13:55,B,172.168.1.8
      209,09/07/2019,14:10,B,172.168.1.8
      204,09/07/2019,14:10,B,172.168.1.8
      209,09/07/2019,14:10,B,172.168.1.8
       18,09/07/2019,14:10,B,172.168.1.8
      213,09/07/2019,14:10,B,172.168.1.8
        1,09/07/2019,14:13,B,172.168.1.8
      203,09/07/2019,14:56,B,172.168.1.8
      110,09/07/2019,14:56,B,172.168.1.8
      201,09/07/2019,14:56,B,172.168.1.8
       65,09/07/2019,14:58,B,172.168.1.8
      312,09/07/2019,14:59,B,172.168.1.8
      214,09/07/2019,15:00,B,172.168.1.8
      121,09/07/2019,15:16,B,172.168.1.8
      121,09/07/2019,15:17,B,172.168.1.8
       72,09/07/2019,15:24,B,172.168.1.8
       16,09/07/2019,15:27,B,172.168.1.8
      126,09/07/2019,15:30,B,172.168.1.8
      303,09/07/2019,15:30,B,172.168.1.8
       24,09/07/2019,15:42,B,172.168.1.8
      305,09/07/2019,15:48,B,172.168.1.8
      298,09/07/2019,15:55,B,172.168.1.8
       20,09/07/2019,15:59,B,172.168.1.8
       26,09/07/2019,16:12,B,172.168.1.8
       35,09/07/2019,16:14,B,172.168.1.8
       25,09/07/2019,16:30,B,172.168.1.8
        5,09/07/2019,16:31,B,172.168.1.8
       11,09/07/2019,16:33,B,172.168.1.8
       28,09/07/2019,16:35,B,172.168.1.8
        9,09/07/2019,16:35,B,172.168.1.8
       23,09/07/2019,16:36,B,172.168.1.8
       27,09/07/2019,16:41,B,172.168.1.8
      119,09/07/2019,16:48,B,172.168.1.8
       29,09/07/2019,16:50,B,172.168.1.8
       12,09/07/2019,16:53,B,172.168.1.8
       18,09/07/2019,16:57,B,172.168.1.8
       18,09/07/2019,16:57,B,172.168.1.8
       19,09/07/2019,16:59,B,172.168.1.8
       65,09/07/2019,17:01,B,172.168.1.8
       10,09/07/2019,17:02,B,172.168.1.8
       14,09/07/2019,17:02,B,172.168.1.8
      109,09/07/2019,17:13,B,172.168.1.8
      127,09/07/2019,17:15,B,172.168.1.8
        2,09/07/2019,17:16,B,172.168.1.8
      268,09/07/2019,17:17,B,172.168.1.8
      131,09/07/2019,17:17,B,172.168.1.8
      295,09/07/2019,17:19,B,172.168.1.8
      289,09/07/2019,17:19,B,172.168.1.8
      271,09/07/2019,17:20,B,172.168.1.8
      120,09/07/2019,17:20,B,172.168.1.8
       32,09/07/2019,17:20,B,172.168.1.8
      297,09/07/2019,17:21,B,172.168.1.8
      118,09/07/2019,17:21,B,172.168.1.8
       22,09/07/2019,17:24,B,172.168.1.8
       17,09/07/2019,17:27,B,172.168.1.8
      129,09/07/2019,17:36,B,172.168.1.8
      254,09/07/2019,17:38,B,172.168.1.8
      273,09/07/2019,17:38,B,172.168.1.8
      251,09/07/2019,17:39,B,172.168.1.8
      115,09/07/2019,17:39,B,172.168.1.8
      114,09/07/2019,17:41,B,172.168.1.8
      280,09/07/2019,17:44,B,172.168.1.8
       30,09/07/2019,17:45,B,172.168.1.8
      293,09/07/2019,17:50,B,172.168.1.8
      258,09/07/2019,17:53,B,172.168.1.8
      123,09/07/2019,17:55,B,172.168.1.8
      296,09/07/2019,17:55,B,172.168.1.8
      117,09/07/2019,18:02,B,172.168.1.8
      116,09/07/2019,18:02,B,172.168.1.8
      255,09/07/2019,18:30,B,172.168.1.8
      101,09/07/2019,18:48,B,172.168.1.8
        1,09/07/2019,18:49,B,172.168.1.8
      260,09/07/2019,20:02,B,172.168.1.8
      256,09/07/2019,22:10,B,172.168.1.8
      112,09/07/2019,22:11,B,172.168.1.8
      112,09/07/2019,22:11,B,172.168.1.8
      121,10/07/2019,06:56,B,172.168.1.8
      273,10/07/2019,07:17,B,172.168.1.8
      214,10/07/2019,07:29,B,172.168.1.8
      216,10/07/2019,07:55,B,172.168.1.8
      207,10/07/2019,07:55,B,172.168.1.8
      207,10/07/2019,07:55,B,172.168.1.8
      255,10/07/2019,07:56,B,172.168.1.8
      215,10/07/2019,08:00,B,172.168.1.8
      202,10/07/2019,08:07,B,172.168.1.8
      213,10/07/2019,08:08,B,172.168.1.8
      112,10/07/2019,08:11,B,172.168.1.8
      260,10/07/2019,08:19,B,172.168.1.8
      296,10/07/2019,08:21,B,172.168.1.8
      298,10/07/2019,08:23,B,172.168.1.8
       52,10/07/2019,08:24,B,172.168.1.8
      212,10/07/2019,08:31,B,172.168.1.8
      309,10/07/2019,08:41,B,172.168.1.8
       20,10/07/2019,08:43,B,172.168.1.8
       23,10/07/2019,08:44,B,172.168.1.8
      115,10/07/2019,08:48,B,172.168.1.8
      119,10/07/2019,08:49,B,172.168.1.8
       36,10/07/2019,08:49,B,172.168.1.8
      120,10/07/2019,08:57,B,172.168.1.8
      312,10/07/2019,08:59,B,172.168.1.8
       11,10/07/2019,09:00,B,172.168.1.8
      301,10/07/2019,09:01,B,172.168.1.8
       25,10/07/2019,09:07,B,172.168.1.8
       17,10/07/2019,09:10,B,172.168.1.8
      268,10/07/2019,09:14,B,172.168.1.8
        8,10/07/2019,09:21,B,172.168.1.8
       12,10/07/2019,09:23,B,172.168.1.8
      122,10/07/2019,09:29,B,172.168.1.8
       14,10/07/2019,09:29,B,172.168.1.8
      204,10/07/2019,09:32,B,172.168.1.8
      116,10/07/2019,09:38,B,172.168.1.8
      211,10/07/2019,09:39,B,172.168.1.8
      303,10/07/2019,09:40,B,172.168.1.8
      203,10/07/2019,09:42,B,172.168.1.8
      258,10/07/2019,09:44,B,172.168.1.8
      114,10/07/2019,09:48,B,172.168.1.8
       32,10/07/2019,09:49,B,172.168.1.8
       28,10/07/2019,09:50,B,172.168.1.8
      131,10/07/2019,09:52,B,172.168.1.8
      117,10/07/2019,09:53,B,172.168.1.8
      290,10/07/2019,09:54,B,172.168.1.8
      123,10/07/2019,09:55,B,172.168.1.8
      209,10/07/2019,09:57,B,172.168.1.8
      209,10/07/2019,09:57,B,172.168.1.8
      289,10/07/2019,09:58,B,172.168.1.8
      280,10/07/2019,09:59,B,172.168.1.8
       21,10/07/2019,10:01,B,172.168.1.8
      128,10/07/2019,10:03,B,172.168.1.8
      310,10/07/2019,10:03,B,172.168.1.8
      109,10/07/2019,10:03,B,172.168.1.8
      110,10/07/2019,10:03,B,172.168.1.8
      297,10/07/2019,10:05,B,172.168.1.8
      256,10/07/2019,10:05,B,172.168.1.8
        1,10/07/2019,10:06,B,172.168.1.8
      129,10/07/2019,10:08,B,172.168.1.8
      201,10/07/2019,10:10,B,172.168.1.8
      101,10/07/2019,10:11,B,172.168.1.8
      206,10/07/2019,10:12,B,172.168.1.8
      251,10/07/2019,10:16,B,172.168.1.8
      293,10/07/2019,10:20,B,172.168.1.8
      295,10/07/2019,10:25,B,172.168.1.8
       72,10/07/2019,10:26,B,172.168.1.8
       24,10/07/2019,10:27,B,172.168.1.8
      127,10/07/2019,10:34,B,172.168.1.8
       10,10/07/2019,10:36,B,172.168.1.8
        5,10/07/2019,10:39,B,172.168.1.8
       16,10/07/2019,10:50,B,172.168.1.8
       18,10/07/2019,10:53,B,172.168.1.8
        9,10/07/2019,10:54,B,172.168.1.8
       35,10/07/2019,10:58,B,172.168.1.8
       19,10/07/2019,11:17,B,172.168.1.8
       27,10/07/2019,11:18,B,172.168.1.8
       52,10/07/2019,11:27,B,172.168.1.8
       31,10/07/2019,11:27,B,172.168.1.8
       26,10/07/2019,11:34,B,172.168.1.8
      106,10/07/2019,11:36,B,172.168.1.8
        2,10/07/2019,11:46,B,172.168.1.8
       45,10/07/2019,11:59,B,172.168.1.8
      214,10/07/2019,13:05,B,172.168.1.8
      215,10/07/2019,13:06,B,172.168.1.8
      207,10/07/2019,13:08,B,172.168.1.8
      216,10/07/2019,13:09,B,172.168.1.8
      212,10/07/2019,13:09,B,172.168.1.8
      311,10/07/2019,13:44,B,172.168.1.8
      213,10/07/2019,13:47,B,172.168.1.8
      202,10/07/2019,13:55,B,172.168.1.8
       64,10/07/2019,14:07,B,172.168.1.8
       69,10/07/2019,14:18,B,172.168.1.8
      201,10/07/2019,14:24,B,172.168.1.8
      203,10/07/2019,14:24,B,172.168.1.8
      303,10/07/2019,14:30,B,172.168.1.8
       20,10/07/2019,14:44,B,172.168.1.8
       36,10/07/2019,14:49,B,172.168.1.8
      211,10/07/2019,14:57,B,172.168.1.8
        2,10/07/2019,14:59,B,172.168.1.8
      209,10/07/2019,15:00,B,172.168.1.8
      204,10/07/2019,15:00,B,172.168.1.8
      209,10/07/2019,15:00,B,172.168.1.8
      211,10/07/2019,15:01,B,172.168.1.8
      206,10/07/2019,15:10,B,172.168.1.8
      121,10/07/2019,15:11,B,172.168.1.8
      258,10/07/2019,15:11,B,172.168.1.8
       72,10/07/2019,15:25,B,172.168.1.8
      312,10/07/2019,15:28,B,172.168.1.8
       21,10/07/2019,15:39,B,172.168.1.8
       17,10/07/2019,15:47,B,172.168.1.8
       11,10/07/2019,15:50,B,172.168.1.8
        9,10/07/2019,15:53,B,172.168.1.8
       64,10/07/2019,15:56,B,172.168.1.8
       23,10/07/2019,15:58,B,172.168.1.8
      298,10/07/2019,16:05,B,172.168.1.8
      301,10/07/2019,16:06,B,172.168.1.8
        5,10/07/2019,16:08,B,172.168.1.8
       35,10/07/2019,16:19,B,172.168.1.8
       16,10/07/2019,16:20,B,172.168.1.8
       18,10/07/2019,16:20,B,172.168.1.8
       27,10/07/2019,16:36,B,172.168.1.8
       19,10/07/2019,16:47,B,172.168.1.8
       28,10/07/2019,16:49,B,172.168.1.8
      119,10/07/2019,16:52,B,172.168.1.8
       12,10/07/2019,16:54,B,172.168.1.8
       25,10/07/2019,16:55,B,172.168.1.8
       10,10/07/2019,17:03,B,172.168.1.8
      110,10/07/2019,17:12,B,172.168.1.8
      109,10/07/2019,17:12,B,172.168.1.8
       26,10/07/2019,17:13,B,172.168.1.8
      128,10/07/2019,17:13,B,172.168.1.8
      268,10/07/2019,17:14,B,172.168.1.8
      122,10/07/2019,17:15,B,172.168.1.8
      127,10/07/2019,17:16,B,172.168.1.8
      297,10/07/2019,17:17,B,172.168.1.8
      131,10/07/2019,17:19,B,172.168.1.8
      120,10/07/2019,17:20,B,172.168.1.8
      295,10/07/2019,17:26,B,172.168.1.8
       24,10/07/2019,17:26,B,172.168.1.8
      289,10/07/2019,17:28,B,172.168.1.8
      289,10/07/2019,17:28,B,172.168.1.8
      268,10/07/2019,17:30,B,172.168.1.8
       32,10/07/2019,17:31,B,172.168.1.8
       14,10/07/2019,17:33,B,172.168.1.8
      123,10/07/2019,17:36,B,172.168.1.8
       30,10/07/2019,17:40,B,172.168.1.8
      280,10/07/2019,17:45,B,172.168.1.8
      129,10/07/2019,17:47,B,172.168.1.8
      273,10/07/2019,17:49,B,172.168.1.8
        1,10/07/2019,17:53,B,172.168.1.8
      114,10/07/2019,17:54,B,172.168.1.8
      251,10/07/2019,17:54,B,172.168.1.8
      115,10/07/2019,17:57,B,172.168.1.8
      255,10/07/2019,18:03,B,172.168.1.8
      117,10/07/2019,18:09,B,172.168.1.8
      116,10/07/2019,18:10,B,172.168.1.8
      310,10/07/2019,18:11,B,172.168.1.8
      293,10/07/2019,18:15,B,172.168.1.8
      290,10/07/2019,18:15,B,172.168.1.8
      296,10/07/2019,18:16,B,172.168.1.8
      106,10/07/2019,18:16,B,172.168.1.8
      310,10/07/2019,18:17,B,172.168.1.8
      311,10/07/2019,18:17,B,172.168.1.8
      101,10/07/2019,18:46,B,172.168.1.8
      260,10/07/2019,20:27,B,172.168.1.8
      260,10/07/2019,20:27,B,172.168.1.8
      256,10/07/2019,22:00,B,172.168.1.8
      121,11/07/2019,06:54,B,172.168.1.8
      273,11/07/2019,07:26,B,172.168.1.8
      216,11/07/2019,07:46,B,172.168.1.8
      207,11/07/2019,07:53,B,172.168.1.8
      205,11/07/2019,07:57,B,172.168.1.8
      255,11/07/2019,07:57,B,172.168.1.8
      202,11/07/2019,08:00,B,172.168.1.8
      260,11/07/2019,08:28,B,172.168.1.8
       25,11/07/2019,08:30,B,172.168.1.8
      296,11/07/2019,08:33,B,172.168.1.8
      301,11/07/2019,08:38,B,172.168.1.8
       65,11/07/2019,08:40,B,172.168.1.8
      212,11/07/2019,08:46,B,172.168.1.8
      115,11/07/2019,08:48,B,172.168.1.8
       23,11/07/2019,08:49,B,172.168.1.8
      312,11/07/2019,08:53,B,172.168.1.8
       52,11/07/2019,08:56,B,172.168.1.8
      301,11/07/2019,08:57,B,172.168.1.8
      120,11/07/2019,08:58,B,172.168.1.8
      112,11/07/2019,09:03,B,172.168.1.8
      309,11/07/2019,09:07,B,172.168.1.8
      119,11/07/2019,09:08,B,172.168.1.8
      209,11/07/2019,09:08,B,172.168.1.8
      213,11/07/2019,09:08,B,172.168.1.8
      204,11/07/2019,09:09,B,172.168.1.8
       26,11/07/2019,09:13,B,172.168.1.8
       14,11/07/2019,09:15,B,172.168.1.8
      268,11/07/2019,09:23,B,172.168.1.8
      122,11/07/2019,09:29,B,172.168.1.8
       20,11/07/2019,09:30,B,172.168.1.8
      211,11/07/2019,09:33,B,172.168.1.8
      123,11/07/2019,09:37,B,172.168.1.8
      117,11/07/2019,09:38,B,172.168.1.8
      127,11/07/2019,09:46,B,172.168.1.8
      256,11/07/2019,09:52,B,172.168.1.8
      109,11/07/2019,09:53,B,172.168.1.8
      110,11/07/2019,09:53,B,172.168.1.8
       12,11/07/2019,09:54,B,172.168.1.8
       72,11/07/2019,09:56,B,172.168.1.8
      290,11/07/2019,09:56,B,172.168.1.8
      128,11/07/2019,09:58,B,172.168.1.8
      297,11/07/2019,09:58,B,172.168.1.8
       36,11/07/2019,10:00,B,172.168.1.8
      280,11/07/2019,10:01,B,172.168.1.8
      114,11/07/2019,10:01,B,172.168.1.8
      289,11/07/2019,10:02,B,172.168.1.8
      254,11/07/2019,10:03,B,172.168.1.8
      206,11/07/2019,10:03,B,172.168.1.8
      295,11/07/2019,10:05,B,172.168.1.8
      310,11/07/2019,10:06,B,172.168.1.8
      129,11/07/2019,10:06,B,172.168.1.8
      261,11/07/2019,10:06,B,172.168.1.8
       30,11/07/2019,10:23,B,172.168.1.8
       30,11/07/2019,10:23,B,172.168.1.8
      293,11/07/2019,10:26,B,172.168.1.8
      215,11/07/2019,10:28,B,172.168.1.8
      116,11/07/2019,10:33,B,172.168.1.8
      131,11/07/2019,10:34,B,172.168.1.8
      201,11/07/2019,10:40,B,172.168.1.8
       35,11/07/2019,10:45,B,172.168.1.8
        9,11/07/2019,10:50,B,172.168.1.8
      106,11/07/2019,10:53,B,172.168.1.8
       28,11/07/2019,11:02,B,172.168.1.8
      210,11/07/2019,11:11,B,172.168.1.8
       24,11/07/2019,11:25,B,172.168.1.8
       19,11/07/2019,11:27,B,172.168.1.8
       29,11/07/2019,11:37,B,172.168.1.8
       45,11/07/2019,11:43,B,172.168.1.8
        8,11/07/2019,11:43,B,172.168.1.8
       27,11/07/2019,11:53,B,172.168.1.8
       10,11/07/2019,12:01,B,172.168.1.8
      305,11/07/2019,12:13,B,172.168.1.8
      258,11/07/2019,12:30,B,172.168.1.8
      122,11/07/2019,12:42,B,172.168.1.8
      205,11/07/2019,13:01,B,172.168.1.8
      207,11/07/2019,13:12,B,172.168.1.8
      202,11/07/2019,13:13,B,172.168.1.8
      216,11/07/2019,13:38,B,172.168.1.8
       64,11/07/2019,13:49,B,172.168.1.8
      204,11/07/2019,14:08,B,172.168.1.8
      209,11/07/2019,14:09,B,172.168.1.8
      211,11/07/2019,14:49,B,172.168.1.8
      212,11/07/2019,14:55,B,172.168.1.8
      312,11/07/2019,15:02,B,172.168.1.8
      206,11/07/2019,15:06,B,172.168.1.8
       20,11/07/2019,15:09,B,172.168.1.8
      210,11/07/2019,15:12,B,172.168.1.8
      301,11/07/2019,15:12,B,172.168.1.8
      309,11/07/2019,15:15,B,172.168.1.8
       23,11/07/2019,15:26,B,172.168.1.8
      201,11/07/2019,15:30,B,172.168.1.8
      215,11/07/2019,15:30,B,172.168.1.8
       72,11/07/2019,15:30,B,172.168.1.8
      121,11/07/2019,15:45,B,172.168.1.8
       64,11/07/2019,15:45,B,172.168.1.8
      305,11/07/2019,15:48,B,172.168.1.8
       65,11/07/2019,15:59,B,172.168.1.8
       21,11/07/2019,16:05,B,172.168.1.8
       35,11/07/2019,16:10,B,172.168.1.8
        9,11/07/2019,16:30,B,172.168.1.8
       26,11/07/2019,16:33,B,172.168.1.8
       28,11/07/2019,16:34,B,172.168.1.8
      119,11/07/2019,16:38,B,172.168.1.8
       25,11/07/2019,16:58,B,172.168.1.8
       19,11/07/2019,17:02,B,172.168.1.8
      128,11/07/2019,17:12,B,172.168.1.8
      109,11/07/2019,17:13,B,172.168.1.8
      110,11/07/2019,17:14,B,172.168.1.8
      128,11/07/2019,17:15,B,172.168.1.8
      131,11/07/2019,17:17,B,172.168.1.8
      295,11/07/2019,17:18,B,172.168.1.8
      289,11/07/2019,17:19,B,172.168.1.8
      297,11/07/2019,17:19,B,172.168.1.8
      127,11/07/2019,17:20,B,172.168.1.8
      261,11/07/2019,17:21,B,172.168.1.8
      120,11/07/2019,17:22,B,172.168.1.8
      268,11/07/2019,17:23,B,172.168.1.8
      118,11/07/2019,17:23,B,172.168.1.8
       27,11/07/2019,17:24,B,172.168.1.8
       12,11/07/2019,17:26,B,172.168.1.8
       10,11/07/2019,17:34,B,172.168.1.8
       14,11/07/2019,17:35,B,172.168.1.8
        8,11/07/2019,17:37,B,172.168.1.8
      254,11/07/2019,17:39,B,172.168.1.8
      115,11/07/2019,17:40,B,172.168.1.8
      123,11/07/2019,17:40,B,172.168.1.8
        1,11/07/2019,17:40,B,172.168.1.8
      129,11/07/2019,17:41,B,172.168.1.8
      273,11/07/2019,17:42,B,172.168.1.8
       24,11/07/2019,17:48,B,172.168.1.8
      280,11/07/2019,17:50,B,172.168.1.8
      129,11/07/2019,17:54,B,172.168.1.8
       30,11/07/2019,17:59,B,172.168.1.8
      255,11/07/2019,18:04,B,172.168.1.8
      256,11/07/2019,18:10,B,172.168.1.8
      258,11/07/2019,18:11,B,172.168.1.8
      293,11/07/2019,18:11,B,172.168.1.8
      116,11/07/2019,18:14,B,172.168.1.8
      117,11/07/2019,18:15,B,172.168.1.8
      290,11/07/2019,18:16,B,172.168.1.8
      258,11/07/2019,18:16,B,172.168.1.8
      106,11/07/2019,18:16,B,172.168.1.8
      296,11/07/2019,18:16,B,172.168.1.8
      310,11/07/2019,18:17,B,172.168.1.8
      260,11/07/2019,19:23,B,172.168.1.8
      114,11/07/2019,22:12,B,172.168.1.8
      121,12/07/2019,07:03,B,172.168.1.8
      214,12/07/2019,07:21,B,172.168.1.8
      126,12/07/2019,07:21,B,172.168.1.8
      273,12/07/2019,07:35,B,172.168.1.8
      112,12/07/2019,07:39,B,172.168.1.8
      207,12/07/2019,07:56,B,172.168.1.8
      207,12/07/2019,07:56,B,172.168.1.8
      209,12/07/2019,08:01,B,172.168.1.8
      209,12/07/2019,08:01,B,172.168.1.8
      205,12/07/2019,08:16,B,172.168.1.8
       52,12/07/2019,08:18,B,172.168.1.8
      212,12/07/2019,08:20,B,172.168.1.8
      296,12/07/2019,08:26,B,172.168.1.8
      260,12/07/2019,08:29,B,172.168.1.8
       65,12/07/2019,08:33,B,172.168.1.8
      255,12/07/2019,08:36,B,172.168.1.8
       24,12/07/2019,08:39,B,172.168.1.8
       64,12/07/2019,08:41,B,172.168.1.8
      115,12/07/2019,08:50,B,172.168.1.8
       23,12/07/2019,08:51,B,172.168.1.8
       36,12/07/2019,08:54,B,172.168.1.8
      204,12/07/2019,08:58,B,172.168.1.8
      120,12/07/2019,08:59,B,172.168.1.8
       16,12/07/2019,09:07,B,172.168.1.8
      213,12/07/2019,09:08,B,172.168.1.8
      118,12/07/2019,09:10,B,172.168.1.8
      119,12/07/2019,09:13,B,172.168.1.8
       30,12/07/2019,09:13,B,172.168.1.8
      202,12/07/2019,09:15,B,172.168.1.8
      268,12/07/2019,09:17,B,172.168.1.8
      122,12/07/2019,09:19,B,172.168.1.8
        8,12/07/2019,09:27,B,172.168.1.8
      116,12/07/2019,09:28,B,172.168.1.8
      211,12/07/2019,09:34,B,172.168.1.8
      206,12/07/2019,09:38,B,172.168.1.8
      123,12/07/2019,09:42,B,172.168.1.8
      203,12/07/2019,09:43,B,172.168.1.8
       20,12/07/2019,09:45,B,172.168.1.8
      215,12/07/2019,09:45,B,172.168.1.8
      215,12/07/2019,09:46,B,172.168.1.8
      127,12/07/2019,09:49,B,172.168.1.8
      109,12/07/2019,09:49,B,172.168.1.8
      110,12/07/2019,09:50,B,172.168.1.8
      117,12/07/2019,09:50,B,172.168.1.8
      258,12/07/2019,09:50,B,172.168.1.8
      118,12/07/2019,09:52,B,172.168.1.8
      297,12/07/2019,09:57,B,172.168.1.8
      280,12/07/2019,09:58,B,172.168.1.8
      290,12/07/2019,09:59,B,172.168.1.8
      256,12/07/2019,10:00,B,172.168.1.8
      289,12/07/2019,10:01,B,172.168.1.8
      254,12/07/2019,10:01,B,172.168.1.8
      114,12/07/2019,10:03,B,172.168.1.8
      129,12/07/2019,10:06,B,172.168.1.8
      310,12/07/2019,10:06,B,172.168.1.8
      131,12/07/2019,10:06,B,172.168.1.8
       72,12/07/2019,10:10,B,172.168.1.8
      261,12/07/2019,10:13,B,172.168.1.8
      210,12/07/2019,10:20,B,172.168.1.8
      293,12/07/2019,10:31,B,172.168.1.8
      251,12/07/2019,10:34,B,172.168.1.8
      295,12/07/2019,10:37,B,172.168.1.8
      309,12/07/2019,10:39,B,172.168.1.8
      106,12/07/2019,10:43,B,172.168.1.8
        5,12/07/2019,10:45,B,172.168.1.8
       12,12/07/2019,10:46,B,172.168.1.8
      201,12/07/2019,10:49,B,172.168.1.8
       31,12/07/2019,10:52,B,172.168.1.8
      216,12/07/2019,10:53,B,172.168.1.8
       10,12/07/2019,10:54,B,172.168.1.8
       17,12/07/2019,11:08,B,172.168.1.8
       27,12/07/2019,11:13,B,172.168.1.8
       19,12/07/2019,11:21,B,172.168.1.8
       18,12/07/2019,11:31,B,172.168.1.8
       26,12/07/2019,11:48,B,172.168.1.8
       35,12/07/2019,11:50,B,172.168.1.8
       28,12/07/2019,11:51,B,172.168.1.8
      305,12/07/2019,11:56,B,172.168.1.8
       21,12/07/2019,12:01,B,172.168.1.8
        2,12/07/2019,12:03,B,172.168.1.8
      209,12/07/2019,12:13,B,172.168.1.8
      209,12/07/2019,12:13,B,172.168.1.8
       64,12/07/2019,12:23,B,172.168.1.8
      207,12/07/2019,12:57,B,172.168.1.8
      214,12/07/2019,13:00,B,172.168.1.8
      205,12/07/2019,13:18,B,172.168.1.8
      212,12/07/2019,13:21,B,172.168.1.8
      215,12/07/2019,13:56,B,172.168.1.8
      128,12/07/2019,14:07,B,172.168.1.8
      204,12/07/2019,14:08,B,172.168.1.8
      213,12/07/2019,14:08,B,172.168.1.8
      202,12/07/2019,14:21,B,172.168.1.8
       36,12/07/2019,14:26,B,172.168.1.8
       24,12/07/2019,14:37,B,172.168.1.8
      301,12/07/2019,14:39,B,172.168.1.8
       72,12/07/2019,14:43,B,172.168.1.8
      211,12/07/2019,14:43,B,172.168.1.8
       16,12/07/2019,14:49,B,172.168.1.8
       12,12/07/2019,14:57,B,172.168.1.8
      203,12/07/2019,14:58,B,172.168.1.8
      201,12/07/2019,15:00,B,172.168.1.8
      216,12/07/2019,15:00,B,172.168.1.8
      121,12/07/2019,15:07,B,172.168.1.8
      305,12/07/2019,15:09,B,172.168.1.8
        8,12/07/2019,15:10,B,172.168.1.8
       65,12/07/2019,15:17,B,172.168.1.8
       21,12/07/2019,15:23,B,172.168.1.8
      210,12/07/2019,15:23,B,172.168.1.8
       23,12/07/2019,15:43,B,172.168.1.8
      129,12/07/2019,15:48,B,172.168.1.8
      126,12/07/2019,15:54,B,172.168.1.8
      309,12/07/2019,16:01,B,172.168.1.8
       29,12/07/2019,16:28,B,172.168.1.8
       14,12/07/2019,16:29,B,172.168.1.8
       29,12/07/2019,16:30,B,172.168.1.8
        2,12/07/2019,16:30,B,172.168.1.8
        2,12/07/2019,16:30,B,172.168.1.8
       27,12/07/2019,16:36,B,172.168.1.8
       18,12/07/2019,16:38,B,172.168.1.8
      119,12/07/2019,16:40,B,172.168.1.8
       17,12/07/2019,16:41,B,172.168.1.8
       19,12/07/2019,17:03,B,172.168.1.8
      256,12/07/2019,17:03,B,172.168.1.8
       35,12/07/2019,17:08,B,172.168.1.8
       35,12/07/2019,17:11,B,172.168.1.8
      289,12/07/2019,17:11,B,172.168.1.8
      127,12/07/2019,17:12,B,172.168.1.8
        5,12/07/2019,17:14,B,172.168.1.8
      110,12/07/2019,17:15,B,172.168.1.8
      109,12/07/2019,17:15,B,172.168.1.8
      122,12/07/2019,17:15,B,172.168.1.8
      131,12/07/2019,17:16,B,172.168.1.8
      261,12/07/2019,17:17,B,172.168.1.8
      120,12/07/2019,17:17,B,172.168.1.8
      268,12/07/2019,17:18,B,172.168.1.8
      280,12/07/2019,17:18,B,172.168.1.8
       26,12/07/2019,17:20,B,172.168.1.8
       10,12/07/2019,17:20,B,172.168.1.8
       28,12/07/2019,17:20,B,172.168.1.8
      118,12/07/2019,17:26,B,172.168.1.8
      297,12/07/2019,17:31,B,172.168.1.8
      295,12/07/2019,17:32,B,172.168.1.8
       30,12/07/2019,17:33,B,172.168.1.8
      258,12/07/2019,17:35,B,172.168.1.8
      116,12/07/2019,17:35,B,172.168.1.8
      254,12/07/2019,17:35,B,172.168.1.8
      251,12/07/2019,17:37,B,172.168.1.8
      101,12/07/2019,17:41,B,172.168.1.8
      123,12/07/2019,17:45,B,172.168.1.8
      114,12/07/2019,18:07,B,172.168.1.8
      273,12/07/2019,18:07,B,172.168.1.8
      114,12/07/2019,18:07,B,172.168.1.8
      293,12/07/2019,18:10,B,172.168.1.8
      296,12/07/2019,18:10,B,172.168.1.8
      106,12/07/2019,18:11,B,172.168.1.8
      117,12/07/2019,18:11,B,172.168.1.8
      310,12/07/2019,18:12,B,172.168.1.8
      290,12/07/2019,18:15,B,172.168.1.8
      112,12/07/2019,18:16,B,172.168.1.8
      255,12/07/2019,18:16,B,172.168.1.8
      293,12/07/2019,18:16,B,172.168.1.8
      115,12/07/2019,22:15,B,172.168.1.8
      260,12/07/2019,22:15,B,172.168.1.8
      121,13/07/2019,06:54,B,172.168.1.8
      115,13/07/2019,07:40,B,172.168.1.8
      126,13/07/2019,07:42,B,172.168.1.8
      207,13/07/2019,07:53,B,172.168.1.8
      298,13/07/2019,07:54,B,172.168.1.8
      213,13/07/2019,08:02,B,172.168.1.8
      255,13/07/2019,08:04,B,172.168.1.8
      212,13/07/2019,08:16,B,172.168.1.8
      296,13/07/2019,08:21,B,172.168.1.8
       65,13/07/2019,08:28,B,172.168.1.8
      312,13/07/2019,08:28,B,172.168.1.8
      205,13/07/2019,08:29,B,172.168.1.8
      205,13/07/2019,08:29,B,172.168.1.8
      260,13/07/2019,08:31,B,172.168.1.8
      112,13/07/2019,08:46,B,172.168.1.8
      119,13/07/2019,08:47,B,172.168.1.8
       36,13/07/2019,08:52,B,172.168.1.8
      118,13/07/2019,09:01,B,172.168.1.8
       16,13/07/2019,09:05,B,172.168.1.8
      268,13/07/2019,09:10,B,172.168.1.8
      202,13/07/2019,09:13,B,172.168.1.8
      116,13/07/2019,09:16,B,172.168.1.8
       25,13/07/2019,09:18,B,172.168.1.8
       30,13/07/2019,09:19,B,172.168.1.8
       12,13/07/2019,09:20,B,172.168.1.8
       18,13/07/2019,09:23,B,172.168.1.8
      122,13/07/2019,09:24,B,172.168.1.8
       23,13/07/2019,09:26,B,172.168.1.8
       22,13/07/2019,09:27,B,172.168.1.8
       35,13/07/2019,09:33,B,172.168.1.8
       20,13/07/2019,09:34,B,172.168.1.8
       27,13/07/2019,09:40,B,172.168.1.8
      280,13/07/2019,09:43,B,172.168.1.8
      110,13/07/2019,09:47,B,172.168.1.8
      204,13/07/2019,09:52,B,172.168.1.8
      209,13/07/2019,09:52,B,172.168.1.8
       21,13/07/2019,09:52,B,172.168.1.8
       14,13/07/2019,09:53,B,172.168.1.8
      213,13/07/2019,09:59,B,172.168.1.8
      203,13/07/2019,10:03,B,172.168.1.8
      290,13/07/2019,10:03,B,172.168.1.8
       28,13/07/2019,10:06,B,172.168.1.8
       72,13/07/2019,10:16,B,172.168.1.8
       19,13/07/2019,10:23,B,172.168.1.8
      210,13/07/2019,10:23,B,172.168.1.8
       24,13/07/2019,10:30,B,172.168.1.8
        9,13/07/2019,10:30,B,172.168.1.8
      205,13/07/2019,10:31,B,172.168.1.8
      205,13/07/2019,10:31,B,172.168.1.8
      101,13/07/2019,10:34,B,172.168.1.8
      261,13/07/2019,10:37,B,172.168.1.8
      251,13/07/2019,10:37,B,172.168.1.8
       17,13/07/2019,10:41,B,172.168.1.8
       26,13/07/2019,10:42,B,172.168.1.8
        5,13/07/2019,10:51,B,172.168.1.8
      212,13/07/2019,10:56,B,172.168.1.8
      212,13/07/2019,11:02,B,172.168.1.8
      211,13/07/2019,11:04,B,172.168.1.8
       16,13/07/2019,11:36,B,172.168.1.8
       10,13/07/2019,11:37,B,172.168.1.8
        2,13/07/2019,11:48,B,172.168.1.8
       35,13/07/2019,12:19,B,172.168.1.8
       18,13/07/2019,12:20,B,172.168.1.8
       18,13/07/2019,12:20,B,172.168.1.8
      204,13/07/2019,12:21,B,172.168.1.8
      204,13/07/2019,12:22,B,172.168.1.8
      209,13/07/2019,12:22,B,172.168.1.8
      209,13/07/2019,12:22,B,172.168.1.8
      203,13/07/2019,12:30,B,172.168.1.8
       14,13/07/2019,12:33,B,172.168.1.8
       22,13/07/2019,12:37,B,172.168.1.8
      210,13/07/2019,12:50,B,172.168.1.8
       20,13/07/2019,12:51,B,172.168.1.8
      312,13/07/2019,12:53,B,172.168.1.8
      210,13/07/2019,12:54,B,172.168.1.8
      210,13/07/2019,13:04,B,172.168.1.8
       24,13/07/2019,13:10,B,172.168.1.8
        9,13/07/2019,13:10,B,172.168.1.8
       27,13/07/2019,13:11,B,172.168.1.8
       17,13/07/2019,13:25,B,172.168.1.8
      202,13/07/2019,13:30,B,172.168.1.8
      211,13/07/2019,13:31,B,172.168.1.8
      201,13/07/2019,13:47,B,172.168.1.8
      119,13/07/2019,13:52,B,172.168.1.8
       65,13/07/2019,13:55,B,172.168.1.8
       21,13/07/2019,13:55,B,172.168.1.8
       23,13/07/2019,13:56,B,172.168.1.8
       19,13/07/2019,14:01,B,172.168.1.8
        5,13/07/2019,14:09,B,172.168.1.8
      215,13/07/2019,14:20,B,172.168.1.8
      215,13/07/2019,14:21,B,172.168.1.8
      296,13/07/2019,14:26,B,172.168.1.8
       30,13/07/2019,14:27,B,172.168.1.8
       30,13/07/2019,14:28,B,172.168.1.8
       29,13/07/2019,14:33,B,172.168.1.8
      121,13/07/2019,14:53,B,172.168.1.8
      213,13/07/2019,14:56,B,172.168.1.8
       12,13/07/2019,14:57,B,172.168.1.8
       28,13/07/2019,15:00,B,172.168.1.8
       10,13/07/2019,15:00,B,172.168.1.8
        2,13/07/2019,15:01,B,172.168.1.8
      298,13/07/2019,15:30,B,172.168.1.8
      126,13/07/2019,15:32,B,172.168.1.8
       26,13/07/2019,15:57,B,172.168.1.8
      122,13/07/2019,16:03,B,172.168.1.8
      261,13/07/2019,16:25,B,172.168.1.8
      268,13/07/2019,16:26,B,172.168.1.8
      280,13/07/2019,16:26,B,172.168.1.8
       25,13/07/2019,16:45,B,172.168.1.8
      201,13/07/2019,16:49,B,172.168.1.8
      110,13/07/2019,16:54,B,172.168.1.8
      201,13/07/2019,16:54,B,172.168.1.8
      213,13/07/2019,16:57,B,172.168.1.8
      213,13/07/2019,16:57,B,172.168.1.8
      215,13/07/2019,16:58,B,172.168.1.8
      101,13/07/2019,16:58,B,172.168.1.8
      290,13/07/2019,17:04,B,172.168.1.8
      251,13/07/2019,17:05,B,172.168.1.8
      116,13/07/2019,17:21,B,172.168.1.8
      112,13/07/2019,17:22,B,172.168.1.8
      255,13/07/2019,17:29,B,172.168.1.8
      260,13/07/2019,22:10,B,172.168.1.8
      115,13/07/2019,22:10,B,172.168.1.8
      115,14/07/2019,07:51,B,172.168.1.8
      260,14/07/2019,09:11,B,172.168.1.8
      255,14/07/2019,09:53,B,172.168.1.8
      260,14/07/2019,18:37,B,172.168.1.8
      115,14/07/2019,18:37,B,172.168.1.8
      255,14/07/2019,18:37,B,172.168.1.8
      121,15/07/2019,06:51,B,172.168.1.8
      273,15/07/2019,07:26,B,172.168.1.8
      126,15/07/2019,07:29,B,172.168.1.8
      298,15/07/2019,07:47,B,172.168.1.8
       18,15/07/2019,08:14,B,172.168.1.8
      212,15/07/2019,08:19,B,172.168.1.8
      260,15/07/2019,08:19,B,172.168.1.8
      214,15/07/2019,08:22,B,172.168.1.8
      296,15/07/2019,08:24,B,172.168.1.8
      301,15/07/2019,08:29,B,172.168.1.8
      255,15/07/2019,08:33,B,172.168.1.8
      303,15/07/2019,08:41,B,172.168.1.8
      303,15/07/2019,08:41,B,172.168.1.8
       64,15/07/2019,08:41,B,172.168.1.8
      115,15/07/2019,08:46,B,172.168.1.8
      207,15/07/2019,08:52,B,172.168.1.8
      312,15/07/2019,08:54,B,172.168.1.8
       25,15/07/2019,08:55,B,172.168.1.8
      209,15/07/2019,08:58,B,172.168.1.8
      213,15/07/2019,08:58,B,172.168.1.8
       23,15/07/2019,08:58,B,172.168.1.8
      119,15/07/2019,09:03,B,172.168.1.8
      268,15/07/2019,09:05,B,172.168.1.8
      256,15/07/2019,09:31,B,172.168.1.8
      118,15/07/2019,09:31,B,172.168.1.8
      211,15/07/2019,09:33,B,172.168.1.8
       29,15/07/2019,09:34,B,172.168.1.8
       16,15/07/2019,09:37,B,172.168.1.8
       72,15/07/2019,09:40,B,172.168.1.8
      122,15/07/2019,09:41,B,172.168.1.8
      123,15/07/2019,09:41,B,172.168.1.8
      117,15/07/2019,09:42,B,172.168.1.8
      271,15/07/2019,09:49,B,172.168.1.8
      129,15/07/2019,09:50,B,172.168.1.8
      206,15/07/2019,09:50,B,172.168.1.8
       20,15/07/2019,09:50,B,172.168.1.8
      127,15/07/2019,09:52,B,172.168.1.8
      290,15/07/2019,09:55,B,172.168.1.8
      289,15/07/2019,09:55,B,172.168.1.8
      109,15/07/2019,09:56,B,172.168.1.8
      110,15/07/2019,09:56,B,172.168.1.8
       24,15/07/2019,09:56,B,172.168.1.8
      297,15/07/2019,09:57,B,172.168.1.8
      112,15/07/2019,09:57,B,172.168.1.8
       28,15/07/2019,10:00,B,172.168.1.8
      210,15/07/2019,10:01,B,172.168.1.8
        1,15/07/2019,10:05,B,172.168.1.8
      128,15/07/2019,10:06,B,172.168.1.8
      131,15/07/2019,10:07,B,172.168.1.8
      310,15/07/2019,10:07,B,172.168.1.8
      116,15/07/2019,10:08,B,172.168.1.8
      114,15/07/2019,10:08,B,172.168.1.8
        5,15/07/2019,10:08,B,172.168.1.8
      293,15/07/2019,10:11,B,172.168.1.8
      261,15/07/2019,10:16,B,172.168.1.8
      258,15/07/2019,10:16,B,172.168.1.8
      280,15/07/2019,10:16,B,172.168.1.8
       21,15/07/2019,10:24,B,172.168.1.8
      295,15/07/2019,10:27,B,172.168.1.8
       36,15/07/2019,10:29,B,172.168.1.8
      254,15/07/2019,10:31,B,172.168.1.8
       14,15/07/2019,10:32,B,172.168.1.8
      201,15/07/2019,10:34,B,172.168.1.8
      251,15/07/2019,10:35,B,172.168.1.8
       17,15/07/2019,10:40,B,172.168.1.8
      101,15/07/2019,10:47,B,172.168.1.8
       67,15/07/2019,10:48,B,172.168.1.8
       10,15/07/2019,10:51,B,172.168.1.8
       11,15/07/2019,11:07,B,172.168.1.8
       19,15/07/2019,11:18,B,172.168.1.8
       30,15/07/2019,11:24,B,172.168.1.8
       22,15/07/2019,11:25,B,172.168.1.8
       27,15/07/2019,11:28,B,172.168.1.8
       35,15/07/2019,11:28,B,172.168.1.8
      311,15/07/2019,11:29,B,172.168.1.8
        2,15/07/2019,11:53,B,172.168.1.8
       26,15/07/2019,11:54,B,172.168.1.8
      301,15/07/2019,12:05,B,172.168.1.8
      204,15/07/2019,12:10,B,172.168.1.8
       64,15/07/2019,12:23,B,172.168.1.8
       45,15/07/2019,12:33,B,172.168.1.8
      309,15/07/2019,12:39,B,172.168.1.8
      203,15/07/2019,12:53,B,172.168.1.8
       67,15/07/2019,13:53,B,172.168.1.8
       69,15/07/2019,13:55,B,172.168.1.8
      214,15/07/2019,14:15,B,172.168.1.8
      209,15/07/2019,14:23,B,172.168.1.8
      209,15/07/2019,14:23,B,172.168.1.8
      213,15/07/2019,14:24,B,172.168.1.8
      211,15/07/2019,14:35,B,172.168.1.8
      212,15/07/2019,14:38,B,172.168.1.8
      207,15/07/2019,14:38,B,172.168.1.8
      206,15/07/2019,14:51,B,172.168.1.8
      311,15/07/2019,14:53,B,172.168.1.8
      210,15/07/2019,15:04,B,172.168.1.8
      211,15/07/2019,15:06,B,172.168.1.8
      280,15/07/2019,15:08,B,172.168.1.8
       18,15/07/2019,15:13,B,172.168.1.8
      201,15/07/2019,15:17,B,172.168.1.8
       16,15/07/2019,15:20,B,172.168.1.8
       20,15/07/2019,15:20,B,172.168.1.8
       72,15/07/2019,15:25,B,172.168.1.8
      303,15/07/2019,15:25,B,172.168.1.8
      309,15/07/2019,15:40,B,172.168.1.8
       69,15/07/2019,15:48,B,172.168.1.8
        5,15/07/2019,15:55,B,172.168.1.8
      312,15/07/2019,16:04,B,172.168.1.8
       17,15/07/2019,16:06,B,172.168.1.8
       17,15/07/2019,16:10,B,172.168.1.8
      127,15/07/2019,16:11,B,172.168.1.8
      298,15/07/2019,16:19,B,172.168.1.8
       28,15/07/2019,16:21,B,172.168.1.8
       11,15/07/2019,16:36,B,172.168.1.8
       26,15/07/2019,16:40,B,172.168.1.8
       10,15/07/2019,16:43,B,172.168.1.8
       22,15/07/2019,16:46,B,172.168.1.8
       23,15/07/2019,16:46,B,172.168.1.8
      119,15/07/2019,16:47,B,172.168.1.8
       27,15/07/2019,16:47,B,172.168.1.8
       19,15/07/2019,16:52,B,172.168.1.8
      204,15/07/2019,16:55,B,172.168.1.8
      203,15/07/2019,16:57,B,172.168.1.8
       25,15/07/2019,16:57,B,172.168.1.8
       35,15/07/2019,17:06,B,172.168.1.8
       21,15/07/2019,17:11,B,172.168.1.8
      128,15/07/2019,17:13,B,172.168.1.8
      110,15/07/2019,17:15,B,172.168.1.8
      109,15/07/2019,17:15,B,172.168.1.8
      131,15/07/2019,17:16,B,172.168.1.8
      268,15/07/2019,17:18,B,172.168.1.8
      268,15/07/2019,17:18,B,172.168.1.8
      289,15/07/2019,17:19,B,172.168.1.8
      297,15/07/2019,17:20,B,172.168.1.8
      122,15/07/2019,17:20,B,172.168.1.8
      296,15/07/2019,17:21,B,172.168.1.8
      261,15/07/2019,17:22,B,172.168.1.8
        2,15/07/2019,17:25,B,172.168.1.8
      254,15/07/2019,17:30,B,172.168.1.8
       14,15/07/2019,17:30,B,172.168.1.8
      271,15/07/2019,17:31,B,172.168.1.8
      295,15/07/2019,17:32,B,172.168.1.8
      129,15/07/2019,17:39,B,172.168.1.8
      129,15/07/2019,17:39,B,172.168.1.8
      129,15/07/2019,17:40,B,172.168.1.8
      118,15/07/2019,17:48,B,172.168.1.8
      273,15/07/2019,17:51,B,172.168.1.8
      114,15/07/2019,17:52,B,172.168.1.8
      123,15/07/2019,18:00,B,172.168.1.8
      293,15/07/2019,18:00,B,172.168.1.8
      251,15/07/2019,18:07,B,172.168.1.8
      310,15/07/2019,18:11,B,172.168.1.8
      116,15/07/2019,18:13,B,172.168.1.8
      117,15/07/2019,18:13,B,172.168.1.8
      258,15/07/2019,18:13,B,172.168.1.8
      310,15/07/2019,18:14,B,172.168.1.8
       24,15/07/2019,18:17,B,172.168.1.8
       30,15/07/2019,18:18,B,172.168.1.8
      290,15/07/2019,18:19,B,172.168.1.8
       30,15/07/2019,18:19,B,172.168.1.8
      112,15/07/2019,18:23,B,172.168.1.8
        8,15/07/2019,18:27,B,172.168.1.8
      255,15/07/2019,18:33,B,172.168.1.8
      260,15/07/2019,19:00,B,172.168.1.8
      101,15/07/2019,19:13,B,172.168.1.8
        1,15/07/2019,19:23,B,172.168.1.8
      256,15/07/2019,19:25,B,172.168.1.8
      115,15/07/2019,19:45,B,172.168.1.8
      126,15/07/2019,22:16,B,172.168.1.8
      126,15/07/2019,22:17,B,172.168.1.8
      126,15/07/2019,22:17,B,172.168.1.8
      121,16/07/2019,06:48,B,172.168.1.8
      126,16/07/2019,07:16,B,172.168.1.8
      273,16/07/2019,07:29,B,172.168.1.8
      210,16/07/2019,07:53,B,172.168.1.8
      207,16/07/2019,07:53,B,172.168.1.8
      205,16/07/2019,07:54,B,172.168.1.8
      216,16/07/2019,07:59,B,172.168.1.8
      215,16/07/2019,08:03,B,172.168.1.8
      112,16/07/2019,08:09,B,172.168.1.8
       52,16/07/2019,08:16,B,172.168.1.8
      212,16/07/2019,08:18,B,172.168.1.8
      298,16/07/2019,08:22,B,172.168.1.8
      260,16/07/2019,08:36,B,172.168.1.8
       16,16/07/2019,08:44,B,172.168.1.8
      115,16/07/2019,08:46,B,172.168.1.8
       18,16/07/2019,08:47,B,172.168.1.8
       20,16/07/2019,08:49,B,172.168.1.8
      203,16/07/2019,08:51,B,172.168.1.8
       23,16/07/2019,08:53,B,172.168.1.8
       25,16/07/2019,08:59,B,172.168.1.8
      213,16/07/2019,08:59,B,172.168.1.8
      312,16/07/2019,09:00,B,172.168.1.8
      120,16/07/2019,09:03,B,172.168.1.8
      119,16/07/2019,09:06,B,172.168.1.8
      268,16/07/2019,09:07,B,172.168.1.8
      211,16/07/2019,09:07,B,172.168.1.8
      206,16/07/2019,09:11,B,172.168.1.8
       36,16/07/2019,09:28,B,172.168.1.8
      204,16/07/2019,09:31,B,172.168.1.8
      110,16/07/2019,09:33,B,172.168.1.8
      123,16/07/2019,09:36,B,172.168.1.8
      117,16/07/2019,09:41,B,172.168.1.8
       51,16/07/2019,09:42,B,172.168.1.8
      303,16/07/2019,09:48,B,172.168.1.8
      271,16/07/2019,09:48,B,172.168.1.8
      258,16/07/2019,09:49,B,172.168.1.8
       12,16/07/2019,09:52,B,172.168.1.8
      290,16/07/2019,09:53,B,172.168.1.8
       28,16/07/2019,09:54,B,172.168.1.8
      128,16/07/2019,09:55,B,172.168.1.8
      297,16/07/2019,09:57,B,172.168.1.8
      256,16/07/2019,09:58,B,172.168.1.8
      114,16/07/2019,09:58,B,172.168.1.8
      129,16/07/2019,10:03,B,172.168.1.8
      310,16/07/2019,10:03,B,172.168.1.8
      131,16/07/2019,10:05,B,172.168.1.8
       72,16/07/2019,10:08,B,172.168.1.8
      289,16/07/2019,10:08,B,172.168.1.8
      295,16/07/2019,10:12,B,172.168.1.8
      214,16/07/2019,10:20,B,172.168.1.8
      251,16/07/2019,10:20,B,172.168.1.8
      280,16/07/2019,10:21,B,172.168.1.8
      296,16/07/2019,10:21,B,172.168.1.8
       14,16/07/2019,10:23,B,172.168.1.8
      261,16/07/2019,10:24,B,172.168.1.8
      254,16/07/2019,10:27,B,172.168.1.8
      201,16/07/2019,10:31,B,172.168.1.8
       71,16/07/2019,10:37,B,172.168.1.8
      101,16/07/2019,10:38,B,172.168.1.8
       30,16/07/2019,10:40,B,172.168.1.8
       30,16/07/2019,10:40,B,172.168.1.8
        5,16/07/2019,10:41,B,172.168.1.8
       10,16/07/2019,10:41,B,172.168.1.8
       35,16/07/2019,10:46,B,172.168.1.8
      293,16/07/2019,10:49,B,172.168.1.8
       21,16/07/2019,10:50,B,172.168.1.8
      118,16/07/2019,10:54,B,172.168.1.8
      106,16/07/2019,10:55,B,172.168.1.8
       32,16/07/2019,10:58,B,172.168.1.8
       17,16/07/2019,11:02,B,172.168.1.8
       11,16/07/2019,11:23,B,172.168.1.8
       19,16/07/2019,11:26,B,172.168.1.8
       27,16/07/2019,11:28,B,172.168.1.8
       29,16/07/2019,11:28,B,172.168.1.8
       26,16/07/2019,11:44,B,172.168.1.8
      305,16/07/2019,11:52,B,172.168.1.8
        2,16/07/2019,11:53,B,172.168.1.8
      209,16/07/2019,12:00,B,172.168.1.8
       22,16/07/2019,12:23,B,172.168.1.8
      210,16/07/2019,12:56,B,172.168.1.8
      131,16/07/2019,13:03,B,172.168.1.8
      215,16/07/2019,13:05,B,172.168.1.8
      128,16/07/2019,13:07,B,172.168.1.8
      205,16/07/2019,13:08,B,172.168.1.8
      212,16/07/2019,13:22,B,172.168.1.8
      207,16/07/2019,13:22,B,172.168.1.8
      216,16/07/2019,13:27,B,172.168.1.8
      304,16/07/2019,13:50,B,172.168.1.8
      203,16/07/2019,13:50,B,172.168.1.8
      311,16/07/2019,13:58,B,172.168.1.8
      206,16/07/2019,14:15,B,172.168.1.8
       16,16/07/2019,14:24,B,172.168.1.8
       36,16/07/2019,14:32,B,172.168.1.8
      211,16/07/2019,14:39,B,172.168.1.8
      211,16/07/2019,14:40,B,172.168.1.8
      204,16/07/2019,14:45,B,172.168.1.8
      213,16/07/2019,14:45,B,172.168.1.8
       35,16/07/2019,15:11,B,172.168.1.8
      121,16/07/2019,15:13,B,172.168.1.8
       71,16/07/2019,15:29,B,172.168.1.8
       12,16/07/2019,15:29,B,172.168.1.8
      303,16/07/2019,15:30,B,172.168.1.8
       28,16/07/2019,15:34,B,172.168.1.8
       20,16/07/2019,15:38,B,172.168.1.8
       14,16/07/2019,15:40,B,172.168.1.8
       72,16/07/2019,15:41,B,172.168.1.8
      258,16/07/2019,15:42,B,172.168.1.8
      311,16/07/2019,15:43,B,172.168.1.8
      201,16/07/2019,15:43,B,172.168.1.8
      305,16/07/2019,15:45,B,172.168.1.8
      312,16/07/2019,15:50,B,172.168.1.8
      298,16/07/2019,15:59,B,172.168.1.8
        5,16/07/2019,16:07,B,172.168.1.8
       21,16/07/2019,16:08,B,172.168.1.8
       23,16/07/2019,16:13,B,172.168.1.8
        2,16/07/2019,16:39,B,172.168.1.8
       11,16/07/2019,16:43,B,172.168.1.8
        2,16/07/2019,16:44,B,172.168.1.8
      119,16/07/2019,16:47,B,172.168.1.8
       25,16/07/2019,16:48,B,172.168.1.8
       19,16/07/2019,16:59,B,172.168.1.8
       10,16/07/2019,17:00,B,172.168.1.8
      209,16/07/2019,17:01,B,172.168.1.8
       32,16/07/2019,17:01,B,172.168.1.8
      256,16/07/2019,17:03,B,172.168.1.8
      260,16/07/2019,17:03,B,172.168.1.8
      214,16/07/2019,17:07,B,172.168.1.8
       29,16/07/2019,17:10,B,172.168.1.8
      110,16/07/2019,17:16,B,172.168.1.8
      268,16/07/2019,17:16,B,172.168.1.8
      268,16/07/2019,17:17,B,172.168.1.8
      289,16/07/2019,17:18,B,172.168.1.8
      261,16/07/2019,17:18,B,172.168.1.8
      120,16/07/2019,17:20,B,172.168.1.8
       18,16/07/2019,17:20,B,172.168.1.8
      271,16/07/2019,17:22,B,172.168.1.8
      297,16/07/2019,17:22,B,172.168.1.8
       27,16/07/2019,17:23,B,172.168.1.8
      295,16/07/2019,17:23,B,172.168.1.8
      271,16/07/2019,17:23,B,172.168.1.8
       17,16/07/2019,17:27,B,172.168.1.8
      115,16/07/2019,17:30,B,172.168.1.8
      251,16/07/2019,17:30,B,172.168.1.8
      254,16/07/2019,17:31,B,172.168.1.8
      118,16/07/2019,17:35,B,172.168.1.8
      101,16/07/2019,17:42,B,172.168.1.8
      280,16/07/2019,17:46,B,172.168.1.8
       30,16/07/2019,17:47,B,172.168.1.8
       30,16/07/2019,17:48,B,172.168.1.8
      129,16/07/2019,17:55,B,172.168.1.8
      273,16/07/2019,18:00,B,172.168.1.8
      114,16/07/2019,18:05,B,172.168.1.8
      123,16/07/2019,18:08,B,172.168.1.8
      293,16/07/2019,18:10,B,172.168.1.8
       26,16/07/2019,18:11,B,172.168.1.8
      117,16/07/2019,18:14,B,172.168.1.8
      296,16/07/2019,18:15,B,172.168.1.8
      106,16/07/2019,18:16,B,172.168.1.8
      290,16/07/2019,18:16,B,172.168.1.8
      310,16/07/2019,18:22,B,172.168.1.8
      296,16/07/2019,18:23,B,172.168.1.8
      310,16/07/2019,18:30,B,172.168.1.8
      112,16/07/2019,18:31,B,172.168.1.8
      296,16/07/2019,18:32,B,172.168.1.8
      112,16/07/2019,18:32,B,172.168.1.8
      126,16/07/2019,22:15,B,172.168.1.8
      121,17/07/2019,06:54,B,172.168.1.8
      273,17/07/2019,07:18,B,172.168.1.8
      126,17/07/2019,07:18,B,172.168.1.8
      216,17/07/2019,07:38,B,172.168.1.8
      255,17/07/2019,07:54,B,172.168.1.8
      213,17/07/2019,07:56,B,172.168.1.8
      205,17/07/2019,08:01,B,172.168.1.8
      298,17/07/2019,08:07,B,172.168.1.8
      296,17/07/2019,08:12,B,172.168.1.8
      212,17/07/2019,08:15,B,172.168.1.8
      112,17/07/2019,08:16,B,172.168.1.8
      260,17/07/2019,08:23,B,172.168.1.8
      214,17/07/2019,08:30,B,172.168.1.8
      207,17/07/2019,08:42,B,172.168.1.8
      115,17/07/2019,08:45,B,172.168.1.8
       23,17/07/2019,08:48,B,172.168.1.8
      301,17/07/2019,08:49,B,172.168.1.8
      312,17/07/2019,08:52,B,172.168.1.8
       36,17/07/2019,08:53,B,172.168.1.8
      309,17/07/2019,08:55,B,172.168.1.8
       25,17/07/2019,08:55,B,172.168.1.8
      120,17/07/2019,08:57,B,172.168.1.8
      209,17/07/2019,08:59,B,172.168.1.8
      204,17/07/2019,09:11,B,172.168.1.8
      303,17/07/2019,09:14,B,172.168.1.8
       32,17/07/2019,09:15,B,172.168.1.8
      211,17/07/2019,09:16,B,172.168.1.8
       20,17/07/2019,09:23,B,172.168.1.8
       14,17/07/2019,09:27,B,172.168.1.8
      122,17/07/2019,09:30,B,172.168.1.8
      215,17/07/2019,09:31,B,172.168.1.8
      210,17/07/2019,09:34,B,172.168.1.8
       12,17/07/2019,09:35,B,172.168.1.8
      268,17/07/2019,09:35,B,172.168.1.8
      123,17/07/2019,09:39,B,172.168.1.8
      118,17/07/2019,09:45,B,172.168.1.8
      116,17/07/2019,09:45,B,172.168.1.8
      271,17/07/2019,09:47,B,172.168.1.8
      109,17/07/2019,09:49,B,172.168.1.8
       30,17/07/2019,09:51,B,172.168.1.8
       30,17/07/2019,09:52,B,172.168.1.8
       16,17/07/2019,09:54,B,172.168.1.8
      289,17/07/2019,09:54,B,172.168.1.8
      290,17/07/2019,09:55,B,172.168.1.8
      206,17/07/2019,09:57,B,172.168.1.8
      256,17/07/2019,09:58,B,172.168.1.8
       21,17/07/2019,10:01,B,172.168.1.8
      297,17/07/2019,10:02,B,172.168.1.8
      201,17/07/2019,10:03,B,172.168.1.8
      293,17/07/2019,10:04,B,172.168.1.8
       28,17/07/2019,10:08,B,172.168.1.8
      295,17/07/2019,10:10,B,172.168.1.8
      280,17/07/2019,10:11,B,172.168.1.8
      310,17/07/2019,10:12,B,172.168.1.8
      129,17/07/2019,10:12,B,172.168.1.8
      203,17/07/2019,10:16,B,172.168.1.8
      261,17/07/2019,10:22,B,172.168.1.8
      251,17/07/2019,10:23,B,172.168.1.8
      117,17/07/2019,10:23,B,172.168.1.8
        5,17/07/2019,10:24,B,172.168.1.8
       72,17/07/2019,10:25,B,172.168.1.8
       17,17/07/2019,10:27,B,172.168.1.8
      254,17/07/2019,10:38,B,172.168.1.8
       22,17/07/2019,10:38,B,172.168.1.8
      114,17/07/2019,10:42,B,172.168.1.8
       26,17/07/2019,10:47,B,172.168.1.8
       18,17/07/2019,10:50,B,172.168.1.8
       11,17/07/2019,10:52,B,172.168.1.8
       27,17/07/2019,11:23,B,172.168.1.8
       29,17/07/2019,11:41,B,172.168.1.8
       24,17/07/2019,11:46,B,172.168.1.8
      205,17/07/2019,13:03,B,172.168.1.8
      205,17/07/2019,13:03,B,172.168.1.8
      216,17/07/2019,13:09,B,172.168.1.8
      309,17/07/2019,13:09,B,172.168.1.8
      212,17/07/2019,13:24,B,172.168.1.8
      207,17/07/2019,13:24,B,172.168.1.8
      122,17/07/2019,13:30,B,172.168.1.8
       69,17/07/2019,13:51,B,172.168.1.8
      213,17/07/2019,14:00,B,172.168.1.8
      209,17/07/2019,14:00,B,172.168.1.8
       64,17/07/2019,14:00,B,172.168.1.8
      209,17/07/2019,14:00,B,172.168.1.8
      210,17/07/2019,14:10,B,172.168.1.8
      211,17/07/2019,14:18,B,172.168.1.8
      204,17/07/2019,14:21,B,172.168.1.8
       36,17/07/2019,14:28,B,172.168.1.8
      214,17/07/2019,14:33,B,172.168.1.8
      311,17/07/2019,14:35,B,172.168.1.8
      201,17/07/2019,14:58,B,172.168.1.8
      203,17/07/2019,14:58,B,172.168.1.8
      312,17/07/2019,15:01,B,172.168.1.8
       20,17/07/2019,15:01,B,172.168.1.8
      215,17/07/2019,15:02,B,172.168.1.8
      206,17/07/2019,15:02,B,172.168.1.8
      121,17/07/2019,15:10,B,172.168.1.8
      121,17/07/2019,15:12,B,172.168.1.8
       21,17/07/2019,15:16,B,172.168.1.8
      301,17/07/2019,15:21,B,172.168.1.8
       64,17/07/2019,15:43,B,172.168.1.8
       12,17/07/2019,15:48,B,172.168.1.8
        1,17/07/2019,15:48,B,172.168.1.8
       23,17/07/2019,16:01,B,172.168.1.8
       22,17/07/2019,16:02,B,172.168.1.8
       28,17/07/2019,16:06,B,172.168.1.8
       72,17/07/2019,16:08,B,172.168.1.8
        5,17/07/2019,16:10,B,172.168.1.8
      303,17/07/2019,16:14,B,172.168.1.8
      298,17/07/2019,16:18,B,172.168.1.8
       16,17/07/2019,16:18,B,172.168.1.8
       18,17/07/2019,16:19,B,172.168.1.8
      303,17/07/2019,16:21,B,172.168.1.8
       32,17/07/2019,16:23,B,172.168.1.8
      109,17/07/2019,16:28,B,172.168.1.8
       26,17/07/2019,16:42,B,172.168.1.8
       11,17/07/2019,16:42,B,172.168.1.8
       17,17/07/2019,16:44,B,172.168.1.8
      119,17/07/2019,16:46,B,172.168.1.8
       24,17/07/2019,16:48,B,172.168.1.8
      115,17/07/2019,16:50,B,172.168.1.8
      260,17/07/2019,16:50,B,172.168.1.8
       27,17/07/2019,16:52,B,172.168.1.8
       19,17/07/2019,16:56,B,172.168.1.8
       25,17/07/2019,16:57,B,172.168.1.8
      295,17/07/2019,17:05,B,172.168.1.8
      297,17/07/2019,17:05,B,172.168.1.8
      271,17/07/2019,17:05,B,172.168.1.8
      256,17/07/2019,17:15,B,172.168.1.8
       14,17/07/2019,17:18,B,172.168.1.8
      261,17/07/2019,17:21,B,172.168.1.8
      268,17/07/2019,17:21,B,172.168.1.8
      289,17/07/2019,17:22,B,172.168.1.8
      120,17/07/2019,17:23,B,172.168.1.8
      254,17/07/2019,17:24,B,172.168.1.8
      251,17/07/2019,17:25,B,172.168.1.8
       30,17/07/2019,17:32,B,172.168.1.8
       30,17/07/2019,17:32,B,172.168.1.8
      280,17/07/2019,17:35,B,172.168.1.8
      129,17/07/2019,17:42,B,172.168.1.8
      129,17/07/2019,17:47,B,172.168.1.8
      296,17/07/2019,17:49,B,172.168.1.8
      273,17/07/2019,17:57,B,172.168.1.8
      114,17/07/2019,17:59,B,172.168.1.8
      293,17/07/2019,18:00,B,172.168.1.8
      112,17/07/2019,18:01,B,172.168.1.8
      117,17/07/2019,18:04,B,172.168.1.8
      116,17/07/2019,18:05,B,172.168.1.8
      290,17/07/2019,18:06,B,172.168.1.8
      117,17/07/2019,18:08,B,172.168.1.8
      116,17/07/2019,18:09,B,172.168.1.8
      118,17/07/2019,18:10,B,172.168.1.8
      255,17/07/2019,18:20,B,172.168.1.8
      126,17/07/2019,22:11,B,172.168.1.8
      121,18/07/2019,06:51,B,172.168.1.8
      126,18/07/2019,07:06,B,172.168.1.8
      273,18/07/2019,07:18,B,172.168.1.8
      205,18/07/2019,07:51,B,172.168.1.8
      215,18/07/2019,07:54,B,172.168.1.8
      215,18/07/2019,07:55,B,172.168.1.8
      112,18/07/2019,07:55,B,172.168.1.8
      207,18/07/2019,07:58,B,172.168.1.8
      216,18/07/2019,08:03,B,172.168.1.8
      212,18/07/2019,08:19,B,172.168.1.8
      214,18/07/2019,08:24,B,172.168.1.8
      296,18/07/2019,08:24,B,172.168.1.8
      298,18/07/2019,08:26,B,172.168.1.8
       25,18/07/2019,08:31,B,172.168.1.8
      255,18/07/2019,08:35,B,172.168.1.8
      301,18/07/2019,08:35,B,172.168.1.8
       52,18/07/2019,08:36,B,172.168.1.8
       65,18/07/2019,08:37,B,172.168.1.8
      260,18/07/2019,08:40,B,172.168.1.8
      115,18/07/2019,08:45,B,172.168.1.8
      119,18/07/2019,08:46,B,172.168.1.8
       23,18/07/2019,08:52,B,172.168.1.8
       36,18/07/2019,08:58,B,172.168.1.8
      312,18/07/2019,09:00,B,172.168.1.8
      120,18/07/2019,09:01,B,172.168.1.8
      209,18/07/2019,09:06,B,172.168.1.8
      204,18/07/2019,09:07,B,172.168.1.8
      209,18/07/2019,09:07,B,172.168.1.8
      303,18/07/2019,09:11,B,172.168.1.8
       11,18/07/2019,09:11,B,172.168.1.8
      203,18/07/2019,09:20,B,172.168.1.8
      211,18/07/2019,09:23,B,172.168.1.8
       32,18/07/2019,09:29,B,172.168.1.8
       24,18/07/2019,09:31,B,172.168.1.8
      122,18/07/2019,09:35,B,172.168.1.8
       14,18/07/2019,09:38,B,172.168.1.8
      280,18/07/2019,09:40,B,172.168.1.8
      123,18/07/2019,09:40,B,172.168.1.8
      114,18/07/2019,09:45,B,172.168.1.8
      127,18/07/2019,09:45,B,172.168.1.8
      201,18/07/2019,09:46,B,172.168.1.8
       20,18/07/2019,09:49,B,172.168.1.8
      109,18/07/2019,09:49,B,172.168.1.8
      116,18/07/2019,09:51,B,172.168.1.8
      271,18/07/2019,09:51,B,172.168.1.8
      128,18/07/2019,09:52,B,172.168.1.8
      118,18/07/2019,09:52,B,172.168.1.8
      206,18/07/2019,09:57,B,172.168.1.8
      290,18/07/2019,09:58,B,172.168.1.8
      117,18/07/2019,09:59,B,172.168.1.8
      297,18/07/2019,09:59,B,172.168.1.8
      309,18/07/2019,10:00,B,172.168.1.8
      256,18/07/2019,10:00,B,172.168.1.8
      129,18/07/2019,10:02,B,172.168.1.8
      131,18/07/2019,10:02,B,172.168.1.8
       28,18/07/2019,10:07,B,172.168.1.8
      293,18/07/2019,10:08,B,172.168.1.8
       12,18/07/2019,10:10,B,172.168.1.8
      261,18/07/2019,10:13,B,172.168.1.8
      295,18/07/2019,10:17,B,172.168.1.8
      210,18/07/2019,10:20,B,172.168.1.8
        5,18/07/2019,10:26,B,172.168.1.8
       26,18/07/2019,10:27,B,172.168.1.8
       21,18/07/2019,10:28,B,172.168.1.8
      101,18/07/2019,10:33,B,172.168.1.8
       30,18/07/2019,10:41,B,172.168.1.8
        9,18/07/2019,10:57,B,172.168.1.8
      106,18/07/2019,10:59,B,172.168.1.8
       10,18/07/2019,11:07,B,172.168.1.8
       10,18/07/2019,11:08,B,172.168.1.8
       19,18/07/2019,11:23,B,172.168.1.8
       27,18/07/2019,11:28,B,172.168.1.8
       52,18/07/2019,11:36,B,172.168.1.8
      305,18/07/2019,11:54,B,172.168.1.8
        2,18/07/2019,12:14,B,172.168.1.8
       25,18/07/2019,12:30,B,172.168.1.8
      215,18/07/2019,13:00,B,172.168.1.8
      205,18/07/2019,13:04,B,172.168.1.8
      205,18/07/2019,13:04,B,172.168.1.8
      251,18/07/2019,13:10,B,172.168.1.8
      207,18/07/2019,13:26,B,172.168.1.8
      216,18/07/2019,13:27,B,172.168.1.8
      207,18/07/2019,13:27,B,172.168.1.8
      212,18/07/2019,13:28,B,172.168.1.8
      214,18/07/2019,14:00,B,172.168.1.8
      119,18/07/2019,14:07,B,172.168.1.8
      209,18/07/2019,14:10,B,172.168.1.8
      209,18/07/2019,14:10,B,172.168.1.8
      303,18/07/2019,14:12,B,172.168.1.8
      211,18/07/2019,14:30,B,172.168.1.8
      203,18/07/2019,14:30,B,172.168.1.8
      201,18/07/2019,14:32,B,172.168.1.8
      203,18/07/2019,14:32,B,172.168.1.8
      211,18/07/2019,14:39,B,172.168.1.8
       64,18/07/2019,14:51,B,172.168.1.8
      204,18/07/2019,14:55,B,172.168.1.8
      206,18/07/2019,14:57,B,172.168.1.8
      204,18/07/2019,14:57,B,172.168.1.8
      301,18/07/2019,14:59,B,172.168.1.8
      301,18/07/2019,14:59,B,172.168.1.8
       24,18/07/2019,15:08,B,172.168.1.8
      309,18/07/2019,15:08,B,172.168.1.8
      312,18/07/2019,15:09,B,172.168.1.8
       21,18/07/2019,15:17,B,172.168.1.8
      121,18/07/2019,15:20,B,172.168.1.8
      210,18/07/2019,15:24,B,172.168.1.8
       12,18/07/2019,15:26,B,172.168.1.8
       20,18/07/2019,15:40,B,172.168.1.8
      305,18/07/2019,15:41,B,172.168.1.8
        5,18/07/2019,15:46,B,172.168.1.8
      298,18/07/2019,16:04,B,172.168.1.8
       65,18/07/2019,16:21,B,172.168.1.8
       26,18/07/2019,16:21,B,172.168.1.8
       26,18/07/2019,16:22,B,172.168.1.8
        2,18/07/2019,16:24,B,172.168.1.8
       10,18/07/2019,16:24,B,172.168.1.8
      296,18/07/2019,16:30,B,172.168.1.8
       64,18/07/2019,16:31,B,172.168.1.8
       27,18/07/2019,16:38,B,172.168.1.8
       28,18/07/2019,16:41,B,172.168.1.8
       23,18/07/2019,16:42,B,172.168.1.8
       19,18/07/2019,17:07,B,172.168.1.8
      256,18/07/2019,17:11,B,172.168.1.8
      131,18/07/2019,17:11,B,172.168.1.8
      109,18/07/2019,17:12,B,172.168.1.8
      101,18/07/2019,17:12,B,172.168.1.8
      128,18/07/2019,17:14,B,172.168.1.8
      122,18/07/2019,17:15,B,172.168.1.8
      127,18/07/2019,17:15,B,172.168.1.8
      297,18/07/2019,17:18,B,172.168.1.8
      261,18/07/2019,17:20,B,172.168.1.8
      271,18/07/2019,17:20,B,172.168.1.8
      295,18/07/2019,17:20,B,172.168.1.8
      123,18/07/2019,17:20,B,172.168.1.8
      120,18/07/2019,17:21,B,172.168.1.8
      118,18/07/2019,17:21,B,172.168.1.8
      268,18/07/2019,17:22,B,172.168.1.8
       32,18/07/2019,17:28,B,172.168.1.8
      115,18/07/2019,17:30,B,172.168.1.8
      251,18/07/2019,17:30,B,172.168.1.8
       14,18/07/2019,17:30,B,172.168.1.8
      273,18/07/2019,17:33,B,172.168.1.8
      280,18/07/2019,17:37,B,172.168.1.8
      114,18/07/2019,17:40,B,172.168.1.8
      129,18/07/2019,17:41,B,172.168.1.8
      116,18/07/2019,18:00,B,172.168.1.8
       30,18/07/2019,18:02,B,172.168.1.8
       30,18/07/2019,18:03,B,172.168.1.8
      290,18/07/2019,18:07,B,172.168.1.8
      290,18/07/2019,18:07,B,172.168.1.8
      106,18/07/2019,18:09,B,172.168.1.8
      293,18/07/2019,18:09,B,172.168.1.8
      112,18/07/2019,18:12,B,172.168.1.8
      112,18/07/2019,18:13,B,172.168.1.8
      117,18/07/2019,19:09,B,172.168.1.8
       58,18/07/2019,19:39,B,172.168.1.8
      260,18/07/2019,19:40,B,172.168.1.8
      126,18/07/2019,22:05,B,172.168.1.8
      121,19/07/2019,06:52,B,172.168.1.8
      126,19/07/2019,07:09,B,172.168.1.8
      273,19/07/2019,07:26,B,172.168.1.8
      214,19/07/2019,07:33,B,172.168.1.8
      209,19/07/2019,07:39,B,172.168.1.8
      209,19/07/2019,07:40,B,172.168.1.8
      112,19/07/2019,07:55,B,172.168.1.8
      207,19/07/2019,07:56,B,172.168.1.8
      216,19/07/2019,08:02,B,172.168.1.8
      215,19/07/2019,08:02,B,172.168.1.8
      215,19/07/2019,08:03,B,172.168.1.8
      298,19/07/2019,08:06,B,172.168.1.8
       52,19/07/2019,08:15,B,172.168.1.8
      260,19/07/2019,08:18,B,172.168.1.8
      260,19/07/2019,08:18,B,172.168.1.8
      212,19/07/2019,08:22,B,172.168.1.8
      255,19/07/2019,08:28,B,172.168.1.8
       65,19/07/2019,08:36,B,172.168.1.8
       16,19/07/2019,08:36,B,172.168.1.8
       64,19/07/2019,08:44,B,172.168.1.8
       36,19/07/2019,08:46,B,172.168.1.8
       23,19/07/2019,08:46,B,172.168.1.8
      115,19/07/2019,08:49,B,172.168.1.8
      303,19/07/2019,08:52,B,172.168.1.8
      205,19/07/2019,08:52,B,172.168.1.8
      119,19/07/2019,08:53,B,172.168.1.8
      119,19/07/2019,08:55,B,172.168.1.8
      204,19/07/2019,08:57,B,172.168.1.8
      211,19/07/2019,08:58,B,172.168.1.8
      204,19/07/2019,08:58,B,172.168.1.8
      312,19/07/2019,09:00,B,172.168.1.8
      213,19/07/2019,09:03,B,172.168.1.8
       20,19/07/2019,09:05,B,172.168.1.8
       25,19/07/2019,09:11,B,172.168.1.8
      122,19/07/2019,09:14,B,172.168.1.8
      268,19/07/2019,09:15,B,172.168.1.8
       30,19/07/2019,09:19,B,172.168.1.8
       11,19/07/2019,09:23,B,172.168.1.8
      203,19/07/2019,09:26,B,172.168.1.8
        8,19/07/2019,09:38,B,172.168.1.8
      123,19/07/2019,09:39,B,172.168.1.8
      210,19/07/2019,09:43,B,172.168.1.8
      117,19/07/2019,09:43,B,172.168.1.8
      109,19/07/2019,09:43,B,172.168.1.8
       21,19/07/2019,09:44,B,172.168.1.8
      118,19/07/2019,09:44,B,172.168.1.8
      110,19/07/2019,09:44,B,172.168.1.8
      280,19/07/2019,09:47,B,172.168.1.8
       12,19/07/2019,09:50,B,172.168.1.8
      256,19/07/2019,09:50,B,172.168.1.8
      202,19/07/2019,09:52,B,172.168.1.8
      271,19/07/2019,09:52,B,172.168.1.8
      116,19/07/2019,09:52,B,172.168.1.8
      127,19/07/2019,09:56,B,172.168.1.8
      297,19/07/2019,10:00,B,172.168.1.8
       14,19/07/2019,10:01,B,172.168.1.8
      206,19/07/2019,10:02,B,172.168.1.8
      131,19/07/2019,10:03,B,172.168.1.8
      101,19/07/2019,10:10,B,172.168.1.8
        5,19/07/2019,10:16,B,172.168.1.8
      293,19/07/2019,10:17,B,172.168.1.8
       32,19/07/2019,10:26,B,172.168.1.8
        1,19/07/2019,10:29,B,172.168.1.8
       29,19/07/2019,10:29,B,172.168.1.8
       72,19/07/2019,10:31,B,172.168.1.8
       35,19/07/2019,10:31,B,172.168.1.8
      114,19/07/2019,10:34,B,172.168.1.8
      295,19/07/2019,10:34,B,172.168.1.8
       24,19/07/2019,10:35,B,172.168.1.8
      254,19/07/2019,10:36,B,172.168.1.8
       28,19/07/2019,10:39,B,172.168.1.8
      201,19/07/2019,10:41,B,172.168.1.8
      201,19/07/2019,10:42,B,172.168.1.8
      106,19/07/2019,10:43,B,172.168.1.8
      301,19/07/2019,10:45,B,172.168.1.8
       27,19/07/2019,10:45,B,172.168.1.8
       18,19/07/2019,11:04,B,172.168.1.8
       10,19/07/2019,11:12,B,172.168.1.8
        2,19/07/2019,11:14,B,172.168.1.8
        9,19/07/2019,11:15,B,172.168.1.8
       19,19/07/2019,11:19,B,172.168.1.8
      122,19/07/2019,11:26,B,172.168.1.8
       52,19/07/2019,11:40,B,172.168.1.8
       22,19/07/2019,11:42,B,172.168.1.8
       31,19/07/2019,11:43,B,172.168.1.8
       26,19/07/2019,11:47,B,172.168.1.8
      305,19/07/2019,11:52,B,172.168.1.8
       71,19/07/2019,12:19,B,172.168.1.8
       64,19/07/2019,12:23,B,172.168.1.8
      209,19/07/2019,12:42,B,172.168.1.8
      215,19/07/2019,13:05,B,172.168.1.8
      214,19/07/2019,13:22,B,172.168.1.8
      212,19/07/2019,13:30,B,172.168.1.8
      207,19/07/2019,13:31,B,172.168.1.8
      216,19/07/2019,13:31,B,172.168.1.8
      205,19/07/2019,13:54,B,172.168.1.8
      205,19/07/2019,13:54,B,172.168.1.8
      213,19/07/2019,14:00,B,172.168.1.8
      204,19/07/2019,14:01,B,172.168.1.8
       16,19/07/2019,14:17,B,172.168.1.8
      203,19/07/2019,14:24,B,172.168.1.8
      211,19/07/2019,14:25,B,172.168.1.8
      210,19/07/2019,14:45,B,172.168.1.8
       20,19/07/2019,15:03,B,172.168.1.8
      201,19/07/2019,15:05,B,172.168.1.8
      206,19/07/2019,15:05,B,172.168.1.8
      202,19/07/2019,15:06,B,172.168.1.8
       21,19/07/2019,15:10,B,172.168.1.8
       36,19/07/2019,15:38,B,172.168.1.8
       65,19/07/2019,15:48,B,172.168.1.8
      305,19/07/2019,15:49,B,172.168.1.8
       72,19/07/2019,15:57,B,172.168.1.8
      312,19/07/2019,15:57,B,172.168.1.8
       35,19/07/2019,16:00,B,172.168.1.8
      121,19/07/2019,16:00,B,172.168.1.8
      271,19/07/2019,16:02,B,172.168.1.8
       27,19/07/2019,16:03,B,172.168.1.8
      298,19/07/2019,16:08,B,172.168.1.8
      303,19/07/2019,16:20,B,172.168.1.8
      303,19/07/2019,16:20,B,172.168.1.8
       24,19/07/2019,16:38,B,172.168.1.8
      119,19/07/2019,16:42,B,172.168.1.8
       22,19/07/2019,16:43,B,172.168.1.8
       28,19/07/2019,16:46,B,172.168.1.8
       23,19/07/2019,16:51,B,172.168.1.8
       25,19/07/2019,16:55,B,172.168.1.8
        9,19/07/2019,16:56,B,172.168.1.8
       11,19/07/2019,16:58,B,172.168.1.8
       71,19/07/2019,16:59,B,172.168.1.8
       18,19/07/2019,17:00,B,172.168.1.8
       19,19/07/2019,17:00,B,172.168.1.8
      115,19/07/2019,17:00,B,172.168.1.8
       14,19/07/2019,17:02,B,172.168.1.8
        5,19/07/2019,17:07,B,172.168.1.8
       10,19/07/2019,17:09,B,172.168.1.8
      127,19/07/2019,17:13,B,172.168.1.8
      110,19/07/2019,17:15,B,172.168.1.8
      109,19/07/2019,17:15,B,172.168.1.8
      118,19/07/2019,17:27,B,172.168.1.8
      254,19/07/2019,17:33,B,172.168.1.8
       12,19/07/2019,17:39,B,172.168.1.8
        2,19/07/2019,17:39,B,172.168.1.8
      268,19/07/2019,17:39,B,172.168.1.8
       26,19/07/2019,17:42,B,172.168.1.8
      280,19/07/2019,17:42,B,172.168.1.8
       32,19/07/2019,17:46,B,172.168.1.8
        8,19/07/2019,17:48,B,172.168.1.8
      273,19/07/2019,17:52,B,172.168.1.8
      297,19/07/2019,17:54,B,172.168.1.8
      295,19/07/2019,17:56,B,172.168.1.8
      106,19/07/2019,17:56,B,172.168.1.8
       30,19/07/2019,17:57,B,172.168.1.8
      101,19/07/2019,17:58,B,172.168.1.8
      114,19/07/2019,17:59,B,172.168.1.8
      116,19/07/2019,18:00,B,172.168.1.8
      293,19/07/2019,18:04,B,172.168.1.8
      255,19/07/2019,18:05,B,172.168.1.8
      293,19/07/2019,18:05,B,172.168.1.8
      112,19/07/2019,18:06,B,172.168.1.8
      123,19/07/2019,18:06,B,172.168.1.8
       32,19/07/2019,18:08,B,172.168.1.8
      131,19/07/2019,18:12,B,172.168.1.8
        1,19/07/2019,18:13,B,172.168.1.8
      256,19/07/2019,18:55,B,172.168.1.8
      260,19/07/2019,19:00,B,172.168.1.8
      117,19/07/2019,19:14,B,172.168.1.8
      126,19/07/2019,22:25,B,172.168.1.8
      121,20/07/2019,06:47,B,172.168.1.8
      126,20/07/2019,07:34,B,172.168.1.8
      273,20/07/2019,07:35,B,172.168.1.8
      207,20/07/2019,07:49,B,172.168.1.8
      298,20/07/2019,07:51,B,172.168.1.8
      213,20/07/2019,08:02,B,172.168.1.8
      255,20/07/2019,08:03,B,172.168.1.8
      296,20/07/2019,08:14,B,172.168.1.8
      205,20/07/2019,08:17,B,172.168.1.8
      112,20/07/2019,08:18,B,172.168.1.8
       65,20/07/2019,08:19,B,172.168.1.8
      212,20/07/2019,08:20,B,172.168.1.8
      216,20/07/2019,08:20,B,172.168.1.8
       36,20/07/2019,08:34,B,172.168.1.8
      214,20/07/2019,08:47,B,172.168.1.8
      119,20/07/2019,08:48,B,172.168.1.8
       16,20/07/2019,08:48,B,172.168.1.8
      115,20/07/2019,08:49,B,172.168.1.8
      260,20/07/2019,08:51,B,172.168.1.8
      215,20/07/2019,08:52,B,172.168.1.8
      312,20/07/2019,08:58,B,172.168.1.8
       20,20/07/2019,08:59,B,172.168.1.8
      210,20/07/2019,09:05,B,172.168.1.8
      120,20/07/2019,09:08,B,172.168.1.8
      268,20/07/2019,09:11,B,172.168.1.8
       12,20/07/2019,09:21,B,172.168.1.8
       32,20/07/2019,09:23,B,172.168.1.8
       14,20/07/2019,09:31,B,172.168.1.8
      206,20/07/2019,09:32,B,172.168.1.8
       23,20/07/2019,09:35,B,172.168.1.8
       30,20/07/2019,09:38,B,172.168.1.8
      118,20/07/2019,09:39,B,172.168.1.8
      280,20/07/2019,09:39,B,172.168.1.8
      117,20/07/2019,09:40,B,172.168.1.8
      258,20/07/2019,09:41,B,172.168.1.8
       18,20/07/2019,09:42,B,172.168.1.8
      209,20/07/2019,09:45,B,172.168.1.8
      204,20/07/2019,09:45,B,172.168.1.8
      254,20/07/2019,09:47,B,172.168.1.8
      256,20/07/2019,09:48,B,172.168.1.8
      116,20/07/2019,09:50,B,172.168.1.8
      109,20/07/2019,09:50,B,172.168.1.8
      110,20/07/2019,09:51,B,172.168.1.8
      128,20/07/2019,09:51,B,172.168.1.8
      123,20/07/2019,09:54,B,172.168.1.8
      131,20/07/2019,09:56,B,172.168.1.8
      297,20/07/2019,09:58,B,172.168.1.8
      310,20/07/2019,09:59,B,172.168.1.8
       72,20/07/2019,09:59,B,172.168.1.8
      290,20/07/2019,09:59,B,172.168.1.8
        9,20/07/2019,10:00,B,172.168.1.8
      127,20/07/2019,10:02,B,172.168.1.8
      114,20/07/2019,10:02,B,172.168.1.8
      213,20/07/2019,10:02,B,172.168.1.8
      202,20/07/2019,10:04,B,172.168.1.8
      201,20/07/2019,10:15,B,172.168.1.8
      271,20/07/2019,10:18,B,172.168.1.8
      261,20/07/2019,10:22,B,172.168.1.8
       19,20/07/2019,10:22,B,172.168.1.8
       21,20/07/2019,10:26,B,172.168.1.8
      293,20/07/2019,10:34,B,172.168.1.8
       22,20/07/2019,10:35,B,172.168.1.8
        2,20/07/2019,10:36,B,172.168.1.8
       27,20/07/2019,10:38,B,172.168.1.8
      106,20/07/2019,10:39,B,172.168.1.8
       28,20/07/2019,10:40,B,172.168.1.8
      203,20/07/2019,10:42,B,172.168.1.8
      251,20/07/2019,10:44,B,172.168.1.8
       26,20/07/2019,10:46,B,172.168.1.8
      207,20/07/2019,10:46,B,172.168.1.8
      212,20/07/2019,10:49,B,172.168.1.8
      211,20/07/2019,10:52,B,172.168.1.8
      216,20/07/2019,10:53,B,172.168.1.8
       17,20/07/2019,10:53,B,172.168.1.8
        5,20/07/2019,10:55,B,172.168.1.8
      205,20/07/2019,11:02,B,172.168.1.8
      205,20/07/2019,11:03,B,172.168.1.8
      216,20/07/2019,11:07,B,172.168.1.8
       10,20/07/2019,11:13,B,172.168.1.8
       35,20/07/2019,11:16,B,172.168.1.8
        8,20/07/2019,11:24,B,172.168.1.8
      215,20/07/2019,11:25,B,172.168.1.8
       24,20/07/2019,11:31,B,172.168.1.8
       24,20/07/2019,11:31,B,172.168.1.8
       11,20/07/2019,11:37,B,172.168.1.8
      210,20/07/2019,11:40,B,172.168.1.8
       20,20/07/2019,11:40,B,172.168.1.8
      209,20/07/2019,12:00,B,172.168.1.8
      209,20/07/2019,12:01,B,172.168.1.8
      204,20/07/2019,12:01,B,172.168.1.8
       16,20/07/2019,12:03,B,172.168.1.8
      214,20/07/2019,12:15,B,172.168.1.8
       72,20/07/2019,12:24,B,172.168.1.8
       18,20/07/2019,12:28,B,172.168.1.8
      202,20/07/2019,12:32,B,172.168.1.8
       30,20/07/2019,12:42,B,172.168.1.8
       30,20/07/2019,12:42,B,172.168.1.8
        9,20/07/2019,12:50,B,172.168.1.8
       14,20/07/2019,12:55,B,172.168.1.8
      201,20/07/2019,13:03,B,172.168.1.8
      203,20/07/2019,13:04,B,172.168.1.8
       35,20/07/2019,13:13,B,172.168.1.8
       23,20/07/2019,13:15,B,172.168.1.8
      211,20/07/2019,13:32,B,172.168.1.8
       65,20/07/2019,13:40,B,172.168.1.8
      312,20/07/2019,13:49,B,172.168.1.8
        1,20/07/2019,13:49,B,172.168.1.8
       12,20/07/2019,13:50,B,172.168.1.8
       19,20/07/2019,14:08,B,172.168.1.8
       24,20/07/2019,14:20,B,172.168.1.8
        5,20/07/2019,14:31,B,172.168.1.8
       17,20/07/2019,14:32,B,172.168.1.8
       32,20/07/2019,14:32,B,172.168.1.8
       22,20/07/2019,14:36,B,172.168.1.8
        2,20/07/2019,14:36,B,172.168.1.8
      298,20/07/2019,14:39,B,172.168.1.8
       17,20/07/2019,14:54,B,172.168.1.8
       29,20/07/2019,15:00,B,172.168.1.8
      121,20/07/2019,15:18,B,172.168.1.8
        8,20/07/2019,15:21,B,172.168.1.8
       28,20/07/2019,15:35,B,172.168.1.8
       10,20/07/2019,15:51,B,172.168.1.8
       10,20/07/2019,15:52,B,172.168.1.8
      256,20/07/2019,15:57,B,172.168.1.8
      109,20/07/2019,15:58,B,172.168.1.8
      101,20/07/2019,16:07,B,172.168.1.8
       26,20/07/2019,16:14,B,172.168.1.8
       21,20/07/2019,16:28,B,172.168.1.8
       11,20/07/2019,16:32,B,172.168.1.8
      119,20/07/2019,16:36,B,172.168.1.8
      131,20/07/2019,16:40,B,172.168.1.8
      296,20/07/2019,16:55,B,172.168.1.8
      271,20/07/2019,17:03,B,172.168.1.8
      297,20/07/2019,17:06,B,172.168.1.8
      128,20/07/2019,17:11,B,172.168.1.8
      254,20/07/2019,17:13,B,172.168.1.8
      110,20/07/2019,17:15,B,172.168.1.8
      268,20/07/2019,17:15,B,172.168.1.8
      261,20/07/2019,17:21,B,172.168.1.8
      120,20/07/2019,17:21,B,172.168.1.8
      118,20/07/2019,17:21,B,172.168.1.8
      280,20/07/2019,17:22,B,172.168.1.8
      273,20/07/2019,17:26,B,172.168.1.8
      293,20/07/2019,17:30,B,172.168.1.8
      258,20/07/2019,17:30,B,172.168.1.8
      123,20/07/2019,17:34,B,172.168.1.8
      127,20/07/2019,17:35,B,172.168.1.8
      255,20/07/2019,18:01,B,172.168.1.8
      116,20/07/2019,18:01,B,172.168.1.8
      117,20/07/2019,18:01,B,172.168.1.8
      112,20/07/2019,18:03,B,172.168.1.8
      260,20/07/2019,18:07,B,172.168.1.8
      290,20/07/2019,18:15,B,172.168.1.8
      106,20/07/2019,18:18,B,172.168.1.8
      310,20/07/2019,18:20,B,172.168.1.8
      101,20/07/2019,18:46,B,172.168.1.8
      115,20/07/2019,18:46,B,172.168.1.8
      251,20/07/2019,18:52,B,172.168.1.8
      126,20/07/2019,22:05,B,172.168.1.8
      126,20/07/2019,22:07,B,172.168.1.8
      255,21/07/2019,08:04,B,172.168.1.8
      260,21/07/2019,08:14,B,172.168.1.8
      115,21/07/2019,09:47,B,172.168.1.8
      115,21/07/2019,16:28,B,172.168.1.8
      260,21/07/2019,16:29,B,172.168.1.8
      255,21/07/2019,18:18,B,172.168.1.8
      121,22/07/2019,06:49,B,172.168.1.8
      298,22/07/2019,07:29,B,172.168.1.8
      273,22/07/2019,07:31,B,172.168.1.8
      216,22/07/2019,07:40,B,172.168.1.8
      205,22/07/2019,07:47,B,172.168.1.8
      205,22/07/2019,07:47,B,172.168.1.8
      255,22/07/2019,07:53,B,172.168.1.8
      213,22/07/2019,07:58,B,172.168.1.8
      215,22/07/2019,07:59,B,172.168.1.8
      126,22/07/2019,08:00,B,172.168.1.8
      207,22/07/2019,08:11,B,172.168.1.8
      212,22/07/2019,08:30,B,172.168.1.8
      202,22/07/2019,08:33,B,172.168.1.8
       16,22/07/2019,08:34,B,172.168.1.8
      260,22/07/2019,08:45,B,172.168.1.8
      312,22/07/2019,08:46,B,172.168.1.8
      115,22/07/2019,08:48,B,172.168.1.8
       64,22/07/2019,08:49,B,172.168.1.8
      303,22/07/2019,08:50,B,172.168.1.8
      112,22/07/2019,08:53,B,172.168.1.8
      119,22/07/2019,08:54,B,172.168.1.8
       18,22/07/2019,08:58,B,172.168.1.8
       36,22/07/2019,09:01,B,172.168.1.8
      120,22/07/2019,09:05,B,172.168.1.8
      209,22/07/2019,09:05,B,172.168.1.8
      204,22/07/2019,09:05,B,172.168.1.8
      118,22/07/2019,09:06,B,172.168.1.8
       17,22/07/2019,09:07,B,172.168.1.8
       25,22/07/2019,09:12,B,172.168.1.8
       23,22/07/2019,09:12,B,172.168.1.8
      211,22/07/2019,09:16,B,172.168.1.8
       32,22/07/2019,09:19,B,172.168.1.8
      268,22/07/2019,09:20,B,172.168.1.8
      214,22/07/2019,09:25,B,172.168.1.8
       12,22/07/2019,09:26,B,172.168.1.8
       29,22/07/2019,09:26,B,172.168.1.8
      122,22/07/2019,09:32,B,172.168.1.8
       24,22/07/2019,09:35,B,172.168.1.8
       20,22/07/2019,09:37,B,172.168.1.8
      127,22/07/2019,09:40,B,172.168.1.8
      116,22/07/2019,09:40,B,172.168.1.8
      210,22/07/2019,09:41,B,172.168.1.8
      117,22/07/2019,09:42,B,172.168.1.8
       14,22/07/2019,09:43,B,172.168.1.8
      206,22/07/2019,09:43,B,172.168.1.8
      109,22/07/2019,09:47,B,172.168.1.8
      110,22/07/2019,09:47,B,172.168.1.8
      289,22/07/2019,09:52,B,172.168.1.8
      271,22/07/2019,09:52,B,172.168.1.8
      258,22/07/2019,09:52,B,172.168.1.8
      123,22/07/2019,09:52,B,172.168.1.8
      114,22/07/2019,09:52,B,172.168.1.8
       11,22/07/2019,09:55,B,172.168.1.8
      280,22/07/2019,09:57,B,172.168.1.8
      256,22/07/2019,09:57,B,172.168.1.8
      297,22/07/2019,09:57,B,172.168.1.8
      310,22/07/2019,09:59,B,172.168.1.8
      290,22/07/2019,10:02,B,172.168.1.8
      101,22/07/2019,10:10,B,172.168.1.8
      203,22/07/2019,10:11,B,172.168.1.8
      261,22/07/2019,10:11,B,172.168.1.8
       21,22/07/2019,10:16,B,172.168.1.8
      129,22/07/2019,10:17,B,172.168.1.8
      251,22/07/2019,10:17,B,172.168.1.8
      295,22/07/2019,10:17,B,172.168.1.8
        5,22/07/2019,10:18,B,172.168.1.8
      293,22/07/2019,10:21,B,172.168.1.8
       28,22/07/2019,10:26,B,172.168.1.8
      254,22/07/2019,10:35,B,172.168.1.8
      106,22/07/2019,10:38,B,172.168.1.8
      131,22/07/2019,10:38,B,172.168.1.8
       35,22/07/2019,10:42,B,172.168.1.8
       35,22/07/2019,10:44,B,172.168.1.8
      201,22/07/2019,10:49,B,172.168.1.8
       67,22/07/2019,10:57,B,172.168.1.8
        8,22/07/2019,10:59,B,172.168.1.8
       19,22/07/2019,11:17,B,172.168.1.8
        9,22/07/2019,11:21,B,172.168.1.8
        2,22/07/2019,11:24,B,172.168.1.8
       22,22/07/2019,11:26,B,172.168.1.8
      311,22/07/2019,11:34,B,172.168.1.8
       10,22/07/2019,11:54,B,172.168.1.8
       10,22/07/2019,11:54,B,172.168.1.8
       26,22/07/2019,11:56,B,172.168.1.8
      309,22/07/2019,12:10,B,172.168.1.8
       64,22/07/2019,12:21,B,172.168.1.8
      205,22/07/2019,12:49,B,172.168.1.8
      215,22/07/2019,13:04,B,172.168.1.8
      207,22/07/2019,13:18,B,172.168.1.8
      212,22/07/2019,13:19,B,172.168.1.8
      216,22/07/2019,13:19,B,172.168.1.8
      216,22/07/2019,13:20,B,172.168.1.8
      202,22/07/2019,13:28,B,172.168.1.8
       69,22/07/2019,14:05,B,172.168.1.8
      204,22/07/2019,14:09,B,172.168.1.8
      213,22/07/2019,14:09,B,172.168.1.8
      209,22/07/2019,14:10,B,172.168.1.8
       16,22/07/2019,14:16,B,172.168.1.8
       16,22/07/2019,14:16,B,172.168.1.8
       18,22/07/2019,14:16,B,172.168.1.8
      211,22/07/2019,14:34,B,172.168.1.8
      206,22/07/2019,14:39,B,172.168.1.8
       36,22/07/2019,14:44,B,172.168.1.8
      210,22/07/2019,14:48,B,172.168.1.8
      203,22/07/2019,15:01,B,172.168.1.8
       20,22/07/2019,15:05,B,172.168.1.8
      214,22/07/2019,15:06,B,172.168.1.8
      303,22/07/2019,15:12,B,172.168.1.8
      303,22/07/2019,15:12,B,172.168.1.8
      201,22/07/2019,15:24,B,172.168.1.8
      298,22/07/2019,15:25,B,172.168.1.8
      121,22/07/2019,15:25,B,172.168.1.8
       69,22/07/2019,15:27,B,172.168.1.8
       24,22/07/2019,15:30,B,172.168.1.8
      121,22/07/2019,15:31,B,172.168.1.8
      312,22/07/2019,15:51,B,172.168.1.8
      309,22/07/2019,15:58,B,172.168.1.8
       28,22/07/2019,16:04,B,172.168.1.8
        5,22/07/2019,16:14,B,172.168.1.8
       17,22/07/2019,16:19,B,172.168.1.8
      126,22/07/2019,16:20,B,172.168.1.8
       26,22/07/2019,16:27,B,172.168.1.8
       35,22/07/2019,16:36,B,172.168.1.8
      119,22/07/2019,16:41,B,172.168.1.8
       23,22/07/2019,16:47,B,172.168.1.8
       25,22/07/2019,16:47,B,172.168.1.8
       19,22/07/2019,16:51,B,172.168.1.8
        9,22/07/2019,16:56,B,172.168.1.8
      311,22/07/2019,16:56,B,172.168.1.8
       12,22/07/2019,16:57,B,172.168.1.8
        2,22/07/2019,16:57,B,172.168.1.8
       22,22/07/2019,16:58,B,172.168.1.8
       11,22/07/2019,17:10,B,172.168.1.8
      268,22/07/2019,17:14,B,172.168.1.8
       21,22/07/2019,17:14,B,172.168.1.8
      109,22/07/2019,17:14,B,172.168.1.8
      110,22/07/2019,17:15,B,172.168.1.8
      289,22/07/2019,17:15,B,172.168.1.8
      122,22/07/2019,17:19,B,172.168.1.8
      297,22/07/2019,17:19,B,172.168.1.8
      261,22/07/2019,17:20,B,172.168.1.8
      127,22/07/2019,17:22,B,172.168.1.8
      271,22/07/2019,17:23,B,172.168.1.8
      295,22/07/2019,17:23,B,172.168.1.8
      271,22/07/2019,17:23,B,172.168.1.8
       32,22/07/2019,17:25,B,172.168.1.8
      120,22/07/2019,17:32,B,172.168.1.8
      254,22/07/2019,17:35,B,172.168.1.8
      115,22/07/2019,17:41,B,172.168.1.8
      251,22/07/2019,17:42,B,172.168.1.8
       10,22/07/2019,17:42,B,172.168.1.8
       14,22/07/2019,17:46,B,172.168.1.8
      129,22/07/2019,17:49,B,172.168.1.8
      273,22/07/2019,17:50,B,172.168.1.8
      123,22/07/2019,17:50,B,172.168.1.8
      131,22/07/2019,17:50,B,172.168.1.8
      280,22/07/2019,17:53,B,172.168.1.8
        8,22/07/2019,17:54,B,172.168.1.8
      258,22/07/2019,17:55,B,172.168.1.8
      114,22/07/2019,17:56,B,172.168.1.8
       58,22/07/2019,18:07,B,172.168.1.8
      116,22/07/2019,18:07,B,172.168.1.8
      310,22/07/2019,18:08,B,172.168.1.8
      293,22/07/2019,18:10,B,172.168.1.8
      101,22/07/2019,18:14,B,172.168.1.8
      106,22/07/2019,18:16,B,172.168.1.8
      118,22/07/2019,18:16,B,172.168.1.8
      123,22/07/2019,18:21,B,172.168.1.8
      290,22/07/2019,18:22,B,172.168.1.8
      106,22/07/2019,18:24,B,172.168.1.8
      112,22/07/2019,18:48,B,172.168.1.8
      112,22/07/2019,18:49,B,172.168.1.8
      256,22/07/2019,18:55,B,172.168.1.8
      260,22/07/2019,22:27,B,172.168.1.8
      255,22/07/2019,22:27,B,172.168.1.8
      121,23/07/2019,06:53,B,172.168.1.8
      273,23/07/2019,07:15,B,172.168.1.8
      214,23/07/2019,07:26,B,172.168.1.8
      126,23/07/2019,07:26,B,172.168.1.8
      205,23/07/2019,07:56,B,172.168.1.8
       51,23/07/2019,07:59,B,172.168.1.8
      215,23/07/2019,08:00,B,172.168.1.8
      216,23/07/2019,08:00,B,172.168.1.8
      207,23/07/2019,08:01,B,172.168.1.8
      255,23/07/2019,08:14,B,172.168.1.8
       52,23/07/2019,08:15,B,172.168.1.8
      296,23/07/2019,08:20,B,172.168.1.8
      260,23/07/2019,08:26,B,172.168.1.8
      112,23/07/2019,08:30,B,172.168.1.8
      115,23/07/2019,08:49,B,172.168.1.8
       23,23/07/2019,08:53,B,172.168.1.8
      120,23/07/2019,08:54,B,172.168.1.8
      268,23/07/2019,08:54,B,172.168.1.8
      209,23/07/2019,09:00,B,172.168.1.8
      204,23/07/2019,09:01,B,172.168.1.8
      213,23/07/2019,09:01,B,172.168.1.8
       36,23/07/2019,09:02,B,172.168.1.8
       25,23/07/2019,09:08,B,172.168.1.8
        8,23/07/2019,09:09,B,172.168.1.8
      203,23/07/2019,09:20,B,172.168.1.8
       20,23/07/2019,09:21,B,172.168.1.8
      122,23/07/2019,09:25,B,172.168.1.8
       18,23/07/2019,09:33,B,172.168.1.8
      210,23/07/2019,09:33,B,172.168.1.8
      303,23/07/2019,09:34,B,172.168.1.8
      211,23/07/2019,09:37,B,172.168.1.8
       12,23/07/2019,09:39,B,172.168.1.8
      123,23/07/2019,09:40,B,172.168.1.8
       14,23/07/2019,09:42,B,172.168.1.8
      117,23/07/2019,09:42,B,172.168.1.8
      128,23/07/2019,09:45,B,172.168.1.8
      109,23/07/2019,09:47,B,172.168.1.8
      110,23/07/2019,09:47,B,172.168.1.8
       32,23/07/2019,09:48,B,172.168.1.8
       16,23/07/2019,09:48,B,172.168.1.8
      289,23/07/2019,09:50,B,172.168.1.8
      116,23/07/2019,09:50,B,172.168.1.8
      118,23/07/2019,09:51,B,172.168.1.8
      127,23/07/2019,09:55,B,172.168.1.8
      310,23/07/2019,09:56,B,172.168.1.8
      290,23/07/2019,09:57,B,172.168.1.8
      297,23/07/2019,09:57,B,172.168.1.8
       21,23/07/2019,09:58,B,172.168.1.8
      256,23/07/2019,09:59,B,172.168.1.8
      280,23/07/2019,10:00,B,172.168.1.8
      114,23/07/2019,10:05,B,172.168.1.8
       24,23/07/2019,10:07,B,172.168.1.8
      261,23/07/2019,10:08,B,172.168.1.8
      129,23/07/2019,10:08,B,172.168.1.8
      118,23/07/2019,10:09,B,172.168.1.8
      295,23/07/2019,10:14,B,172.168.1.8
      293,23/07/2019,10:16,B,172.168.1.8
      271,23/07/2019,10:19,B,172.168.1.8
       30,23/07/2019,10:19,B,172.168.1.8
       30,23/07/2019,10:20,B,172.168.1.8
        1,23/07/2019,10:21,B,172.168.1.8
       35,23/07/2019,10:31,B,172.168.1.8
       72,23/07/2019,10:33,B,172.168.1.8
      254,23/07/2019,10:39,B,172.168.1.8
        5,23/07/2019,10:40,B,172.168.1.8
        2,23/07/2019,10:50,B,172.168.1.8
      201,23/07/2019,10:50,B,172.168.1.8
       71,23/07/2019,10:53,B,172.168.1.8
        9,23/07/2019,10:58,B,172.168.1.8
       11,23/07/2019,11:21,B,172.168.1.8
       22,23/07/2019,11:24,B,172.168.1.8
      305,23/07/2019,11:43,B,172.168.1.8
       17,23/07/2019,11:52,B,172.168.1.8
       10,23/07/2019,11:53,B,172.168.1.8
       27,23/07/2019,11:55,B,172.168.1.8
      206,23/07/2019,12:29,B,172.168.1.8
      251,23/07/2019,12:39,B,172.168.1.8
      258,23/07/2019,12:45,B,172.168.1.8
      215,23/07/2019,12:54,B,172.168.1.8
      214,23/07/2019,12:54,B,172.168.1.8
      216,23/07/2019,12:55,B,172.168.1.8
      207,23/07/2019,12:55,B,172.168.1.8
      202,23/07/2019,13:04,B,172.168.1.8
      203,23/07/2019,13:23,B,172.168.1.8
      205,23/07/2019,13:25,B,172.168.1.8
      205,23/07/2019,13:25,B,172.168.1.8
      119,23/07/2019,14:06,B,172.168.1.8
      311,23/07/2019,14:09,B,172.168.1.8
      204,23/07/2019,14:11,B,172.168.1.8
      209,23/07/2019,14:12,B,172.168.1.8
      204,23/07/2019,14:12,B,172.168.1.8
      213,23/07/2019,14:12,B,172.168.1.8
      209,23/07/2019,14:12,B,172.168.1.8
       36,23/07/2019,14:26,B,172.168.1.8
      210,23/07/2019,14:35,B,172.168.1.8
      211,23/07/2019,14:37,B,172.168.1.8
      210,23/07/2019,14:42,B,172.168.1.8
      121,23/07/2019,15:08,B,172.168.1.8
       16,23/07/2019,15:26,B,172.168.1.8
      293,23/07/2019,15:45,B,172.168.1.8
      201,23/07/2019,15:49,B,172.168.1.8
      305,23/07/2019,15:51,B,172.168.1.8
      311,23/07/2019,15:51,B,172.168.1.8
       20,23/07/2019,15:52,B,172.168.1.8
        5,23/07/2019,15:52,B,172.168.1.8
       35,23/07/2019,16:07,B,172.168.1.8
       21,23/07/2019,16:14,B,172.168.1.8
       72,23/07/2019,16:20,B,172.168.1.8
       18,23/07/2019,16:20,B,172.168.1.8
       18,23/07/2019,16:20,B,172.168.1.8
      303,23/07/2019,16:21,B,172.168.1.8
       14,23/07/2019,16:27,B,172.168.1.8
       12,23/07/2019,16:31,B,172.168.1.8
       24,23/07/2019,16:35,B,172.168.1.8
       22,23/07/2019,16:46,B,172.168.1.8
       23,23/07/2019,16:49,B,172.168.1.8
       71,23/07/2019,16:51,B,172.168.1.8
       25,23/07/2019,16:58,B,172.168.1.8
      202,23/07/2019,17:04,B,172.168.1.8
      206,23/07/2019,17:04,B,172.168.1.8
        2,23/07/2019,17:08,B,172.168.1.8
      128,23/07/2019,17:09,B,172.168.1.8
        9,23/07/2019,17:11,B,172.168.1.8
       11,23/07/2019,17:12,B,172.168.1.8
      109,23/07/2019,17:14,B,172.168.1.8
      110,23/07/2019,17:15,B,172.168.1.8
      268,23/07/2019,17:15,B,172.168.1.8
      289,23/07/2019,17:15,B,172.168.1.8
       29,23/07/2019,17:15,B,172.168.1.8
      127,23/07/2019,17:15,B,172.168.1.8
       29,23/07/2019,17:17,B,172.168.1.8
       27,23/07/2019,17:17,B,172.168.1.8
      122,23/07/2019,17:17,B,172.168.1.8
       10,23/07/2019,17:18,B,172.168.1.8
      261,23/07/2019,17:20,B,172.168.1.8
      120,23/07/2019,17:20,B,172.168.1.8
      271,23/07/2019,17:22,B,172.168.1.8
       17,23/07/2019,17:22,B,172.168.1.8
      297,23/07/2019,17:22,B,172.168.1.8
      295,23/07/2019,17:23,B,172.168.1.8
      254,23/07/2019,17:23,B,172.168.1.8
      115,23/07/2019,17:23,B,172.168.1.8
      251,23/07/2019,17:23,B,172.168.1.8
      101,23/07/2019,17:28,B,172.168.1.8
      116,23/07/2019,17:29,B,172.168.1.8
      123,23/07/2019,17:40,B,172.168.1.8
      280,23/07/2019,17:46,B,172.168.1.8
      258,23/07/2019,17:49,B,172.168.1.8
       32,23/07/2019,17:51,B,172.168.1.8
      290,23/07/2019,18:03,B,172.168.1.8
      273,23/07/2019,18:03,B,172.168.1.8
      296,23/07/2019,18:04,B,172.168.1.8
        1,23/07/2019,18:04,B,172.168.1.8
      129,23/07/2019,18:05,B,172.168.1.8
      114,23/07/2019,18:08,B,172.168.1.8
      118,23/07/2019,18:12,B,172.168.1.8
      310,23/07/2019,18:12,B,172.168.1.8
        8,23/07/2019,18:31,B,172.168.1.8
      256,23/07/2019,18:40,B,172.168.1.8
      255,23/07/2019,18:46,B,172.168.1.8
       30,23/07/2019,18:57,B,172.168.1.8
      117,23/07/2019,19:27,B,172.168.1.8
      112,23/07/2019,19:28,B,172.168.1.8
      260,23/07/2019,19:28,B,172.168.1.8
      126,23/07/2019,21:40,B,172.168.1.8
      126,23/07/2019,21:51,B,172.168.1.8
      121,24/07/2019,07:00,B,172.168.1.8
      273,24/07/2019,07:19,B,172.168.1.8
      126,24/07/2019,07:31,B,172.168.1.8
      202,24/07/2019,07:58,B,172.168.1.8
      255,24/07/2019,08:01,B,172.168.1.8
      213,24/07/2019,08:04,B,172.168.1.8
      298,24/07/2019,08:04,B,172.168.1.8
      209,24/07/2019,08:27,B,172.168.1.8
      204,24/07/2019,08:27,B,172.168.1.8
      112,24/07/2019,08:29,B,172.168.1.8
      260,24/07/2019,08:35,B,172.168.1.8
      260,24/07/2019,08:35,B,172.168.1.8
      214,24/07/2019,08:36,B,172.168.1.8
      296,24/07/2019,08:37,B,172.168.1.8
      301,24/07/2019,08:42,B,172.168.1.8
      309,24/07/2019,08:43,B,172.168.1.8
      215,24/07/2019,08:48,B,172.168.1.8
       23,24/07/2019,08:49,B,172.168.1.8
      303,24/07/2019,08:50,B,172.168.1.8
      115,24/07/2019,08:56,B,172.168.1.8
      212,24/07/2019,09:04,B,172.168.1.8
      207,24/07/2019,09:04,B,172.168.1.8
       25,24/07/2019,09:08,B,172.168.1.8
       32,24/07/2019,09:13,B,172.168.1.8
      206,24/07/2019,09:16,B,172.168.1.8
       17,24/07/2019,09:28,B,172.168.1.8
      122,24/07/2019,09:30,B,172.168.1.8
      120,24/07/2019,09:36,B,172.168.1.8
       72,24/07/2019,09:39,B,172.168.1.8
      210,24/07/2019,09:42,B,172.168.1.8
       14,24/07/2019,09:44,B,172.168.1.8
      118,24/07/2019,09:44,B,172.168.1.8
      109,24/07/2019,09:51,B,172.168.1.8
      110,24/07/2019,09:51,B,172.168.1.8
       36,24/07/2019,09:52,B,172.168.1.8
      258,24/07/2019,09:52,B,172.168.1.8
      256,24/07/2019,09:52,B,172.168.1.8
      297,24/07/2019,09:55,B,172.168.1.8
      123,24/07/2019,09:56,B,172.168.1.8
      127,24/07/2019,10:02,B,172.168.1.8
       11,24/07/2019,10:02,B,172.168.1.8
       16,24/07/2019,10:04,B,172.168.1.8
      114,24/07/2019,10:05,B,172.168.1.8
      203,24/07/2019,10:06,B,172.168.1.8
      290,24/07/2019,10:09,B,172.168.1.8
      128,24/07/2019,10:14,B,172.168.1.8
      129,24/07/2019,10:14,B,172.168.1.8
      201,24/07/2019,10:15,B,172.168.1.8
      293,24/07/2019,10:18,B,172.168.1.8
      280,24/07/2019,10:18,B,172.168.1.8
       22,24/07/2019,10:19,B,172.168.1.8
      261,24/07/2019,10:28,B,172.168.1.8
      117,24/07/2019,10:31,B,172.168.1.8
      289,24/07/2019,10:32,B,172.168.1.8
      101,24/07/2019,10:33,B,172.168.1.8
       24,24/07/2019,10:34,B,172.168.1.8
       10,24/07/2019,10:38,B,172.168.1.8
      116,24/07/2019,10:44,B,172.168.1.8
      131,24/07/2019,10:48,B,172.168.1.8
        9,24/07/2019,10:48,B,172.168.1.8
      254,24/07/2019,10:49,B,172.168.1.8
      216,24/07/2019,10:49,B,172.168.1.8
       30,24/07/2019,10:50,B,172.168.1.8
      271,24/07/2019,10:51,B,172.168.1.8
       30,24/07/2019,10:51,B,172.168.1.8
      295,24/07/2019,10:51,B,172.168.1.8
      310,24/07/2019,10:52,B,172.168.1.8
      106,24/07/2019,11:11,B,172.168.1.8
        8,24/07/2019,11:21,B,172.168.1.8
        5,24/07/2019,11:30,B,172.168.1.8
       35,24/07/2019,11:30,B,172.168.1.8
       19,24/07/2019,11:40,B,172.168.1.8
       31,24/07/2019,11:51,B,172.168.1.8
       52,24/07/2019,11:52,B,172.168.1.8
      309,24/07/2019,12:24,B,172.168.1.8
      211,24/07/2019,12:25,B,172.168.1.8
      208,24/07/2019,12:29,B,172.168.1.8
      208,24/07/2019,12:29,B,172.168.1.8
        2,24/07/2019,12:35,B,172.168.1.8
      208,24/07/2019,13:26,B,172.168.1.8
      204,24/07/2019,13:28,B,172.168.1.8
      206,24/07/2019,13:33,B,172.168.1.8
      213,24/07/2019,13:34,B,172.168.1.8
      209,24/07/2019,13:34,B,172.168.1.8
      209,24/07/2019,13:34,B,172.168.1.8
      215,24/07/2019,13:35,B,172.168.1.8
      214,24/07/2019,13:35,B,172.168.1.8
       64,24/07/2019,14:04,B,172.168.1.8
      202,24/07/2019,14:13,B,172.168.1.8
      212,24/07/2019,14:23,B,172.168.1.8
      207,24/07/2019,14:24,B,172.168.1.8
      210,24/07/2019,14:50,B,172.168.1.8
       17,24/07/2019,15:07,B,172.168.1.8
      301,24/07/2019,15:14,B,172.168.1.8
      203,24/07/2019,15:17,B,172.168.1.8
      201,24/07/2019,15:17,B,172.168.1.8
       72,24/07/2019,15:18,B,172.168.1.8
      303,24/07/2019,15:23,B,172.168.1.8
       16,24/07/2019,15:25,B,172.168.1.8
      121,24/07/2019,15:28,B,172.168.1.8
      216,24/07/2019,15:31,B,172.168.1.8
      216,24/07/2019,15:31,B,172.168.1.8
       21,24/07/2019,15:32,B,172.168.1.8
       20,24/07/2019,15:36,B,172.168.1.8
       22,24/07/2019,15:38,B,172.168.1.8
      119,24/07/2019,15:49,B,172.168.1.8
      117,24/07/2019,15:50,B,172.168.1.8
       64,24/07/2019,15:54,B,172.168.1.8
       11,24/07/2019,15:56,B,172.168.1.8
       10,24/07/2019,15:56,B,172.168.1.8
      298,24/07/2019,16:01,B,172.168.1.8
        9,24/07/2019,16:06,B,172.168.1.8
       36,24/07/2019,16:23,B,172.168.1.8
        5,24/07/2019,16:24,B,172.168.1.8
       35,24/07/2019,16:26,B,172.168.1.8
      211,24/07/2019,16:28,B,172.168.1.8
        2,24/07/2019,16:28,B,172.168.1.8
       23,24/07/2019,16:30,B,172.168.1.8
       32,24/07/2019,16:31,B,172.168.1.8
       24,24/07/2019,16:34,B,172.168.1.8
       24,24/07/2019,16:34,B,172.168.1.8
      211,24/07/2019,16:37,B,172.168.1.8
       25,24/07/2019,16:59,B,172.168.1.8
        8,24/07/2019,17:01,B,172.168.1.8
       19,24/07/2019,17:02,B,172.168.1.8
      131,24/07/2019,17:14,B,172.168.1.8
      127,24/07/2019,17:15,B,172.168.1.8
      110,24/07/2019,17:15,B,172.168.1.8
      128,24/07/2019,17:15,B,172.168.1.8
      109,24/07/2019,17:15,B,172.168.1.8
      109,24/07/2019,17:15,B,172.168.1.8
      122,24/07/2019,17:17,B,172.168.1.8
      261,24/07/2019,17:18,B,172.168.1.8
      289,24/07/2019,17:18,B,172.168.1.8
      296,24/07/2019,17:19,B,172.168.1.8
      120,24/07/2019,17:19,B,172.168.1.8
      297,24/07/2019,17:20,B,172.168.1.8
      271,24/07/2019,17:20,B,172.168.1.8
      115,24/07/2019,17:23,B,172.168.1.8
      260,24/07/2019,17:23,B,172.168.1.8
       14,24/07/2019,17:28,B,172.168.1.8
       30,24/07/2019,17:30,B,172.168.1.8
      114,24/07/2019,17:31,B,172.168.1.8
      254,24/07/2019,17:31,B,172.168.1.8
      273,24/07/2019,17:33,B,172.168.1.8
      295,24/07/2019,17:38,B,172.168.1.8
      280,24/07/2019,17:43,B,172.168.1.8
      123,24/07/2019,17:46,B,172.168.1.8
      258,24/07/2019,17:54,B,172.168.1.8
      112,24/07/2019,17:56,B,172.168.1.8
      101,24/07/2019,17:56,B,172.168.1.8
      116,24/07/2019,17:57,B,172.168.1.8
      293,24/07/2019,18:00,B,172.168.1.8
      129,24/07/2019,18:00,B,172.168.1.8
      116,24/07/2019,18:00,B,172.168.1.8
      310,24/07/2019,18:00,B,172.168.1.8
      106,24/07/2019,18:03,B,172.168.1.8
      290,24/07/2019,18:04,B,172.168.1.8
      290,24/07/2019,18:05,B,172.168.1.8
      118,24/07/2019,18:17,B,172.168.1.8
        1,24/07/2019,18:47,B,172.168.1.8
      256,24/07/2019,20:02,B,172.168.1.8
      126,24/07/2019,20:55,B,172.168.1.8
      255,24/07/2019,20:56,B,172.168.1.8
      121,25/07/2019,06:57,B,172.168.1.8
      273,25/07/2019,07:12,B,172.168.1.8
      298,25/07/2019,07:55,B,172.168.1.8
      205,25/07/2019,08:07,B,172.168.1.8
      216,25/07/2019,08:10,B,172.168.1.8
      126,25/07/2019,08:14,B,172.168.1.8
      296,25/07/2019,08:16,B,172.168.1.8
      214,25/07/2019,08:20,B,172.168.1.8
       52,25/07/2019,08:26,B,172.168.1.8
      260,25/07/2019,08:28,B,172.168.1.8
      209,25/07/2019,08:33,B,172.168.1.8
      207,25/07/2019,08:40,B,172.168.1.8
      301,25/07/2019,08:43,B,172.168.1.8
      309,25/07/2019,08:49,B,172.168.1.8
       23,25/07/2019,08:50,B,172.168.1.8
       65,25/07/2019,08:52,B,172.168.1.8
      115,25/07/2019,08:53,B,172.168.1.8
      312,25/07/2019,08:58,B,172.168.1.8
      120,25/07/2019,09:00,B,172.168.1.8
      204,25/07/2019,09:03,B,172.168.1.8
      303,25/07/2019,09:10,B,172.168.1.8
      203,25/07/2019,09:11,B,172.168.1.8
       32,25/07/2019,09:12,B,172.168.1.8
      213,25/07/2019,09:13,B,172.168.1.8
        8,25/07/2019,09:14,B,172.168.1.8
      118,25/07/2019,09:16,B,172.168.1.8
      268,25/07/2019,09:16,B,172.168.1.8
       14,25/07/2019,09:21,B,172.168.1.8
       20,25/07/2019,09:22,B,172.168.1.8
       12,25/07/2019,09:25,B,172.168.1.8
       25,25/07/2019,09:26,B,172.168.1.8
      122,25/07/2019,09:28,B,172.168.1.8
      112,25/07/2019,09:35,B,172.168.1.8
       30,25/07/2019,09:38,B,172.168.1.8
      258,25/07/2019,09:40,B,172.168.1.8
       58,25/07/2019,09:41,B,172.168.1.8
      297,25/07/2019,09:52,B,172.168.1.8
      206,25/07/2019,09:54,B,172.168.1.8
      109,25/07/2019,09:55,B,172.168.1.8
      110,25/07/2019,09:55,B,172.168.1.8
      101,25/07/2019,09:56,B,172.168.1.8
      127,25/07/2019,09:58,B,172.168.1.8
      123,25/07/2019,09:59,B,172.168.1.8
      116,25/07/2019,10:00,B,172.168.1.8
      256,25/07/2019,10:00,B,172.168.1.8
      211,25/07/2019,10:01,B,172.168.1.8
      289,25/07/2019,10:01,B,172.168.1.8
       17,25/07/2019,10:02,B,172.168.1.8
      290,25/07/2019,10:02,B,172.168.1.8
      310,25/07/2019,10:10,B,172.168.1.8
      114,25/07/2019,10:10,B,172.168.1.8
       16,25/07/2019,10:16,B,172.168.1.8
      295,25/07/2019,10:17,B,172.168.1.8
       11,25/07/2019,10:22,B,172.168.1.8
      261,25/07/2019,10:23,B,172.168.1.8
      280,25/07/2019,10:31,B,172.168.1.8
      212,25/07/2019,10:33,B,172.168.1.8
      293,25/07/2019,10:40,B,172.168.1.8
        5,25/07/2019,10:40,B,172.168.1.8
      129,25/07/2019,10:48,B,172.168.1.8
      254,25/07/2019,10:48,B,172.168.1.8
        1,25/07/2019,10:56,B,172.168.1.8
       21,25/07/2019,11:00,B,172.168.1.8
        9,25/07/2019,11:02,B,172.168.1.8
       10,25/07/2019,11:03,B,172.168.1.8
      106,25/07/2019,11:07,B,172.168.1.8
       35,25/07/2019,11:08,B,172.168.1.8
        2,25/07/2019,11:13,B,172.168.1.8
      201,25/07/2019,11:15,B,172.168.1.8
       19,25/07/2019,11:30,B,172.168.1.8
       27,25/07/2019,11:32,B,172.168.1.8
       24,25/07/2019,11:33,B,172.168.1.8
      305,25/07/2019,12:03,B,172.168.1.8
      202,25/07/2019,12:08,B,172.168.1.8
       22,25/07/2019,12:14,B,172.168.1.8
      210,25/07/2019,12:17,B,172.168.1.8
      205,25/07/2019,13:08,B,172.168.1.8
      216,25/07/2019,13:18,B,172.168.1.8
      207,25/07/2019,13:19,B,172.168.1.8
        9,25/07/2019,13:19,B,172.168.1.8
      213,25/07/2019,13:33,B,172.168.1.8
      204,25/07/2019,13:34,B,172.168.1.8
      209,25/07/2019,13:34,B,172.168.1.8
      127,25/07/2019,13:36,B,172.168.1.8
      203,25/07/2019,14:06,B,172.168.1.8
      131,25/07/2019,14:22,B,172.168.1.8
      214,25/07/2019,14:27,B,172.168.1.8
       12,25/07/2019,14:47,B,172.168.1.8
      206,25/07/2019,14:56,B,172.168.1.8
       64,25/07/2019,15:00,B,172.168.1.8
      303,25/07/2019,15:07,B,172.168.1.8
      303,25/07/2019,15:07,B,172.168.1.8
      309,25/07/2019,15:07,B,172.168.1.8
      211,25/07/2019,15:08,B,172.168.1.8
      303,25/07/2019,15:09,B,172.168.1.8
      303,25/07/2019,15:09,B,172.168.1.8
      121,25/07/2019,15:14,B,172.168.1.8
      312,25/07/2019,15:26,B,172.168.1.8
      298,25/07/2019,15:31,B,172.168.1.8
      301,25/07/2019,15:37,B,172.168.1.8
       20,25/07/2019,15:45,B,172.168.1.8
      305,25/07/2019,15:47,B,172.168.1.8
      212,25/07/2019,15:49,B,172.168.1.8
        5,25/07/2019,15:52,B,172.168.1.8
       16,25/07/2019,15:57,B,172.168.1.8
        2,25/07/2019,16:11,B,172.168.1.8
       64,25/07/2019,16:30,B,172.168.1.8
       10,25/07/2019,16:30,B,172.168.1.8
       11,25/07/2019,16:30,B,172.168.1.8
       21,25/07/2019,16:32,B,172.168.1.8
       35,25/07/2019,16:34,B,172.168.1.8
      119,25/07/2019,16:41,B,172.168.1.8
      119,25/07/2019,16:41,B,172.168.1.8
       65,25/07/2019,16:42,B,172.168.1.8
      126,25/07/2019,16:50,B,172.168.1.8
      296,25/07/2019,16:58,B,172.168.1.8
       25,25/07/2019,17:00,B,172.168.1.8
       27,25/07/2019,17:08,B,172.168.1.8
       19,25/07/2019,17:09,B,172.168.1.8
       22,25/07/2019,17:10,B,172.168.1.8
      201,25/07/2019,17:13,B,172.168.1.8
      289,25/07/2019,17:13,B,172.168.1.8
      202,25/07/2019,17:13,B,172.168.1.8
      109,25/07/2019,17:14,B,172.168.1.8
      110,25/07/2019,17:15,B,172.168.1.8
      122,25/07/2019,17:16,B,172.168.1.8
      261,25/07/2019,17:16,B,172.168.1.8
      210,25/07/2019,17:19,B,172.168.1.8
      120,25/07/2019,17:20,B,172.168.1.8
      297,25/07/2019,17:21,B,172.168.1.8
      295,25/07/2019,17:23,B,172.168.1.8
       17,25/07/2019,17:25,B,172.168.1.8
      123,25/07/2019,17:30,B,172.168.1.8
      268,25/07/2019,17:30,B,172.168.1.8
      116,25/07/2019,17:30,B,172.168.1.8
      115,25/07/2019,17:30,B,172.168.1.8
      254,25/07/2019,17:30,B,172.168.1.8
       14,25/07/2019,17:31,B,172.168.1.8
       23,25/07/2019,17:34,B,172.168.1.8
       32,25/07/2019,17:41,B,172.168.1.8
      101,25/07/2019,17:41,B,172.168.1.8
      131,25/07/2019,17:43,B,172.168.1.8
      273,25/07/2019,17:45,B,172.168.1.8
       30,25/07/2019,17:47,B,172.168.1.8
      280,25/07/2019,17:48,B,172.168.1.8
      293,25/07/2019,17:51,B,172.168.1.8
      258,25/07/2019,17:52,B,172.168.1.8
      114,25/07/2019,17:58,B,172.168.1.8
      118,25/07/2019,18:14,B,172.168.1.8
      290,25/07/2019,18:21,B,172.168.1.8
      106,25/07/2019,18:24,B,172.168.1.8
      310,25/07/2019,18:24,B,172.168.1.8
       24,25/07/2019,18:32,B,172.168.1.8
       24,25/07/2019,18:32,B,172.168.1.8
        8,25/07/2019,18:33,B,172.168.1.8
      129,25/07/2019,18:56,B,172.168.1.8
      117,25/07/2019,19:33,B,172.168.1.8
      260,25/07/2019,19:34,B,172.168.1.8
      112,25/07/2019,20:51,B,172.168.1.8
      256,25/07/2019,20:51,B,172.168.1.8
      121,26/07/2019,06:54,B,172.168.1.8
      214,26/07/2019,07:14,B,172.168.1.8
      273,26/07/2019,07:30,B,172.168.1.8
      126,26/07/2019,07:46,B,172.168.1.8
      215,26/07/2019,07:50,B,172.168.1.8
      207,26/07/2019,07:53,B,172.168.1.8
      298,26/07/2019,08:03,B,172.168.1.8
      205,26/07/2019,08:05,B,172.168.1.8
      216,26/07/2019,08:17,B,172.168.1.8
      212,26/07/2019,08:17,B,172.168.1.8
      296,26/07/2019,08:20,B,172.168.1.8
      260,26/07/2019,08:26,B,172.168.1.8
      112,26/07/2019,08:32,B,172.168.1.8
       64,26/07/2019,08:41,B,172.168.1.8
       65,26/07/2019,08:46,B,172.168.1.8
      115,26/07/2019,08:54,B,172.168.1.8
      312,26/07/2019,08:55,B,172.168.1.8
       23,26/07/2019,08:59,B,172.168.1.8
      119,26/07/2019,08:59,B,172.168.1.8
      120,26/07/2019,09:02,B,172.168.1.8
       32,26/07/2019,09:03,B,172.168.1.8
       24,26/07/2019,09:08,B,172.168.1.8
       25,26/07/2019,09:10,B,172.168.1.8
       16,26/07/2019,09:11,B,172.168.1.8
       30,26/07/2019,09:13,B,172.168.1.8
       52,26/07/2019,09:15,B,172.168.1.8
      268,26/07/2019,09:21,B,172.168.1.8
      303,26/07/2019,09:22,B,172.168.1.8
      303,26/07/2019,09:22,B,172.168.1.8
      210,26/07/2019,09:24,B,172.168.1.8
       20,26/07/2019,09:25,B,172.168.1.8
      202,26/07/2019,09:28,B,172.168.1.8
      211,26/07/2019,09:29,B,172.168.1.8
      203,26/07/2019,09:30,B,172.168.1.8
      122,26/07/2019,09:33,B,172.168.1.8
      117,26/07/2019,09:43,B,172.168.1.8
      290,26/07/2019,09:45,B,172.168.1.8
      206,26/07/2019,09:47,B,172.168.1.8
      123,26/07/2019,09:48,B,172.168.1.8
      109,26/07/2019,09:51,B,172.168.1.8
      110,26/07/2019,09:51,B,172.168.1.8
        8,26/07/2019,09:51,B,172.168.1.8
      118,26/07/2019,09:51,B,172.168.1.8
      271,26/07/2019,09:52,B,172.168.1.8
      131,26/07/2019,09:54,B,172.168.1.8
      209,26/07/2019,09:54,B,172.168.1.8
      213,26/07/2019,09:54,B,172.168.1.8
      204,26/07/2019,09:54,B,172.168.1.8
      204,26/07/2019,09:55,B,172.168.1.8
      289,26/07/2019,09:55,B,172.168.1.8
      114,26/07/2019,09:58,B,172.168.1.8
      256,26/07/2019,09:59,B,172.168.1.8
      297,26/07/2019,10:00,B,172.168.1.8
      310,26/07/2019,10:04,B,172.168.1.8
      127,26/07/2019,10:08,B,172.168.1.8
       14,26/07/2019,10:08,B,172.168.1.8
      280,26/07/2019,10:11,B,172.168.1.8
      101,26/07/2019,10:12,B,172.168.1.8
       36,26/07/2019,10:14,B,172.168.1.8
       21,26/07/2019,10:15,B,172.168.1.8
        1,26/07/2019,10:16,B,172.168.1.8
      295,26/07/2019,10:24,B,172.168.1.8
      261,26/07/2019,10:24,B,172.168.1.8
      301,26/07/2019,10:24,B,172.168.1.8
      129,26/07/2019,10:26,B,172.168.1.8
      309,26/07/2019,10:26,B,172.168.1.8
        9,26/07/2019,10:27,B,172.168.1.8
      201,26/07/2019,10:28,B,172.168.1.8
       11,26/07/2019,10:29,B,172.168.1.8
      293,26/07/2019,10:32,B,172.168.1.8
      254,26/07/2019,10:39,B,172.168.1.8
       35,26/07/2019,10:48,B,172.168.1.8
        5,26/07/2019,10:51,B,172.168.1.8
       17,26/07/2019,11:02,B,172.168.1.8
       22,26/07/2019,11:10,B,172.168.1.8
        2,26/07/2019,11:38,B,172.168.1.8
       29,26/07/2019,11:38,B,172.168.1.8
       27,26/07/2019,11:42,B,172.168.1.8
      305,26/07/2019,12:01,B,172.168.1.8
       10,26/07/2019,12:18,B,172.168.1.8
       64,26/07/2019,12:23,B,172.168.1.8
      213,26/07/2019,12:50,B,172.168.1.8
      128,26/07/2019,12:54,B,172.168.1.8
      215,26/07/2019,12:55,B,172.168.1.8
      258,26/07/2019,12:55,B,172.168.1.8
      215,26/07/2019,12:56,B,172.168.1.8
      214,26/07/2019,13:03,B,172.168.1.8
      212,26/07/2019,13:15,B,172.168.1.8
      207,26/07/2019,13:15,B,172.168.1.8
      216,26/07/2019,13:15,B,172.168.1.8
      205,26/07/2019,13:20,B,172.168.1.8
      205,26/07/2019,13:20,B,172.168.1.8
      202,26/07/2019,13:35,B,172.168.1.8
      106,26/07/2019,13:44,B,172.168.1.8
      293,26/07/2019,13:50,B,172.168.1.8
      309,26/07/2019,14:10,B,172.168.1.8
      210,26/07/2019,14:28,B,172.168.1.8
      211,26/07/2019,14:32,B,172.168.1.8
      203,26/07/2019,14:32,B,172.168.1.8
      301,26/07/2019,14:33,B,172.168.1.8
       16,26/07/2019,14:39,B,172.168.1.8
      204,26/07/2019,14:58,B,172.168.1.8
      209,26/07/2019,14:58,B,172.168.1.8
      206,26/07/2019,15:00,B,172.168.1.8
      312,26/07/2019,15:04,B,172.168.1.8
       20,26/07/2019,15:10,B,172.168.1.8
       20,26/07/2019,15:11,B,172.168.1.8
      123,26/07/2019,15:12,B,172.168.1.8
      122,26/07/2019,15:13,B,172.168.1.8
      121,26/07/2019,15:16,B,172.168.1.8
      110,26/07/2019,15:21,B,172.168.1.8
      298,26/07/2019,15:34,B,172.168.1.8
      305,26/07/2019,15:40,B,172.168.1.8
      303,26/07/2019,15:43,B,172.168.1.8
       14,26/07/2019,15:54,B,172.168.1.8
       14,26/07/2019,16:08,B,172.168.1.8
       10,26/07/2019,16:10,B,172.168.1.8
      101,26/07/2019,16:14,B,172.168.1.8
        9,26/07/2019,16:26,B,172.168.1.8
        9,26/07/2019,16:27,B,172.168.1.8
       25,26/07/2019,16:33,B,172.168.1.8
      119,26/07/2019,16:34,B,172.168.1.8
        2,26/07/2019,16:40,B,172.168.1.8
        8,26/07/2019,16:41,B,172.168.1.8
       11,26/07/2019,16:43,B,172.168.1.8
       27,26/07/2019,16:43,B,172.168.1.8
       19,26/07/2019,16:47,B,172.168.1.8
      295,26/07/2019,16:50,B,172.168.1.8
       36,26/07/2019,17:04,B,172.168.1.8
      280,26/07/2019,17:12,B,172.168.1.8
      297,26/07/2019,17:13,B,172.168.1.8
      271,26/07/2019,17:14,B,172.168.1.8
      268,26/07/2019,17:16,B,172.168.1.8
      289,26/07/2019,17:16,B,172.168.1.8
      261,26/07/2019,17:19,B,172.168.1.8
      131,26/07/2019,17:19,B,172.168.1.8
      120,26/07/2019,17:21,B,172.168.1.8
      273,26/07/2019,17:23,B,172.168.1.8
      128,26/07/2019,17:25,B,172.168.1.8
      254,26/07/2019,17:30,B,172.168.1.8
      258,26/07/2019,17:34,B,172.168.1.8
      106,26/07/2019,17:34,B,172.168.1.8
       32,26/07/2019,17:35,B,172.168.1.8
       30,26/07/2019,17:36,B,172.168.1.8
      114,26/07/2019,17:37,B,172.168.1.8
        1,26/07/2019,18:08,B,172.168.1.8
      290,26/07/2019,18:12,B,172.168.1.8
      290,26/07/2019,18:13,B,172.168.1.8
      296,26/07/2019,18:15,B,172.168.1.8
      118,26/07/2019,18:20,B,172.168.1.8
      129,26/07/2019,18:23,B,172.168.1.8
      310,26/07/2019,18:23,B,172.168.1.8
      310,26/07/2019,18:25,B,172.168.1.8
      129,26/07/2019,18:25,B,172.168.1.8
      127,26/07/2019,18:33,B,172.168.1.8
      260,26/07/2019,19:39,B,172.168.1.8
      260,26/07/2019,19:40,B,172.168.1.8
      112,26/07/2019,21:31,B,172.168.1.8
      256,26/07/2019,21:32,B,172.168.1.8
      112,26/07/2019,21:32,B,172.168.1.8
      121,27/07/2019,06:54,B,172.168.1.8
      273,27/07/2019,07:34,B,172.168.1.8
      207,27/07/2019,07:44,B,172.168.1.8
      298,27/07/2019,07:46,B,172.168.1.8
      126,27/07/2019,07:47,B,172.168.1.8
      255,27/07/2019,07:53,B,172.168.1.8
      216,27/07/2019,08:01,B,172.168.1.8
      213,27/07/2019,08:15,B,172.168.1.8
       65,27/07/2019,08:16,B,172.168.1.8
      206,27/07/2019,08:17,B,172.168.1.8
      260,27/07/2019,08:26,B,172.168.1.8
       16,27/07/2019,08:38,B,172.168.1.8
      212,27/07/2019,08:45,B,172.168.1.8
      119,27/07/2019,08:45,B,172.168.1.8
      115,27/07/2019,08:47,B,172.168.1.8
      210,27/07/2019,08:53,B,172.168.1.8
      312,27/07/2019,09:01,B,172.168.1.8
      268,27/07/2019,09:11,B,172.168.1.8
      205,27/07/2019,09:13,B,172.168.1.8
      205,27/07/2019,09:13,B,172.168.1.8
      209,27/07/2019,09:14,B,172.168.1.8
       14,27/07/2019,09:21,B,172.168.1.8
       20,27/07/2019,09:21,B,172.168.1.8
       25,27/07/2019,09:22,B,172.168.1.8
       36,27/07/2019,09:22,B,172.168.1.8
       30,27/07/2019,09:33,B,172.168.1.8
       72,27/07/2019,09:33,B,172.168.1.8
      280,27/07/2019,09:39,B,172.168.1.8
       22,27/07/2019,09:46,B,172.168.1.8
      303,27/07/2019,09:47,B,172.168.1.8
      118,27/07/2019,09:52,B,172.168.1.8
       32,27/07/2019,09:55,B,172.168.1.8
      211,27/07/2019,09:58,B,172.168.1.8
      116,27/07/2019,09:59,B,172.168.1.8
      256,27/07/2019,10:00,B,172.168.1.8
       27,27/07/2019,10:03,B,172.168.1.8
      112,27/07/2019,10:15,B,172.168.1.8
      206,27/07/2019,10:22,B,172.168.1.8
      114,27/07/2019,10:28,B,172.168.1.8
      207,27/07/2019,10:29,B,172.168.1.8
      207,27/07/2019,10:30,B,172.168.1.8
      216,27/07/2019,10:30,B,172.168.1.8
       24,27/07/2019,10:33,B,172.168.1.8
       26,27/07/2019,10:41,B,172.168.1.8
      293,27/07/2019,10:41,B,172.168.1.8
      202,27/07/2019,10:49,B,172.168.1.8
       11,27/07/2019,10:51,B,172.168.1.8
      203,27/07/2019,10:52,B,172.168.1.8
       21,27/07/2019,10:53,B,172.168.1.8
       23,27/07/2019,10:54,B,172.168.1.8
      210,27/07/2019,10:54,B,172.168.1.8
      212,27/07/2019,10:56,B,172.168.1.8
      210,27/07/2019,10:56,B,172.168.1.8
       16,27/07/2019,11:00,B,172.168.1.8
        9,27/07/2019,11:11,B,172.168.1.8
      296,27/07/2019,11:17,B,172.168.1.8
      303,27/07/2019,11:19,B,172.168.1.8
       10,27/07/2019,11:22,B,172.168.1.8
       35,27/07/2019,11:24,B,172.168.1.8
      201,27/07/2019,11:27,B,172.168.1.8
      213,27/07/2019,11:34,B,172.168.1.8
      209,27/07/2019,11:35,B,172.168.1.8
        8,27/07/2019,11:39,B,172.168.1.8
       20,27/07/2019,11:49,B,172.168.1.8
      205,27/07/2019,11:50,B,172.168.1.8
      205,27/07/2019,11:50,B,172.168.1.8
       12,27/07/2019,12:01,B,172.168.1.8
        5,27/07/2019,12:07,B,172.168.1.8
      202,27/07/2019,12:10,B,172.168.1.8
      202,27/07/2019,12:11,B,172.168.1.8
      211,27/07/2019,12:16,B,172.168.1.8
       28,27/07/2019,12:21,B,172.168.1.8
      312,27/07/2019,12:29,B,172.168.1.8
      203,27/07/2019,12:34,B,172.168.1.8
      201,27/07/2019,12:34,B,172.168.1.8
       22,27/07/2019,12:36,B,172.168.1.8
       27,27/07/2019,12:42,B,172.168.1.8
       72,27/07/2019,12:54,B,172.168.1.8
       24,27/07/2019,13:07,B,172.168.1.8
       14,27/07/2019,13:16,B,172.168.1.8
       35,27/07/2019,13:20,B,172.168.1.8
       32,27/07/2019,13:22,B,172.168.1.8
       65,27/07/2019,13:34,B,172.168.1.8
       21,27/07/2019,13:43,B,172.168.1.8
      119,27/07/2019,13:48,B,172.168.1.8
       11,27/07/2019,13:51,B,172.168.1.8
        9,27/07/2019,13:56,B,172.168.1.8
        8,27/07/2019,14:17,B,172.168.1.8
       30,27/07/2019,14:27,B,172.168.1.8
       30,27/07/2019,14:28,B,172.168.1.8
       10,27/07/2019,14:31,B,172.168.1.8
      121,27/07/2019,14:44,B,172.168.1.8
      126,27/07/2019,14:50,B,172.168.1.8
      121,27/07/2019,14:50,B,172.168.1.8
      298,27/07/2019,14:54,B,172.168.1.8
        5,27/07/2019,14:54,B,172.168.1.8
       28,27/07/2019,14:59,B,172.168.1.8
       23,27/07/2019,15:31,B,172.168.1.8
       26,27/07/2019,15:42,B,172.168.1.8
      296,27/07/2019,15:57,B,172.168.1.8
      115,27/07/2019,15:58,B,172.168.1.8
      268,27/07/2019,16:12,B,172.168.1.8
      268,27/07/2019,16:18,B,172.168.1.8
      112,27/07/2019,16:35,B,172.168.1.8
       25,27/07/2019,16:36,B,172.168.1.8
      280,27/07/2019,16:46,B,172.168.1.8
      273,27/07/2019,16:48,B,172.168.1.8
      293,27/07/2019,17:21,B,172.168.1.8
      114,27/07/2019,17:34,B,172.168.1.8
      116,27/07/2019,17:45,B,172.168.1.8
      116,27/07/2019,17:46,B,172.168.1.8
      118,27/07/2019,18:08,B,172.168.1.8
      255,27/07/2019,18:28,B,172.168.1.8
      260,27/07/2019,20:30,B,172.168.1.8
      256,27/07/2019,22:05,B,172.168.1.8
      260,28/07/2019,09:03,B,172.168.1.8
      260,28/07/2019,09:03,B,172.168.1.8
      114,28/07/2019,10:12,B,172.168.1.8
      115,28/07/2019,10:24,B,172.168.1.8
      114,28/07/2019,15:48,B,172.168.1.8
      115,28/07/2019,18:40,B,172.168.1.8
      260,28/07/2019,18:40,B,172.168.1.8
      121,29/07/2019,06:50,B,172.168.1.8
      273,29/07/2019,07:22,B,172.168.1.8
      205,29/07/2019,07:34,B,172.168.1.8
      205,29/07/2019,07:34,B,172.168.1.8
      298,29/07/2019,07:35,B,172.168.1.8
      215,29/07/2019,07:47,B,172.168.1.8
      255,29/07/2019,07:54,B,172.168.1.8
      203,29/07/2019,08:10,B,172.168.1.8
      213,29/07/2019,08:12,B,172.168.1.8
      212,29/07/2019,08:20,B,172.168.1.8
      214,29/07/2019,08:23,B,172.168.1.8
      296,29/07/2019,08:24,B,172.168.1.8
      260,29/07/2019,08:26,B,172.168.1.8
      301,29/07/2019,08:27,B,172.168.1.8
       64,29/07/2019,08:40,B,172.168.1.8
      118,29/07/2019,08:42,B,172.168.1.8
      303,29/07/2019,08:43,B,172.168.1.8
      115,29/07/2019,08:46,B,172.168.1.8
       23,29/07/2019,08:53,B,172.168.1.8
      119,29/07/2019,08:53,B,172.168.1.8
      120,29/07/2019,08:56,B,172.168.1.8
      312,29/07/2019,08:56,B,172.168.1.8
      204,29/07/2019,08:58,B,172.168.1.8
       18,29/07/2019,09:04,B,172.168.1.8
       72,29/07/2019,09:12,B,172.168.1.8
      112,29/07/2019,09:15,B,172.168.1.8
       25,29/07/2019,09:21,B,172.168.1.8
      211,29/07/2019,09:22,B,172.168.1.8
      268,29/07/2019,09:25,B,172.168.1.8
       11,29/07/2019,09:29,B,172.168.1.8
       12,29/07/2019,09:34,B,172.168.1.8
      206,29/07/2019,09:37,B,172.168.1.8
      123,29/07/2019,09:40,B,172.168.1.8
       29,29/07/2019,09:41,B,172.168.1.8
      290,29/07/2019,09:46,B,172.168.1.8
      209,29/07/2019,09:46,B,172.168.1.8
      258,29/07/2019,09:49,B,172.168.1.8
      128,29/07/2019,09:49,B,172.168.1.8
       36,29/07/2019,09:52,B,172.168.1.8
      109,29/07/2019,09:52,B,172.168.1.8
      110,29/07/2019,09:53,B,172.168.1.8
      210,29/07/2019,09:53,B,172.168.1.8
      289,29/07/2019,09:55,B,172.168.1.8
      127,29/07/2019,09:57,B,172.168.1.8
      256,29/07/2019,10:00,B,172.168.1.8
       32,29/07/2019,10:00,B,172.168.1.8
      297,29/07/2019,10:02,B,172.168.1.8
       14,29/07/2019,10:03,B,172.168.1.8
      310,29/07/2019,10:04,B,172.168.1.8
      114,29/07/2019,10:05,B,172.168.1.8
       24,29/07/2019,10:08,B,172.168.1.8
       30,29/07/2019,10:08,B,172.168.1.8
      117,29/07/2019,10:09,B,172.168.1.8
      293,29/07/2019,10:12,B,172.168.1.8
      129,29/07/2019,10:18,B,172.168.1.8
      261,29/07/2019,10:19,B,172.168.1.8
      116,29/07/2019,10:20,B,172.168.1.8
      131,29/07/2019,10:22,B,172.168.1.8
       10,29/07/2019,10:29,B,172.168.1.8
        5,29/07/2019,10:30,B,172.168.1.8
        5,29/07/2019,10:30,B,172.168.1.8
        5,29/07/2019,10:30,B,172.168.1.8
      271,29/07/2019,10:33,B,172.168.1.8
      207,29/07/2019,10:34,B,172.168.1.8
      201,29/07/2019,10:35,B,172.168.1.8
      254,29/07/2019,10:39,B,172.168.1.8
      280,29/07/2019,10:41,B,172.168.1.8
       28,29/07/2019,10:41,B,172.168.1.8
        8,29/07/2019,10:50,B,172.168.1.8
       21,29/07/2019,10:57,B,172.168.1.8
       22,29/07/2019,11:02,B,172.168.1.8
        9,29/07/2019,11:03,B,172.168.1.8
      251,29/07/2019,11:06,B,172.168.1.8
       19,29/07/2019,11:18,B,172.168.1.8
       71,29/07/2019,11:32,B,172.168.1.8
        2,29/07/2019,11:43,B,172.168.1.8
       27,29/07/2019,11:46,B,172.168.1.8
      301,29/07/2019,11:46,B,172.168.1.8
       35,29/07/2019,12:03,B,172.168.1.8
       26,29/07/2019,12:09,B,172.168.1.8
       64,29/07/2019,12:23,B,172.168.1.8
      205,29/07/2019,12:35,B,172.168.1.8
      205,29/07/2019,12:35,B,172.168.1.8
      309,29/07/2019,12:49,B,172.168.1.8
      215,29/07/2019,12:57,B,172.168.1.8
      212,29/07/2019,13:16,B,172.168.1.8
      203,29/07/2019,13:18,B,172.168.1.8
      214,29/07/2019,13:49,B,172.168.1.8
      118,29/07/2019,13:49,B,172.168.1.8
       69,29/07/2019,14:05,B,172.168.1.8
      204,29/07/2019,14:07,B,172.168.1.8
      213,29/07/2019,14:08,B,172.168.1.8
      204,29/07/2019,14:08,B,172.168.1.8
      213,29/07/2019,14:08,B,172.168.1.8
      211,29/07/2019,14:24,B,172.168.1.8
       18,29/07/2019,14:37,B,172.168.1.8
      206,29/07/2019,14:40,B,172.168.1.8
      209,29/07/2019,14:50,B,172.168.1.8
      210,29/07/2019,14:55,B,172.168.1.8
       36,29/07/2019,14:57,B,172.168.1.8
       12,29/07/2019,15:01,B,172.168.1.8
      298,29/07/2019,15:03,B,172.168.1.8
      303,29/07/2019,15:11,B,172.168.1.8
      303,29/07/2019,15:11,B,172.168.1.8
      207,29/07/2019,15:12,B,172.168.1.8
       72,29/07/2019,15:24,B,172.168.1.8
      201,29/07/2019,15:35,B,172.168.1.8
      121,29/07/2019,15:38,B,172.168.1.8
       69,29/07/2019,15:40,B,172.168.1.8
       24,29/07/2019,15:48,B,172.168.1.8
      309,29/07/2019,15:55,B,172.168.1.8
       11,29/07/2019,15:56,B,172.168.1.8
       25,29/07/2019,16:00,B,172.168.1.8
        5,29/07/2019,16:00,B,172.168.1.8
       10,29/07/2019,16:12,B,172.168.1.8
      312,29/07/2019,16:18,B,172.168.1.8
      256,29/07/2019,16:23,B,172.168.1.8
       26,29/07/2019,16:28,B,172.168.1.8
       23,29/07/2019,16:28,B,172.168.1.8
       22,29/07/2019,16:29,B,172.168.1.8
       28,29/07/2019,16:29,B,172.168.1.8
       35,29/07/2019,16:34,B,172.168.1.8
       27,29/07/2019,16:35,B,172.168.1.8
       71,29/07/2019,16:42,B,172.168.1.8
      119,29/07/2019,16:47,B,172.168.1.8
      123,29/07/2019,16:47,B,172.168.1.8
       19,29/07/2019,16:49,B,172.168.1.8
       35,29/07/2019,16:53,B,172.168.1.8
      110,29/07/2019,17:15,B,172.168.1.8
       32,29/07/2019,17:15,B,172.168.1.8
      109,29/07/2019,17:16,B,172.168.1.8
      271,29/07/2019,17:16,B,172.168.1.8
      289,29/07/2019,17:17,B,172.168.1.8
      271,29/07/2019,17:17,B,172.168.1.8
      271,29/07/2019,17:18,B,172.168.1.8
      261,29/07/2019,17:19,B,172.168.1.8
      120,29/07/2019,17:21,B,172.168.1.8
      297,29/07/2019,17:21,B,172.168.1.8
        2,29/07/2019,17:24,B,172.168.1.8
       14,29/07/2019,17:25,B,172.168.1.8
      118,29/07/2019,17:26,B,172.168.1.8
      115,29/07/2019,17:30,B,172.168.1.8
      251,29/07/2019,17:30,B,172.168.1.8
      254,29/07/2019,17:30,B,172.168.1.8
      280,29/07/2019,17:31,B,172.168.1.8
      268,29/07/2019,17:32,B,172.168.1.8
      114,29/07/2019,17:34,B,172.168.1.8
      273,29/07/2019,17:34,B,172.168.1.8
       30,29/07/2019,17:37,B,172.168.1.8
      258,29/07/2019,17:40,B,172.168.1.8
        8,29/07/2019,17:49,B,172.168.1.8
      256,29/07/2019,17:55,B,172.168.1.8
      293,29/07/2019,18:01,B,172.168.1.8
      260,29/07/2019,18:05,B,172.168.1.8
      310,29/07/2019,18:06,B,172.168.1.8
      310,29/07/2019,18:07,B,172.168.1.8
      117,29/07/2019,18:07,B,172.168.1.8
      117,29/07/2019,18:09,B,172.168.1.8
      116,29/07/2019,18:10,B,172.168.1.8
      310,29/07/2019,18:11,B,172.168.1.8
      290,29/07/2019,18:12,B,172.168.1.8
      296,29/07/2019,18:13,B,172.168.1.8
      129,29/07/2019,20:20,B,172.168.1.8
      112,29/07/2019,21:05,B,172.168.1.8
      255,29/07/2019,21:06,B,172.168.1.8
      112,29/07/2019,21:06,B,172.168.1.8
      121,30/07/2019,06:54,B,172.168.1.8
      126,30/07/2019,07:08,B,172.168.1.8
      273,30/07/2019,07:14,B,172.168.1.8
      214,30/07/2019,07:32,B,172.168.1.8
      205,30/07/2019,07:48,B,172.168.1.8
      215,30/07/2019,07:50,B,172.168.1.8
      255,30/07/2019,07:56,B,172.168.1.8
      209,30/07/2019,08:00,B,172.168.1.8
      208,30/07/2019,08:00,B,172.168.1.8
      207,30/07/2019,08:04,B,172.168.1.8
      112,30/07/2019,08:09,B,172.168.1.8
      296,30/07/2019,08:14,B,172.168.1.8
      260,30/07/2019,08:19,B,172.168.1.8
       51,30/07/2019,08:21,B,172.168.1.8
       52,30/07/2019,08:24,B,172.168.1.8
      212,30/07/2019,08:29,B,172.168.1.8
       36,30/07/2019,08:42,B,172.168.1.8
      210,30/07/2019,08:48,B,172.168.1.8
       23,30/07/2019,08:56,B,172.168.1.8
      120,30/07/2019,08:57,B,172.168.1.8
      115,30/07/2019,08:58,B,172.168.1.8
      312,30/07/2019,08:58,B,172.168.1.8
      204,30/07/2019,09:02,B,172.168.1.8
      213,30/07/2019,09:06,B,172.168.1.8
       12,30/07/2019,09:06,B,172.168.1.8
       25,30/07/2019,09:07,B,172.168.1.8
      119,30/07/2019,09:07,B,172.168.1.8
      203,30/07/2019,09:13,B,172.168.1.8
        8,30/07/2019,09:18,B,172.168.1.8
       72,30/07/2019,09:20,B,172.168.1.8
      122,30/07/2019,09:20,B,172.168.1.8
       18,30/07/2019,09:30,B,172.168.1.8
      268,30/07/2019,09:33,B,172.168.1.8
      290,30/07/2019,09:38,B,172.168.1.8
       11,30/07/2019,09:42,B,172.168.1.8
      211,30/07/2019,09:44,B,172.168.1.8
      117,30/07/2019,09:45,B,172.168.1.8
      206,30/07/2019,09:48,B,172.168.1.8
       14,30/07/2019,09:48,B,172.168.1.8
       16,30/07/2019,09:49,B,172.168.1.8
      123,30/07/2019,09:51,B,172.168.1.8
      109,30/07/2019,09:53,B,172.168.1.8
      110,30/07/2019,09:54,B,172.168.1.8
      289,30/07/2019,09:55,B,172.168.1.8
      271,30/07/2019,09:55,B,172.168.1.8
      256,30/07/2019,09:56,B,172.168.1.8
      114,30/07/2019,09:56,B,172.168.1.8
       20,30/07/2019,09:59,B,172.168.1.8
      258,30/07/2019,10:01,B,172.168.1.8
      297,30/07/2019,10:03,B,172.168.1.8
      303,30/07/2019,10:03,B,172.168.1.8
      303,30/07/2019,10:03,B,172.168.1.8
      116,30/07/2019,10:09,B,172.168.1.8
      129,30/07/2019,10:09,B,172.168.1.8
      310,30/07/2019,10:09,B,172.168.1.8
      131,30/07/2019,10:09,B,172.168.1.8
      127,30/07/2019,10:10,B,172.168.1.8
      128,30/07/2019,10:12,B,172.168.1.8
       21,30/07/2019,10:17,B,172.168.1.8
       30,30/07/2019,10:25,B,172.168.1.8
       28,30/07/2019,10:30,B,172.168.1.8
      101,30/07/2019,10:31,B,172.168.1.8
      101,30/07/2019,10:31,B,172.168.1.8
      280,30/07/2019,10:34,B,172.168.1.8
      201,30/07/2019,10:35,B,172.168.1.8
      293,30/07/2019,10:43,B,172.168.1.8
      254,30/07/2019,10:46,B,172.168.1.8
      295,30/07/2019,10:48,B,172.168.1.8
      251,30/07/2019,10:51,B,172.168.1.8
       24,30/07/2019,10:57,B,172.168.1.8
      261,30/07/2019,11:02,B,172.168.1.8
       22,30/07/2019,11:14,B,172.168.1.8
       52,30/07/2019,11:17,B,172.168.1.8
      201,30/07/2019,11:21,B,172.168.1.8
      212,30/07/2019,11:21,B,172.168.1.8
       35,30/07/2019,11:22,B,172.168.1.8
        2,30/07/2019,11:29,B,172.168.1.8
       19,30/07/2019,11:35,B,172.168.1.8
       27,30/07/2019,11:37,B,172.168.1.8
       26,30/07/2019,11:39,B,172.168.1.8
        9,30/07/2019,11:39,B,172.168.1.8
      106,30/07/2019,11:43,B,172.168.1.8
      209,30/07/2019,11:48,B,172.168.1.8
       10,30/07/2019,12:03,B,172.168.1.8
      305,30/07/2019,12:05,B,172.168.1.8
      312,30/07/2019,12:12,B,172.168.1.8
      119,30/07/2019,12:30,B,172.168.1.8
      205,30/07/2019,12:54,B,172.168.1.8
      205,30/07/2019,12:54,B,172.168.1.8
      205,30/07/2019,12:54,B,172.168.1.8
      215,30/07/2019,12:55,B,172.168.1.8
      214,30/07/2019,13:00,B,172.168.1.8
       71,30/07/2019,13:02,B,172.168.1.8
      128,30/07/2019,13:54,B,172.168.1.8
      210,30/07/2019,14:03,B,172.168.1.8
      210,30/07/2019,14:03,B,172.168.1.8
      204,30/07/2019,14:04,B,172.168.1.8
      213,30/07/2019,14:05,B,172.168.1.8
      210,30/07/2019,14:05,B,172.168.1.8
      203,30/07/2019,14:14,B,172.168.1.8
       36,30/07/2019,14:27,B,172.168.1.8
       28,30/07/2019,14:31,B,172.168.1.8
       35,30/07/2019,14:32,B,172.168.1.8
       18,30/07/2019,14:52,B,172.168.1.8
      206,30/07/2019,14:54,B,172.168.1.8
      211,30/07/2019,14:55,B,172.168.1.8
      121,30/07/2019,15:10,B,172.168.1.8
       11,30/07/2019,15:29,B,172.168.1.8
       72,30/07/2019,15:30,B,172.168.1.8
      126,30/07/2019,15:32,B,172.168.1.8
      305,30/07/2019,15:38,B,172.168.1.8
       16,30/07/2019,15:47,B,172.168.1.8
       20,30/07/2019,15:50,B,172.168.1.8
      303,30/07/2019,15:51,B,172.168.1.8
       24,30/07/2019,16:36,B,172.168.1.8
       25,30/07/2019,16:45,B,172.168.1.8
       10,30/07/2019,16:46,B,172.168.1.8
        9,30/07/2019,16:47,B,172.168.1.8
       22,30/07/2019,16:48,B,172.168.1.8
       19,30/07/2019,16:58,B,172.168.1.8
        8,30/07/2019,17:06,B,172.168.1.8
       26,30/07/2019,17:09,B,172.168.1.8
      109,30/07/2019,17:14,B,172.168.1.8
      268,30/07/2019,17:14,B,172.168.1.8
      289,30/07/2019,17:15,B,172.168.1.8
      110,30/07/2019,17:15,B,172.168.1.8
      118,30/07/2019,17:17,B,172.168.1.8
      122,30/07/2019,17:17,B,172.168.1.8
      131,30/07/2019,17:17,B,172.168.1.8
      127,30/07/2019,17:18,B,172.168.1.8
      261,30/07/2019,17:20,B,172.168.1.8
      271,30/07/2019,17:24,B,172.168.1.8
      271,30/07/2019,17:25,B,172.168.1.8
      295,30/07/2019,17:25,B,172.168.1.8
      297,30/07/2019,17:29,B,172.168.1.8
      120,30/07/2019,17:31,B,172.168.1.8
      254,30/07/2019,17:32,B,172.168.1.8
      251,30/07/2019,17:35,B,172.168.1.8
      115,30/07/2019,17:35,B,172.168.1.8
      114,30/07/2019,17:36,B,172.168.1.8
      273,30/07/2019,17:37,B,172.168.1.8
      280,30/07/2019,17:50,B,172.168.1.8
      258,30/07/2019,17:50,B,172.168.1.8
      123,30/07/2019,18:00,B,172.168.1.8
      293,30/07/2019,18:00,B,172.168.1.8
       27,30/07/2019,18:02,B,172.168.1.8
      117,30/07/2019,18:04,B,172.168.1.8
      116,30/07/2019,18:04,B,172.168.1.8
       30,30/07/2019,18:08,B,172.168.1.8
        2,30/07/2019,18:18,B,172.168.1.8
       12,30/07/2019,18:19,B,172.168.1.8
      290,30/07/2019,18:25,B,172.168.1.8
      106,30/07/2019,18:27,B,172.168.1.8
       14,30/07/2019,18:40,B,172.168.1.8
      101,30/07/2019,18:41,B,172.168.1.8
      296,30/07/2019,19:16,B,172.168.1.8
        1,30/07/2019,19:23,B,172.168.1.8
      129,30/07/2019,19:36,B,172.168.1.8
      129,30/07/2019,19:38,B,172.168.1.8
      256,30/07/2019,20:03,B,172.168.1.8
      260,30/07/2019,20:11,B,172.168.1.8
      112,30/07/2019,20:48,B,172.168.1.8
      255,30/07/2019,20:50,B,172.168.1.8
      112,30/07/2019,20:50,B,172.168.1.8
      121,31/07/2019,06:53,B,172.168.1.8
      298,31/07/2019,07:28,B,172.168.1.8
      273,31/07/2019,07:29,B,172.168.1.8
      126,31/07/2019,07:29,B,172.168.1.8
      205,31/07/2019,07:43,B,172.168.1.8
      112,31/07/2019,08:03,B,172.168.1.8
      203,31/07/2019,08:04,B,172.168.1.8
      207,31/07/2019,08:05,B,172.168.1.8
      296,31/07/2019,08:08,B,172.168.1.8
      213,31/07/2019,08:13,B,172.168.1.8
      260,31/07/2019,08:20,B,172.168.1.8
       52,31/07/2019,08:22,B,172.168.1.8
      212,31/07/2019,08:28,B,172.168.1.8
      255,31/07/2019,08:28,B,172.168.1.8
      214,31/07/2019,08:31,B,172.168.1.8
      301,31/07/2019,08:38,B,172.168.1.8
       36,31/07/2019,08:48,B,172.168.1.8
      208,31/07/2019,08:55,B,172.168.1.8
      309,31/07/2019,08:57,B,172.168.1.8
      204,31/07/2019,08:58,B,172.168.1.8
      312,31/07/2019,08:59,B,172.168.1.8
      303,31/07/2019,08:59,B,172.168.1.8
       32,31/07/2019,09:00,B,172.168.1.8
      210,31/07/2019,09:03,B,172.168.1.8
       72,31/07/2019,09:12,B,172.168.1.8
      211,31/07/2019,09:17,B,172.168.1.8
      122,31/07/2019,09:20,B,172.168.1.8
      268,31/07/2019,09:20,B,172.168.1.8
       11,31/07/2019,09:26,B,172.168.1.8
      215,31/07/2019,09:27,B,172.168.1.8
       25,31/07/2019,09:31,B,172.168.1.8
       14,31/07/2019,09:32,B,172.168.1.8
      117,31/07/2019,09:41,B,172.168.1.8
        1,31/07/2019,09:44,B,172.168.1.8
      127,31/07/2019,09:46,B,172.168.1.8
      123,31/07/2019,09:46,B,172.168.1.8
      206,31/07/2019,09:48,B,172.168.1.8
       18,31/07/2019,09:51,B,172.168.1.8
      290,31/07/2019,09:51,B,172.168.1.8
      258,31/07/2019,09:51,B,172.168.1.8
      271,31/07/2019,09:53,B,172.168.1.8
      201,31/07/2019,09:55,B,172.168.1.8
      201,31/07/2019,09:55,B,172.168.1.8
      128,31/07/2019,09:57,B,172.168.1.8
      256,31/07/2019,10:00,B,172.168.1.8
       21,31/07/2019,10:00,B,172.168.1.8
      297,31/07/2019,10:00,B,172.168.1.8
      289,31/07/2019,10:02,B,172.168.1.8
      109,31/07/2019,10:03,B,172.168.1.8
      114,31/07/2019,10:04,B,172.168.1.8
       16,31/07/2019,10:05,B,172.168.1.8
      131,31/07/2019,10:12,B,172.168.1.8
      310,31/07/2019,10:13,B,172.168.1.8
      129,31/07/2019,10:14,B,172.168.1.8
       30,31/07/2019,10:15,B,172.168.1.8
       30,31/07/2019,10:16,B,172.168.1.8
       24,31/07/2019,10:21,B,172.168.1.8
      116,31/07/2019,10:23,B,172.168.1.8
       10,31/07/2019,10:38,B,172.168.1.8
        9,31/07/2019,10:39,B,172.168.1.8
        5,31/07/2019,10:40,B,172.168.1.8
      261,31/07/2019,10:40,B,172.168.1.8
      254,31/07/2019,10:44,B,172.168.1.8
      280,31/07/2019,10:44,B,172.168.1.8
      295,31/07/2019,10:46,B,172.168.1.8
        8,31/07/2019,10:49,B,172.168.1.8
       26,31/07/2019,10:50,B,172.168.1.8
      106,31/07/2019,10:52,B,172.168.1.8
       35,31/07/2019,11:01,B,172.168.1.8
       35,31/07/2019,11:01,B,172.168.1.8
       28,31/07/2019,11:10,B,172.168.1.8
      293,31/07/2019,11:14,B,172.168.1.8
        2,31/07/2019,11:14,B,172.168.1.8
      251,31/07/2019,11:20,B,172.168.1.8
       19,31/07/2019,11:23,B,172.168.1.8
       22,31/07/2019,11:24,B,172.168.1.8
      201,31/07/2019,11:26,B,172.168.1.8
      212,31/07/2019,11:27,B,172.168.1.8
       27,31/07/2019,11:50,B,172.168.1.8
      309,31/07/2019,12:31,B,172.168.1.8
      213,31/07/2019,12:37,B,172.168.1.8
      205,31/07/2019,12:50,B,172.168.1.8
      205,31/07/2019,12:51,B,172.168.1.8
      205,31/07/2019,12:51,B,172.168.1.8
      203,31/07/2019,13:03,B,172.168.1.8
      207,31/07/2019,13:04,B,172.168.1.8
      208,31/07/2019,13:30,B,172.168.1.8
      204,31/07/2019,14:03,B,172.168.1.8
      214,31/07/2019,14:04,B,172.168.1.8
      210,31/07/2019,14:05,B,172.168.1.8
       64,31/07/2019,14:06,B,172.168.1.8
       69,31/07/2019,14:10,B,172.168.1.8
      211,31/07/2019,14:10,B,172.168.1.8
      303,31/07/2019,14:26,B,172.168.1.8
      206,31/07/2019,14:53,B,172.168.1.8
      215,31/07/2019,14:53,B,172.168.1.8
      122,31/07/2019,15:01,B,172.168.1.8
       72,31/07/2019,15:02,B,172.168.1.8
       18,31/07/2019,15:03,B,172.168.1.8
      121,31/07/2019,15:11,B,172.168.1.8
      121,31/07/2019,15:13,B,172.168.1.8
      298,31/07/2019,15:14,B,172.168.1.8
       11,31/07/2019,15:27,B,172.168.1.8
      312,31/07/2019,15:28,B,172.168.1.8
      126,31/07/2019,15:32,B,172.168.1.8
        5,31/07/2019,15:37,B,172.168.1.8
       16,31/07/2019,15:40,B,172.168.1.8
       64,31/07/2019,16:13,B,172.168.1.8
       24,31/07/2019,16:13,B,172.168.1.8
       26,31/07/2019,16:33,B,172.168.1.8
        9,31/07/2019,16:33,B,172.168.1.8
       10,31/07/2019,16:35,B,172.168.1.8
       21,31/07/2019,16:35,B,172.168.1.8
       22,31/07/2019,16:38,B,172.168.1.8
       32,31/07/2019,16:41,B,172.168.1.8
        2,31/07/2019,16:41,B,172.168.1.8
       28,31/07/2019,16:43,B,172.168.1.8
       25,31/07/2019,16:58,B,172.168.1.8
       19,31/07/2019,17:04,B,172.168.1.8
       27,31/07/2019,17:04,B,172.168.1.8
      256,31/07/2019,17:11,B,172.168.1.8
       14,31/07/2019,17:11,B,172.168.1.8
      131,31/07/2019,17:12,B,172.168.1.8
      118,31/07/2019,17:13,B,172.168.1.8
      289,31/07/2019,17:13,B,172.168.1.8
      128,31/07/2019,17:14,B,172.168.1.8
      109,31/07/2019,17:15,B,172.168.1.8
      271,31/07/2019,17:15,B,172.168.1.8
      295,31/07/2019,17:15,B,172.168.1.8
      127,31/07/2019,17:15,B,172.168.1.8
        8,31/07/2019,17:16,B,172.168.1.8
      297,31/07/2019,17:17,B,172.168.1.8
      123,31/07/2019,17:17,B,172.168.1.8
      261,31/07/2019,17:19,B,172.168.1.8
      129,31/07/2019,17:20,B,172.168.1.8
      251,31/07/2019,17:23,B,172.168.1.8
      254,31/07/2019,17:23,B,172.168.1.8
      273,31/07/2019,17:29,B,172.168.1.8
      280,31/07/2019,17:40,B,172.168.1.8
      258,31/07/2019,17:44,B,172.168.1.8
      296,31/07/2019,17:46,B,172.168.1.8
      114,31/07/2019,17:54,B,172.168.1.8
       30,31/07/2019,17:56,B,172.168.1.8
      106,31/07/2019,18:00,B,172.168.1.8
      290,31/07/2019,18:00,B,172.168.1.8
      290,31/07/2019,18:01,B,172.168.1.8
      293,31/07/2019,18:05,B,172.168.1.8
      116,31/07/2019,18:05,B,172.168.1.8
      310,31/07/2019,18:07,B,172.168.1.8
      112,31/07/2019,18:50,B,172.168.1.8
      260,31/07/2019,19:15,B,172.168.1.8
      117,31/07/2019,19:16,B,172.168.1.8
      255,31/07/2019,20:30,B,172.168.1.8
      121,01/08/2019,06:57,B,172.168.1.8
      273,01/08/2019,07:15,B,172.168.1.8
      298,01/08/2019,07:16,B,172.168.1.8
      126,01/08/2019,07:43,B,172.168.1.8
      205,01/08/2019,07:52,B,172.168.1.8
      215,01/08/2019,07:55,B,172.168.1.8
       52,01/08/2019,08:03,B,172.168.1.8
      296,01/08/2019,08:08,B,172.168.1.8
      260,01/08/2019,08:28,B,172.168.1.8
      214,01/08/2019,08:29,B,172.168.1.8
      255,01/08/2019,08:31,B,172.168.1.8
       11,01/08/2019,08:37,B,172.168.1.8
      212,01/08/2019,08:41,B,172.168.1.8
      208,01/08/2019,08:45,B,172.168.1.8
      301,01/08/2019,08:45,B,172.168.1.8
       65,01/08/2019,08:46,B,172.168.1.8
      309,01/08/2019,08:50,B,172.168.1.8
      119,01/08/2019,08:51,B,172.168.1.8
      112,01/08/2019,08:53,B,172.168.1.8
      115,01/08/2019,08:53,B,172.168.1.8
      303,01/08/2019,08:54,B,172.168.1.8
      312,01/08/2019,08:55,B,172.168.1.8
      207,01/08/2019,08:57,B,172.168.1.8
      207,01/08/2019,08:57,B,172.168.1.8
      210,01/08/2019,09:05,B,172.168.1.8
      213,01/08/2019,09:05,B,172.168.1.8
      209,01/08/2019,09:05,B,172.168.1.8
      204,01/08/2019,09:05,B,172.168.1.8
      268,01/08/2019,09:17,B,172.168.1.8
      118,01/08/2019,09:20,B,172.168.1.8
       20,01/08/2019,09:23,B,172.168.1.8
       25,01/08/2019,09:26,B,172.168.1.8
       14,01/08/2019,09:29,B,172.168.1.8
      206,01/08/2019,09:31,B,172.168.1.8
       32,01/08/2019,09:36,B,172.168.1.8
      201,01/08/2019,09:38,B,172.168.1.8
      123,01/08/2019,09:39,B,172.168.1.8
      290,01/08/2019,09:40,B,172.168.1.8
      211,01/08/2019,09:42,B,172.168.1.8
        9,01/08/2019,09:49,B,172.168.1.8
      109,01/08/2019,09:52,B,172.168.1.8
      110,01/08/2019,09:52,B,172.168.1.8
      128,01/08/2019,09:53,B,172.168.1.8
      131,01/08/2019,09:55,B,172.168.1.8
       16,01/08/2019,09:56,B,172.168.1.8
      127,01/08/2019,09:56,B,172.168.1.8
      289,01/08/2019,09:57,B,172.168.1.8
       18,01/08/2019,09:59,B,172.168.1.8
       18,01/08/2019,09:59,B,172.168.1.8
       12,01/08/2019,10:01,B,172.168.1.8
      114,01/08/2019,10:03,B,172.168.1.8
      297,01/08/2019,10:03,B,172.168.1.8
      116,01/08/2019,10:04,B,172.168.1.8
      310,01/08/2019,10:04,B,172.168.1.8
       72,01/08/2019,10:06,B,172.168.1.8
      258,01/08/2019,10:10,B,172.168.1.8
       30,01/08/2019,10:16,B,172.168.1.8
      261,01/08/2019,10:19,B,172.168.1.8
      101,01/08/2019,10:26,B,172.168.1.8
        5,01/08/2019,10:26,B,172.168.1.8
       10,01/08/2019,10:26,B,172.168.1.8
      293,01/08/2019,10:27,B,172.168.1.8
       26,01/08/2019,10:27,B,172.168.1.8
      295,01/08/2019,10:31,B,172.168.1.8
      129,01/08/2019,10:31,B,172.168.1.8
      251,01/08/2019,10:36,B,172.168.1.8
      254,01/08/2019,10:41,B,172.168.1.8
       28,01/08/2019,10:43,B,172.168.1.8
      106,01/08/2019,10:46,B,172.168.1.8
      106,01/08/2019,10:46,B,172.168.1.8
      271,01/08/2019,10:51,B,172.168.1.8
       22,01/08/2019,11:01,B,172.168.1.8
        8,01/08/2019,11:09,B,172.168.1.8
       35,01/08/2019,11:21,B,172.168.1.8
       35,01/08/2019,11:22,B,172.168.1.8
       19,01/08/2019,11:25,B,172.168.1.8
       27,01/08/2019,11:26,B,172.168.1.8
       24,01/08/2019,11:29,B,172.168.1.8
      305,01/08/2019,11:39,B,172.168.1.8
       29,01/08/2019,11:41,B,172.168.1.8
        2,01/08/2019,11:45,B,172.168.1.8
       52,01/08/2019,12:48,B,172.168.1.8
      215,01/08/2019,12:57,B,172.168.1.8
      205,01/08/2019,13:16,B,172.168.1.8
      205,01/08/2019,13:16,B,172.168.1.8
      117,01/08/2019,13:23,B,172.168.1.8
      208,01/08/2019,13:38,B,172.168.1.8
      214,01/08/2019,13:43,B,172.168.1.8
      209,01/08/2019,14:06,B,172.168.1.8
      204,01/08/2019,14:06,B,172.168.1.8
      213,01/08/2019,14:06,B,172.168.1.8
      210,01/08/2019,14:07,B,172.168.1.8
      211,01/08/2019,14:16,B,172.168.1.8
      206,01/08/2019,14:27,B,172.168.1.8
      303,01/08/2019,14:33,B,172.168.1.8
      303,01/08/2019,14:33,B,172.168.1.8
      201,01/08/2019,14:38,B,172.168.1.8
      212,01/08/2019,14:39,B,172.168.1.8
      121,01/08/2019,14:44,B,172.168.1.8
      301,01/08/2019,14:53,B,172.168.1.8
       64,01/08/2019,14:53,B,172.168.1.8
       72,01/08/2019,14:57,B,172.168.1.8
      309,01/08/2019,14:59,B,172.168.1.8
      298,01/08/2019,15:15,B,172.168.1.8
        9,01/08/2019,15:19,B,172.168.1.8
       12,01/08/2019,15:28,B,172.168.1.8
        5,01/08/2019,15:28,B,172.168.1.8
      312,01/08/2019,15:31,B,172.168.1.8
      305,01/08/2019,15:36,B,172.168.1.8
       16,01/08/2019,15:46,B,172.168.1.8
       20,01/08/2019,15:48,B,172.168.1.8
       18,01/08/2019,15:48,B,172.168.1.8
       10,01/08/2019,16:12,B,172.168.1.8
       65,01/08/2019,16:20,B,172.168.1.8
       11,01/08/2019,16:26,B,172.168.1.8
       26,01/08/2019,16:34,B,172.168.1.8
       28,01/08/2019,16:38,B,172.168.1.8
      119,01/08/2019,16:40,B,172.168.1.8
       35,01/08/2019,16:43,B,172.168.1.8
       30,01/08/2019,16:45,B,172.168.1.8
       64,01/08/2019,16:46,B,172.168.1.8
        2,01/08/2019,16:49,B,172.168.1.8
       22,01/08/2019,16:50,B,172.168.1.8
       25,01/08/2019,17:00,B,172.168.1.8
       19,01/08/2019,17:05,B,172.168.1.8
      123,01/08/2019,17:10,B,172.168.1.8
       32,01/08/2019,17:12,B,172.168.1.8
      128,01/08/2019,17:14,B,172.168.1.8
      131,01/08/2019,17:14,B,172.168.1.8
      109,01/08/2019,17:14,B,172.168.1.8
      110,01/08/2019,17:15,B,172.168.1.8
      127,01/08/2019,17:15,B,172.168.1.8
      268,01/08/2019,17:16,B,172.168.1.8
      289,01/08/2019,17:17,B,172.168.1.8
      268,01/08/2019,17:17,B,172.168.1.8
      297,01/08/2019,17:17,B,172.168.1.8
      295,01/08/2019,17:18,B,172.168.1.8
      127,01/08/2019,17:18,B,172.168.1.8
      261,01/08/2019,17:19,B,172.168.1.8
      271,01/08/2019,17:20,B,172.168.1.8
      271,01/08/2019,17:20,B,172.168.1.8
      115,01/08/2019,17:26,B,172.168.1.8
      251,01/08/2019,17:26,B,172.168.1.8
      254,01/08/2019,17:26,B,172.168.1.8
      101,01/08/2019,17:26,B,172.168.1.8
       14,01/08/2019,17:50,B,172.168.1.8
       24,01/08/2019,17:54,B,172.168.1.8
      273,01/08/2019,17:57,B,172.168.1.8
        8,01/08/2019,18:00,B,172.168.1.8
       27,01/08/2019,18:04,B,172.168.1.8
      116,01/08/2019,18:10,B,172.168.1.8
      258,01/08/2019,18:11,B,172.168.1.8
      310,01/08/2019,18:11,B,172.168.1.8
      114,01/08/2019,18:14,B,172.168.1.8
      290,01/08/2019,18:15,B,172.168.1.8
      106,01/08/2019,18:16,B,172.168.1.8
      293,01/08/2019,18:18,B,172.168.1.8
      296,01/08/2019,18:23,B,172.168.1.8
      255,01/08/2019,18:25,B,172.168.1.8
      112,01/08/2019,18:45,B,172.168.1.8
      117,01/08/2019,19:27,B,172.168.1.8
      129,01/08/2019,19:27,B,172.168.1.8
      260,01/08/2019,20:35,B,172.168.1.8
      126,01/08/2019,20:41,B,172.168.1.8
      121,02/08/2019,06:58,B,172.168.1.8
      273,02/08/2019,07:07,B,172.168.1.8
      298,02/08/2019,07:08,B,172.168.1.8
      126,02/08/2019,07:12,B,172.168.1.8
      214,02/08/2019,07:16,B,172.168.1.8
      215,02/08/2019,07:44,B,172.168.1.8
      215,02/08/2019,07:45,B,172.168.1.8
      255,02/08/2019,07:57,B,172.168.1.8
      207,02/08/2019,07:58,B,172.168.1.8
       16,02/08/2019,08:10,B,172.168.1.8
      213,02/08/2019,08:15,B,172.168.1.8
       52,02/08/2019,08:18,B,172.168.1.8
      212,02/08/2019,08:19,B,172.168.1.8
      216,02/08/2019,08:19,B,172.168.1.8
      296,02/08/2019,08:28,B,172.168.1.8
       64,02/08/2019,08:33,B,172.168.1.8
      260,02/08/2019,08:38,B,172.168.1.8
      211,02/08/2019,08:40,B,172.168.1.8
       65,02/08/2019,08:53,B,172.168.1.8
      115,02/08/2019,08:53,B,172.168.1.8
       30,02/08/2019,08:56,B,172.168.1.8
      119,02/08/2019,08:57,B,172.168.1.8
       23,02/08/2019,09:01,B,172.168.1.8
      312,02/08/2019,09:03,B,172.168.1.8
       24,02/08/2019,09:07,B,172.168.1.8
      268,02/08/2019,09:09,B,172.168.1.8
      209,02/08/2019,09:09,B,172.168.1.8
      204,02/08/2019,09:10,B,172.168.1.8
      303,02/08/2019,09:10,B,172.168.1.8
      303,02/08/2019,09:10,B,172.168.1.8
       25,02/08/2019,09:11,B,172.168.1.8
      112,02/08/2019,09:12,B,172.168.1.8
       32,02/08/2019,09:23,B,172.168.1.8
      118,02/08/2019,09:27,B,172.168.1.8
       20,02/08/2019,09:39,B,172.168.1.8
      122,02/08/2019,09:40,B,172.168.1.8
      116,02/08/2019,09:47,B,172.168.1.8
      110,02/08/2019,09:54,B,172.168.1.8
      297,02/08/2019,09:55,B,172.168.1.8
      258,02/08/2019,09:55,B,172.168.1.8
       72,02/08/2019,09:55,B,172.168.1.8
      202,02/08/2019,09:59,B,172.168.1.8
      206,02/08/2019,10:02,B,172.168.1.8
      290,02/08/2019,10:02,B,172.168.1.8
      114,02/08/2019,10:02,B,172.168.1.8
      123,02/08/2019,10:02,B,172.168.1.8
       12,02/08/2019,10:02,B,172.168.1.8
      127,02/08/2019,10:07,B,172.168.1.8
      289,02/08/2019,10:11,B,172.168.1.8
      271,02/08/2019,10:11,B,172.168.1.8
      293,02/08/2019,10:17,B,172.168.1.8
      117,02/08/2019,10:18,B,172.168.1.8
      310,02/08/2019,10:20,B,172.168.1.8
      131,02/08/2019,10:20,B,172.168.1.8
       14,02/08/2019,10:21,B,172.168.1.8
      280,02/08/2019,10:26,B,172.168.1.8
      261,02/08/2019,10:29,B,172.168.1.8
        5,02/08/2019,10:29,B,172.168.1.8
      201,02/08/2019,10:31,B,172.168.1.8
      251,02/08/2019,10:36,B,172.168.1.8
      301,02/08/2019,10:36,B,172.168.1.8
      309,02/08/2019,10:38,B,172.168.1.8
       29,02/08/2019,10:42,B,172.168.1.8
      295,02/08/2019,10:44,B,172.168.1.8
       21,02/08/2019,10:46,B,172.168.1.8
      254,02/08/2019,10:50,B,172.168.1.8
      101,02/08/2019,10:50,B,172.168.1.8
       10,02/08/2019,10:51,B,172.168.1.8
       11,02/08/2019,10:56,B,172.168.1.8
      129,02/08/2019,11:01,B,172.168.1.8
      106,02/08/2019,11:13,B,172.168.1.8
       27,02/08/2019,11:23,B,172.168.1.8
       28,02/08/2019,11:26,B,172.168.1.8
       26,02/08/2019,11:35,B,172.168.1.8
       35,02/08/2019,11:36,B,172.168.1.8
      305,02/08/2019,12:16,B,172.168.1.8
      210,02/08/2019,12:21,B,172.168.1.8
       64,02/08/2019,12:30,B,172.168.1.8
      299,02/08/2019,12:43,B,172.168.1.8
      299,02/08/2019,12:43,B,172.168.1.8
      299,02/08/2019,12:43,B,172.168.1.8
      215,02/08/2019,12:46,B,172.168.1.8
      214,02/08/2019,13:09,B,172.168.1.8
      208,02/08/2019,13:17,B,172.168.1.8
      212,02/08/2019,13:19,B,172.168.1.8
      216,02/08/2019,13:22,B,172.168.1.8
      207,02/08/2019,13:22,B,172.168.1.8
      309,02/08/2019,13:37,B,172.168.1.8
      211,02/08/2019,13:43,B,172.168.1.8
      211,02/08/2019,13:48,B,172.168.1.8
      303,02/08/2019,13:55,B,172.168.1.8
      211,02/08/2019,13:56,B,172.168.1.8
       16,02/08/2019,13:59,B,172.168.1.8
      204,02/08/2019,14:10,B,172.168.1.8
      209,02/08/2019,14:10,B,172.168.1.8
      213,02/08/2019,14:10,B,172.168.1.8
      209,02/08/2019,14:10,B,172.168.1.8
      301,02/08/2019,14:23,B,172.168.1.8
       52,02/08/2019,14:32,B,172.168.1.8
       23,02/08/2019,14:35,B,172.168.1.8
       24,02/08/2019,14:45,B,172.168.1.8
      206,02/08/2019,14:57,B,172.168.1.8
       20,02/08/2019,15:02,B,172.168.1.8
      121,02/08/2019,15:05,B,172.168.1.8
       72,02/08/2019,15:10,B,172.168.1.8
      298,02/08/2019,15:14,B,172.168.1.8
       32,02/08/2019,15:32,B,172.168.1.8
       12,02/08/2019,15:36,B,172.168.1.8
      201,02/08/2019,15:37,B,172.168.1.8
       65,02/08/2019,15:42,B,172.168.1.8
      312,02/08/2019,15:43,B,172.168.1.8
      305,02/08/2019,15:44,B,172.168.1.8
       14,02/08/2019,15:44,B,172.168.1.8
       14,02/08/2019,15:44,B,172.168.1.8
       19,02/08/2019,15:59,B,172.168.1.8
       29,02/08/2019,16:11,B,172.168.1.8
       35,02/08/2019,16:11,B,172.168.1.8
       21,02/08/2019,16:17,B,172.168.1.8
       22,02/08/2019,16:29,B,172.168.1.8
       27,02/08/2019,16:37,B,172.168.1.8
       11,02/08/2019,16:38,B,172.168.1.8
      119,02/08/2019,16:41,B,172.168.1.8
      208,02/08/2019,17:00,B,172.168.1.8
      210,02/08/2019,17:00,B,172.168.1.8
       25,02/08/2019,17:00,B,172.168.1.8
      110,02/08/2019,17:02,B,172.168.1.8
      127,02/08/2019,17:03,B,172.168.1.8
        5,02/08/2019,17:08,B,172.168.1.8
      122,02/08/2019,17:10,B,172.168.1.8
      131,02/08/2019,17:11,B,172.168.1.8
       28,02/08/2019,17:12,B,172.168.1.8
      123,02/08/2019,17:14,B,172.168.1.8
      118,02/08/2019,17:15,B,172.168.1.8
      295,02/08/2019,17:16,B,172.168.1.8
      271,02/08/2019,17:16,B,172.168.1.8
      289,02/08/2019,17:17,B,172.168.1.8
      261,02/08/2019,17:18,B,172.168.1.8
      297,02/08/2019,17:19,B,172.168.1.8
      101,02/08/2019,17:24,B,172.168.1.8
       26,02/08/2019,17:25,B,172.168.1.8
       10,02/08/2019,17:26,B,172.168.1.8
      254,02/08/2019,17:27,B,172.168.1.8
      254,02/08/2019,17:30,B,172.168.1.8
      251,02/08/2019,17:30,B,172.168.1.8
      115,02/08/2019,17:30,B,172.168.1.8
      268,02/08/2019,17:48,B,172.168.1.8
      258,02/08/2019,17:52,B,172.168.1.8
      280,02/08/2019,17:58,B,172.168.1.8
      293,02/08/2019,18:00,B,172.168.1.8
      106,02/08/2019,18:00,B,172.168.1.8
      290,02/08/2019,18:02,B,172.168.1.8
      296,02/08/2019,18:02,B,172.168.1.8
      273,02/08/2019,18:03,B,172.168.1.8
      114,02/08/2019,18:04,B,172.168.1.8
       30,02/08/2019,18:07,B,172.168.1.8
      116,02/08/2019,18:13,B,172.168.1.8
      117,02/08/2019,18:14,B,172.168.1.8
      310,02/08/2019,18:15,B,172.168.1.8
        8,02/08/2019,18:19,B,172.168.1.8
      255,02/08/2019,18:30,B,172.168.1.8
      260,02/08/2019,18:31,B,172.168.1.8
      112,02/08/2019,20:40,B,172.168.1.8
      129,02/08/2019,20:42,B,172.168.1.8
      112,02/08/2019,20:51,B,172.168.1.8
      126,02/08/2019,20:51,B,172.168.1.8
      121,03/08/2019,07:01,B,172.168.1.8
      273,03/08/2019,07:34,B,172.168.1.8
      207,03/08/2019,07:42,B,172.168.1.8
      298,03/08/2019,07:50,B,172.168.1.8
      299,03/08/2019,07:51,B,172.168.1.8
      126,03/08/2019,07:59,B,172.168.1.8
       65,03/08/2019,08:07,B,172.168.1.8
      208,03/08/2019,08:29,B,172.168.1.8
      212,03/08/2019,08:34,B,172.168.1.8
      216,03/08/2019,08:35,B,172.168.1.8
      296,03/08/2019,08:52,B,172.168.1.8
      312,03/08/2019,08:55,B,172.168.1.8
      115,03/08/2019,08:57,B,172.168.1.8
      210,03/08/2019,09:03,B,172.168.1.8
       20,03/08/2019,09:07,B,172.168.1.8
      260,03/08/2019,09:08,B,172.168.1.8
      287,03/08/2019,09:10,B,172.168.1.8
      268,03/08/2019,09:18,B,172.168.1.8
       14,03/08/2019,09:26,B,172.168.1.8
      206,03/08/2019,09:33,B,172.168.1.8
      209,03/08/2019,09:37,B,172.168.1.8
      204,03/08/2019,09:37,B,172.168.1.8
      209,03/08/2019,09:37,B,172.168.1.8
      127,03/08/2019,09:48,B,172.168.1.8
      122,03/08/2019,09:51,B,172.168.1.8
      114,03/08/2019,09:59,B,172.168.1.8
      297,03/08/2019,10:01,B,172.168.1.8
       27,03/08/2019,10:02,B,172.168.1.8
      116,03/08/2019,10:02,B,172.168.1.8
      112,03/08/2019,10:03,B,172.168.1.8
      280,03/08/2019,10:12,B,172.168.1.8
      202,03/08/2019,10:13,B,172.168.1.8
      202,03/08/2019,10:14,B,172.168.1.8
      216,03/08/2019,10:14,B,172.168.1.8
       22,03/08/2019,10:23,B,172.168.1.8
       22,03/08/2019,10:24,B,172.168.1.8
      289,03/08/2019,10:24,B,172.168.1.8
       12,03/08/2019,10:28,B,172.168.1.8
      261,03/08/2019,10:29,B,172.168.1.8
      123,03/08/2019,10:38,B,172.168.1.8
      129,03/08/2019,10:39,B,172.168.1.8
      251,03/08/2019,10:41,B,172.168.1.8
       23,03/08/2019,10:41,B,172.168.1.8
       72,03/08/2019,10:42,B,172.168.1.8
      208,03/08/2019,10:43,B,172.168.1.8
      109,03/08/2019,10:49,B,172.168.1.8
      110,03/08/2019,10:49,B,172.168.1.8
      110,03/08/2019,10:49,B,172.168.1.8
      255,03/08/2019,10:58,B,172.168.1.8
      215,03/08/2019,11:03,B,172.168.1.8
      215,03/08/2019,11:04,B,172.168.1.8
      258,03/08/2019,11:07,B,172.168.1.8
      202,03/08/2019,11:14,B,172.168.1.8
       22,03/08/2019,11:17,B,172.168.1.8
       72,03/08/2019,11:18,B,172.168.1.8
      210,03/08/2019,11:18,B,172.168.1.8
      123,03/08/2019,11:18,B,172.168.1.8
      206,03/08/2019,11:19,B,172.168.1.8
      299,03/08/2019,11:20,B,172.168.1.8
      204,03/08/2019,11:20,B,172.168.1.8
      121,03/08/2019,11:21,B,172.168.1.8
      110,03/08/2019,11:22,B,172.168.1.8
       20,03/08/2019,11:23,B,172.168.1.8
      209,03/08/2019,11:24,B,172.168.1.8
      209,03/08/2019,11:24,B,172.168.1.8
      110,03/08/2019,11:24,B,172.168.1.8
      109,03/08/2019,11:25,B,172.168.1.8
       12,03/08/2019,11:26,B,172.168.1.8
      268,03/08/2019,11:26,B,172.168.1.8
      296,03/08/2019,11:27,B,172.168.1.8
      297,03/08/2019,11:28,B,172.168.1.8
      289,03/08/2019,11:29,B,172.168.1.8
      298,03/08/2019,11:30,B,172.168.1.8
      127,03/08/2019,11:31,B,172.168.1.8
       24,03/08/2019,11:31,B,172.168.1.8
      261,03/08/2019,11:32,B,172.168.1.8
       24,03/08/2019,11:32,B,172.168.1.8
      215,03/08/2019,11:34,B,172.168.1.8
       14,03/08/2019,11:35,B,172.168.1.8
      129,03/08/2019,11:36,B,172.168.1.8
      215,03/08/2019,11:36,B,172.168.1.8
      273,03/08/2019,11:37,B,172.168.1.8
       65,03/08/2019,11:39,B,172.168.1.8
      122,03/08/2019,11:40,B,172.168.1.8
      122,03/08/2019,11:40,B,172.168.1.8
      260,03/08/2019,11:40,B,172.168.1.8
      258,03/08/2019,11:42,B,172.168.1.8
      312,03/08/2019,11:44,B,172.168.1.8
      280,03/08/2019,11:45,B,172.168.1.8
       24,03/08/2019,11:45,B,172.168.1.8
       23,03/08/2019,11:51,B,172.168.1.8
      114,03/08/2019,11:54,B,172.168.1.8
       27,03/08/2019,11:54,B,172.168.1.8
      112,03/08/2019,12:23,B,172.168.1.8
      255,03/08/2019,12:24,B,172.168.1.8
      287,03/08/2019,12:24,B,172.168.1.8
      126,03/08/2019,20:10,B,172.168.1.8
      126,04/08/2019,09:46,B,172.168.1.8
      273,04/08/2019,10:01,B,172.168.1.8
      114,04/08/2019,10:02,B,172.168.1.8
      126,04/08/2019,15:01,B,172.168.1.8
      114,04/08/2019,15:40,B,172.168.1.8
      273,04/08/2019,15:40,B,172.168.1.8
      126,05/08/2019,09:58,B,172.168.1.8
      126,05/08/2019,17:55,B,172.168.1.8
      126,05/08/2019,18:02,B,172.168.1.8
      126,06/08/2019,07:09,B,172.168.1.8
      298,06/08/2019,07:22,B,172.168.1.8
      273,06/08/2019,07:31,B,172.168.1.8
      255,06/08/2019,07:43,B,172.168.1.8
      299,06/08/2019,07:51,B,172.168.1.8
      216,06/08/2019,08:01,B,172.168.1.8
      215,06/08/2019,08:01,B,172.168.1.8
      212,06/08/2019,08:01,B,172.168.1.8
      208,06/08/2019,08:01,B,172.168.1.8
      207,06/08/2019,08:08,B,172.168.1.8
      207,06/08/2019,08:08,B,172.168.1.8
      296,06/08/2019,08:20,B,172.168.1.8
       52,06/08/2019,08:24,B,172.168.1.8
      287,06/08/2019,08:26,B,172.168.1.8
      260,06/08/2019,08:29,B,172.168.1.8
       51,06/08/2019,08:31,B,172.168.1.8
      202,06/08/2019,08:37,B,172.168.1.8
      115,06/08/2019,08:49,B,172.168.1.8
      120,06/08/2019,09:01,B,172.168.1.8
       36,06/08/2019,09:05,B,172.168.1.8
      312,06/08/2019,09:06,B,172.168.1.8
      213,06/08/2019,09:09,B,172.168.1.8
      118,06/08/2019,09:10,B,172.168.1.8
       23,06/08/2019,09:11,B,172.168.1.8
      268,06/08/2019,09:11,B,172.168.1.8
      204,06/08/2019,09:15,B,172.168.1.8
      206,06/08/2019,09:16,B,172.168.1.8
       72,06/08/2019,09:29,B,172.168.1.8
        8,06/08/2019,09:32,B,172.168.1.8
      209,06/08/2019,09:34,B,172.168.1.8
      209,06/08/2019,09:34,B,172.168.1.8
      122,06/08/2019,09:35,B,172.168.1.8
       25,06/08/2019,09:37,B,172.168.1.8
       32,06/08/2019,09:38,B,172.168.1.8
      203,06/08/2019,09:40,B,172.168.1.8
      210,06/08/2019,09:43,B,172.168.1.8
       14,06/08/2019,09:45,B,172.168.1.8
      211,06/08/2019,09:48,B,172.168.1.8
       12,06/08/2019,09:50,B,172.168.1.8
      303,06/08/2019,09:51,B,172.168.1.8
      110,06/08/2019,09:54,B,172.168.1.8
      109,06/08/2019,09:54,B,172.168.1.8
       30,06/08/2019,09:54,B,172.168.1.8
      297,06/08/2019,09:59,B,172.168.1.8
      258,06/08/2019,09:59,B,172.168.1.8
       20,06/08/2019,10:00,B,172.168.1.8
      123,06/08/2019,10:03,B,172.168.1.8
      117,06/08/2019,10:05,B,172.168.1.8
      289,06/08/2019,10:06,B,172.168.1.8
      127,06/08/2019,10:09,B,172.168.1.8
      310,06/08/2019,10:13,B,172.168.1.8
       28,06/08/2019,10:16,B,172.168.1.8
      293,06/08/2019,10:19,B,172.168.1.8
      201,06/08/2019,10:19,B,172.168.1.8
      114,06/08/2019,10:25,B,172.168.1.8
      295,06/08/2019,10:26,B,172.168.1.8
      101,06/08/2019,10:28,B,172.168.1.8
      129,06/08/2019,10:29,B,172.168.1.8
      129,06/08/2019,10:29,B,172.168.1.8
      131,06/08/2019,10:34,B,172.168.1.8
      280,06/08/2019,10:36,B,172.168.1.8
      261,06/08/2019,10:37,B,172.168.1.8
        5,06/08/2019,10:42,B,172.168.1.8
        5,06/08/2019,10:42,B,172.168.1.8
       10,06/08/2019,10:42,B,172.168.1.8
       24,06/08/2019,10:43,B,172.168.1.8
      128,06/08/2019,10:46,B,172.168.1.8
       18,06/08/2019,10:48,B,172.168.1.8
      251,06/08/2019,10:55,B,172.168.1.8
      254,06/08/2019,11:00,B,172.168.1.8
       21,06/08/2019,11:11,B,172.168.1.8
       27,06/08/2019,11:17,B,172.168.1.8
        1,06/08/2019,11:20,B,172.168.1.8
       26,06/08/2019,11:21,B,172.168.1.8
        9,06/08/2019,11:22,B,172.168.1.8
      106,06/08/2019,11:23,B,172.168.1.8
        2,06/08/2019,11:26,B,172.168.1.8
       19,06/08/2019,11:28,B,172.168.1.8
      214,06/08/2019,11:29,B,172.168.1.8
       22,06/08/2019,11:33,B,172.168.1.8
       51,06/08/2019,11:35,B,172.168.1.8
       52,06/08/2019,11:42,B,172.168.1.8
       17,06/08/2019,11:50,B,172.168.1.8
      271,06/08/2019,11:51,B,172.168.1.8
      305,06/08/2019,12:00,B,172.168.1.8
      205,06/08/2019,12:32,B,172.168.1.8
      208,06/08/2019,13:06,B,172.168.1.8
      207,06/08/2019,13:08,B,172.168.1.8
      212,06/08/2019,13:08,B,172.168.1.8
      216,06/08/2019,13:09,B,172.168.1.8
      209,06/08/2019,13:10,B,172.168.1.8
      215,06/08/2019,13:35,B,172.168.1.8
      202,06/08/2019,13:59,B,172.168.1.8
       30,06/08/2019,14:10,B,172.168.1.8
      204,06/08/2019,14:19,B,172.168.1.8
      203,06/08/2019,14:44,B,172.168.1.8
      210,06/08/2019,14:45,B,172.168.1.8
      211,06/08/2019,14:50,B,172.168.1.8
      298,06/08/2019,15:02,B,172.168.1.8
       36,06/08/2019,15:12,B,172.168.1.8
      201,06/08/2019,15:29,B,172.168.1.8
       20,06/08/2019,15:40,B,172.168.1.8
      305,06/08/2019,15:47,B,172.168.1.8
      126,06/08/2019,15:53,B,172.168.1.8
        9,06/08/2019,16:09,B,172.168.1.8
        5,06/08/2019,16:14,B,172.168.1.8
       10,06/08/2019,16:25,B,172.168.1.8
       28,06/08/2019,16:25,B,172.168.1.8
       72,06/08/2019,16:30,B,172.168.1.8
       23,06/08/2019,16:36,B,172.168.1.8
       26,06/08/2019,16:38,B,172.168.1.8
       24,06/08/2019,16:38,B,172.168.1.8
       24,06/08/2019,16:39,B,172.168.1.8
       18,06/08/2019,16:40,B,172.168.1.8
      312,06/08/2019,16:41,B,172.168.1.8
      122,06/08/2019,16:42,B,172.168.1.8
      123,06/08/2019,16:42,B,172.168.1.8
       32,06/08/2019,16:45,B,172.168.1.8
      303,06/08/2019,16:55,B,172.168.1.8
      303,06/08/2019,16:55,B,172.168.1.8
       19,06/08/2019,16:57,B,172.168.1.8
       25,06/08/2019,16:59,B,172.168.1.8
      205,06/08/2019,17:00,B,172.168.1.8
       12,06/08/2019,17:09,B,172.168.1.8
      289,06/08/2019,17:11,B,172.168.1.8
        2,06/08/2019,17:12,B,172.168.1.8
      109,06/08/2019,17:13,B,172.168.1.8
      101,06/08/2019,17:13,B,172.168.1.8
      110,06/08/2019,17:14,B,172.168.1.8
      127,06/08/2019,17:14,B,172.168.1.8
      131,06/08/2019,17:14,B,172.168.1.8
      128,06/08/2019,17:15,B,172.168.1.8
      297,06/08/2019,17:15,B,172.168.1.8
       22,06/08/2019,17:15,B,172.168.1.8
      261,06/08/2019,17:16,B,172.168.1.8
      295,06/08/2019,17:16,B,172.168.1.8
      271,06/08/2019,17:17,B,172.168.1.8
      118,06/08/2019,17:17,B,172.168.1.8
       14,06/08/2019,17:19,B,172.168.1.8
      214,06/08/2019,17:19,B,172.168.1.8
       27,06/08/2019,17:20,B,172.168.1.8
      299,06/08/2019,17:21,B,172.168.1.8
      268,06/08/2019,17:21,B,172.168.1.8
      120,06/08/2019,17:22,B,172.168.1.8
        8,06/08/2019,17:25,B,172.168.1.8
       12,06/08/2019,17:25,B,172.168.1.8
       17,06/08/2019,17:27,B,172.168.1.8
      115,06/08/2019,17:32,B,172.168.1.8
      251,06/08/2019,17:32,B,172.168.1.8
      254,06/08/2019,17:32,B,172.168.1.8
      258,06/08/2019,17:46,B,172.168.1.8
      273,06/08/2019,17:48,B,172.168.1.8
      114,06/08/2019,17:48,B,172.168.1.8
      296,06/08/2019,18:05,B,172.168.1.8
        1,06/08/2019,18:07,B,172.168.1.8
      280,06/08/2019,18:08,B,172.168.1.8
      293,06/08/2019,18:10,B,172.168.1.8
      296,06/08/2019,18:11,B,172.168.1.8
      106,06/08/2019,18:20,B,172.168.1.8
      129,06/08/2019,18:27,B,172.168.1.8
      129,06/08/2019,18:29,B,172.168.1.8
      310,06/08/2019,18:29,B,172.168.1.8
      117,06/08/2019,19:23,B,172.168.1.8
      260,06/08/2019,19:24,B,172.168.1.8
      255,06/08/2019,20:31,B,172.168.1.8
      126,07/08/2019,07:12,B,172.168.1.8
      273,07/08/2019,07:13,B,172.168.1.8
      298,07/08/2019,07:20,B,172.168.1.8
      216,07/08/2019,07:39,B,172.168.1.8
      299,07/08/2019,08:02,B,172.168.1.8
      202,07/08/2019,08:03,B,172.168.1.8
      215,07/08/2019,08:03,B,172.168.1.8
      112,07/08/2019,08:06,B,172.168.1.8
      296,07/08/2019,08:08,B,172.168.1.8
      205,07/08/2019,08:10,B,172.168.1.8
      207,07/08/2019,08:11,B,172.168.1.8
      213,07/08/2019,08:19,B,172.168.1.8
      260,07/08/2019,08:26,B,172.168.1.8
      214,07/08/2019,08:27,B,172.168.1.8
      212,07/08/2019,08:30,B,172.168.1.8
      287,07/08/2019,08:42,B,172.168.1.8
      210,07/08/2019,08:48,B,172.168.1.8
       14,07/08/2019,08:51,B,172.168.1.8
       14,07/08/2019,08:51,B,172.168.1.8
      301,07/08/2019,08:52,B,172.168.1.8
       36,07/08/2019,08:52,B,172.168.1.8
      115,07/08/2019,08:54,B,172.168.1.8
      255,07/08/2019,08:57,B,172.168.1.8
      303,07/08/2019,08:58,B,172.168.1.8
      120,07/08/2019,08:59,B,172.168.1.8
      119,07/08/2019,09:02,B,172.168.1.8
       11,07/08/2019,09:03,B,172.168.1.8
      309,07/08/2019,09:04,B,172.168.1.8
      208,07/08/2019,09:04,B,172.168.1.8
       32,07/08/2019,09:08,B,172.168.1.8
      211,07/08/2019,09:14,B,172.168.1.8
      122,07/08/2019,09:21,B,172.168.1.8
      312,07/08/2019,09:22,B,172.168.1.8
       25,07/08/2019,09:24,B,172.168.1.8
       17,07/08/2019,09:24,B,172.168.1.8
       72,07/08/2019,09:27,B,172.168.1.8
      268,07/08/2019,09:34,B,172.168.1.8
      290,07/08/2019,09:35,B,172.168.1.8
       23,07/08/2019,09:35,B,172.168.1.8
      118,07/08/2019,09:38,B,172.168.1.8
      128,07/08/2019,09:40,B,172.168.1.8
      201,07/08/2019,09:40,B,172.168.1.8
      258,07/08/2019,09:49,B,172.168.1.8
      123,07/08/2019,09:49,B,172.168.1.8
      117,07/08/2019,09:50,B,172.168.1.8
      109,07/08/2019,09:50,B,172.168.1.8
      110,07/08/2019,09:50,B,172.168.1.8
      114,07/08/2019,09:51,B,172.168.1.8
      127,07/08/2019,09:53,B,172.168.1.8
       12,07/08/2019,09:55,B,172.168.1.8
      271,07/08/2019,09:56,B,172.168.1.8
      289,07/08/2019,09:56,B,172.168.1.8
      297,07/08/2019,09:59,B,172.168.1.8
      310,07/08/2019,10:05,B,172.168.1.8
      131,07/08/2019,10:06,B,172.168.1.8
      280,07/08/2019,10:09,B,172.168.1.8
       21,07/08/2019,10:13,B,172.168.1.8
      206,07/08/2019,10:14,B,172.168.1.8
       30,07/08/2019,10:17,B,172.168.1.8
       30,07/08/2019,10:17,B,172.168.1.8
       24,07/08/2019,10:19,B,172.168.1.8
      295,07/08/2019,10:25,B,172.168.1.8
       18,07/08/2019,10:29,B,172.168.1.8
        5,07/08/2019,10:32,B,172.168.1.8
      261,07/08/2019,10:32,B,172.168.1.8
       10,07/08/2019,10:32,B,172.168.1.8
      101,07/08/2019,10:33,B,172.168.1.8
      254,07/08/2019,10:45,B,172.168.1.8
       22,07/08/2019,10:53,B,172.168.1.8
       26,07/08/2019,10:53,B,172.168.1.8
      251,07/08/2019,10:54,B,172.168.1.8
       28,07/08/2019,11:01,B,172.168.1.8
        9,07/08/2019,11:02,B,172.168.1.8
       19,07/08/2019,11:13,B,172.168.1.8
      293,07/08/2019,11:16,B,172.168.1.8
       27,07/08/2019,11:24,B,172.168.1.8
        8,07/08/2019,11:28,B,172.168.1.8
       52,07/08/2019,11:34,B,172.168.1.8
        2,07/08/2019,11:42,B,172.168.1.8
      203,07/08/2019,12:29,B,172.168.1.8
      213,07/08/2019,12:31,B,172.168.1.8
      204,07/08/2019,12:44,B,172.168.1.8
      202,07/08/2019,12:58,B,172.168.1.8
      205,07/08/2019,13:14,B,172.168.1.8
      215,07/08/2019,13:21,B,172.168.1.8
      214,07/08/2019,13:30,B,172.168.1.8
      212,07/08/2019,13:36,B,172.168.1.8
      207,07/08/2019,13:36,B,172.168.1.8
      207,07/08/2019,13:36,B,172.168.1.8
      216,07/08/2019,13:36,B,172.168.1.8
      208,07/08/2019,13:40,B,172.168.1.8
       31,07/08/2019,13:44,B,172.168.1.8
       64,07/08/2019,13:59,B,172.168.1.8
       69,07/08/2019,14:00,B,172.168.1.8
      210,07/08/2019,14:01,B,172.168.1.8
      129,07/08/2019,14:10,B,172.168.1.8
      211,07/08/2019,14:14,B,172.168.1.8
      303,07/08/2019,14:17,B,172.168.1.8
        1,07/08/2019,14:20,B,172.168.1.8
      131,07/08/2019,14:22,B,172.168.1.8
       36,07/08/2019,14:43,B,172.168.1.8
      201,07/08/2019,14:51,B,172.168.1.8
       28,07/08/2019,14:52,B,172.168.1.8
       72,07/08/2019,14:55,B,172.168.1.8
      298,07/08/2019,15:01,B,172.168.1.8
      206,07/08/2019,15:14,B,172.168.1.8
       21,07/08/2019,15:22,B,172.168.1.8
       22,07/08/2019,15:23,B,172.168.1.8
       23,07/08/2019,15:23,B,172.168.1.8
        5,07/08/2019,15:30,B,172.168.1.8
       17,07/08/2019,15:33,B,172.168.1.8
       12,07/08/2019,15:33,B,172.168.1.8
      126,07/08/2019,15:37,B,172.168.1.8
       69,07/08/2019,15:38,B,172.168.1.8
      258,07/08/2019,15:47,B,172.168.1.8
       32,07/08/2019,15:56,B,172.168.1.8
       18,07/08/2019,15:57,B,172.168.1.8
      299,07/08/2019,15:58,B,172.168.1.8
       64,07/08/2019,16:02,B,172.168.1.8
       26,07/08/2019,16:21,B,172.168.1.8
       10,07/08/2019,16:22,B,172.168.1.8
      301,07/08/2019,16:26,B,172.168.1.8
       24,07/08/2019,16:28,B,172.168.1.8
      204,07/08/2019,16:41,B,172.168.1.8
      203,07/08/2019,16:42,B,172.168.1.8
        9,07/08/2019,16:43,B,172.168.1.8
        2,07/08/2019,16:43,B,172.168.1.8
       14,07/08/2019,16:45,B,172.168.1.8
      312,07/08/2019,16:47,B,172.168.1.8
      119,07/08/2019,16:47,B,172.168.1.8
      119,07/08/2019,16:47,B,172.168.1.8
       19,07/08/2019,16:49,B,172.168.1.8
       25,07/08/2019,16:59,B,172.168.1.8
       29,07/08/2019,17:00,B,172.168.1.8
        8,07/08/2019,17:03,B,172.168.1.8
      122,07/08/2019,17:05,B,172.168.1.8
      127,07/08/2019,17:10,B,172.168.1.8
      110,07/08/2019,17:15,B,172.168.1.8
       27,07/08/2019,17:15,B,172.168.1.8
      109,07/08/2019,17:15,B,172.168.1.8
      297,07/08/2019,17:15,B,172.168.1.8
      128,07/08/2019,17:16,B,172.168.1.8
      289,07/08/2019,17:17,B,172.168.1.8
      271,07/08/2019,17:20,B,172.168.1.8
      261,07/08/2019,17:20,B,172.168.1.8
      295,07/08/2019,17:21,B,172.168.1.8
      120,07/08/2019,17:22,B,172.168.1.8
      251,07/08/2019,17:24,B,172.168.1.8
      254,07/08/2019,17:24,B,172.168.1.8
      115,07/08/2019,17:24,B,172.168.1.8
      290,07/08/2019,17:27,B,172.168.1.8
      290,07/08/2019,17:31,B,172.168.1.8
      268,07/08/2019,17:34,B,172.168.1.8
      287,07/08/2019,17:34,B,172.168.1.8
      296,07/08/2019,17:35,B,172.168.1.8
      118,07/08/2019,17:35,B,172.168.1.8
       30,07/08/2019,17:42,B,172.168.1.8
      114,07/08/2019,17:51,B,172.168.1.8
      273,07/08/2019,17:53,B,172.168.1.8
      280,07/08/2019,17:54,B,172.168.1.8
      310,07/08/2019,18:03,B,172.168.1.8
      117,07/08/2019,18:04,B,172.168.1.8
      123,07/08/2019,18:04,B,172.168.1.8
      310,07/08/2019,18:05,B,172.168.1.8
      293,07/08/2019,18:06,B,172.168.1.8
      129,07/08/2019,18:53,B,172.168.1.8
      112,07/08/2019,19:31,B,172.168.1.8
      260,07/08/2019,19:40,B,172.168.1.8
      255,07/08/2019,20:28,B,172.168.1.8
      126,08/08/2019,07:18,B,172.168.1.8
      298,08/08/2019,07:19,B,172.168.1.8
      273,08/08/2019,07:19,B,172.168.1.8
      216,08/08/2019,07:38,B,172.168.1.8
      207,08/08/2019,07:49,B,172.168.1.8
      205,08/08/2019,07:51,B,172.168.1.8
      299,08/08/2019,07:56,B,172.168.1.8
      202,08/08/2019,08:01,B,172.168.1.8
      255,08/08/2019,08:06,B,172.168.1.8
      296,08/08/2019,08:07,B,172.168.1.8
       52,08/08/2019,08:08,B,172.168.1.8
      212,08/08/2019,08:21,B,172.168.1.8
      260,08/08/2019,08:25,B,172.168.1.8
      287,08/08/2019,08:27,B,172.168.1.8
      112,08/08/2019,08:35,B,172.168.1.8
      210,08/08/2019,08:41,B,172.168.1.8
      301,08/08/2019,08:42,B,172.168.1.8
      208,08/08/2019,08:46,B,172.168.1.8
      115,08/08/2019,08:48,B,172.168.1.8
      312,08/08/2019,08:49,B,172.168.1.8
      119,08/08/2019,08:49,B,172.168.1.8
       65,08/08/2019,08:53,B,172.168.1.8
       23,08/08/2019,08:56,B,172.168.1.8
      303,08/08/2019,08:58,B,172.168.1.8
      309,08/08/2019,08:59,B,172.168.1.8
      215,08/08/2019,09:04,B,172.168.1.8
      209,08/08/2019,09:04,B,172.168.1.8
      213,08/08/2019,09:04,B,172.168.1.8
      211,08/08/2019,09:05,B,172.168.1.8
       11,08/08/2019,09:05,B,172.168.1.8
      268,08/08/2019,09:08,B,172.168.1.8
      204,08/08/2019,09:10,B,172.168.1.8
      122,08/08/2019,09:14,B,172.168.1.8
      120,08/08/2019,09:19,B,172.168.1.8
       25,08/08/2019,09:19,B,172.168.1.8
       20,08/08/2019,09:29,B,172.168.1.8
      118,08/08/2019,09:31,B,172.168.1.8
       36,08/08/2019,09:34,B,172.168.1.8
       14,08/08/2019,09:38,B,172.168.1.8
      116,08/08/2019,09:42,B,172.168.1.8
      290,08/08/2019,09:43,B,172.168.1.8
      203,08/08/2019,09:43,B,172.168.1.8
      214,08/08/2019,09:44,B,172.168.1.8
      123,08/08/2019,09:45,B,172.168.1.8
      117,08/08/2019,09:47,B,172.168.1.8
      128,08/08/2019,09:49,B,172.168.1.8
       32,08/08/2019,09:50,B,172.168.1.8
        9,08/08/2019,09:55,B,172.168.1.8
      109,08/08/2019,09:57,B,172.168.1.8
      110,08/08/2019,09:57,B,172.168.1.8
      297,08/08/2019,09:59,B,172.168.1.8
       17,08/08/2019,09:59,B,172.168.1.8
      206,08/08/2019,10:05,B,172.168.1.8
      289,08/08/2019,10:06,B,172.168.1.8
      271,08/08/2019,10:07,B,172.168.1.8
      114,08/08/2019,10:10,B,172.168.1.8
      310,08/08/2019,10:12,B,172.168.1.8
      295,08/08/2019,10:13,B,172.168.1.8
      127,08/08/2019,10:18,B,172.168.1.8
       30,08/08/2019,10:21,B,172.168.1.8
      280,08/08/2019,10:22,B,172.168.1.8
      201,08/08/2019,10:24,B,172.168.1.8
        5,08/08/2019,10:26,B,172.168.1.8
      101,08/08/2019,10:30,B,172.168.1.8
      106,08/08/2019,10:38,B,172.168.1.8
      261,08/08/2019,10:41,B,172.168.1.8
      254,08/08/2019,10:41,B,172.168.1.8
       10,08/08/2019,10:58,B,172.168.1.8
      129,08/08/2019,10:59,B,172.168.1.8
       21,08/08/2019,11:02,B,172.168.1.8
       72,08/08/2019,11:10,B,172.168.1.8
       19,08/08/2019,11:11,B,172.168.1.8
       24,08/08/2019,11:12,B,172.168.1.8
       27,08/08/2019,11:22,B,172.168.1.8
        8,08/08/2019,11:29,B,172.168.1.8
       26,08/08/2019,11:31,B,172.168.1.8
        2,08/08/2019,11:31,B,172.168.1.8
       52,08/08/2019,11:34,B,172.168.1.8
      305,08/08/2019,11:56,B,172.168.1.8
      213,08/08/2019,12:08,B,172.168.1.8
      131,08/08/2019,12:45,B,172.168.1.8
      205,08/08/2019,12:53,B,172.168.1.8
      205,08/08/2019,12:53,B,172.168.1.8
      202,08/08/2019,12:57,B,172.168.1.8
      202,08/08/2019,12:58,B,172.168.1.8
      215,08/08/2019,12:58,B,172.168.1.8
      212,08/08/2019,13:13,B,172.168.1.8
      208,08/08/2019,13:13,B,172.168.1.8
      122,08/08/2019,13:29,B,172.168.1.8
      210,08/08/2019,13:52,B,172.168.1.8
      211,08/08/2019,14:05,B,172.168.1.8
      312,08/08/2019,14:23,B,172.168.1.8
      209,08/08/2019,14:25,B,172.168.1.8
      209,08/08/2019,14:26,B,172.168.1.8
      204,08/08/2019,14:26,B,172.168.1.8
       21,08/08/2019,14:29,B,172.168.1.8
      203,08/08/2019,14:45,B,172.168.1.8
      201,08/08/2019,14:47,B,172.168.1.8
       64,08/08/2019,14:50,B,172.168.1.8
      309,08/08/2019,14:57,B,172.168.1.8
      298,08/08/2019,15:00,B,172.168.1.8
      303,08/08/2019,15:05,B,172.168.1.8
      206,08/08/2019,15:08,B,172.168.1.8
      303,08/08/2019,15:08,B,172.168.1.8
      303,08/08/2019,15:09,B,172.168.1.8
      214,08/08/2019,15:09,B,172.168.1.8
       23,08/08/2019,15:12,B,172.168.1.8
       72,08/08/2019,15:31,B,172.168.1.8
      305,08/08/2019,15:38,B,172.168.1.8
       20,08/08/2019,15:40,B,172.168.1.8
      126,08/08/2019,15:43,B,172.168.1.8
        5,08/08/2019,15:59,B,172.168.1.8
        9,08/08/2019,15:59,B,172.168.1.8
       14,08/08/2019,16:15,B,172.168.1.8
      301,08/08/2019,16:17,B,172.168.1.8
       32,08/08/2019,16:17,B,172.168.1.8
       65,08/08/2019,16:23,B,172.168.1.8
      119,08/08/2019,16:30,B,172.168.1.8
       10,08/08/2019,16:35,B,172.168.1.8
       64,08/08/2019,16:40,B,172.168.1.8
       19,08/08/2019,16:44,B,172.168.1.8
       28,08/08/2019,16:45,B,172.168.1.8
       25,08/08/2019,16:45,B,172.168.1.8
       17,08/08/2019,16:48,B,172.168.1.8
       11,08/08/2019,16:53,B,172.168.1.8
        2,08/08/2019,17:02,B,172.168.1.8
       27,08/08/2019,17:03,B,172.168.1.8
      299,08/08/2019,17:06,B,172.168.1.8
       30,08/08/2019,17:08,B,172.168.1.8
      127,08/08/2019,17:10,B,172.168.1.8
      110,08/08/2019,17:15,B,172.168.1.8
      109,08/08/2019,17:15,B,172.168.1.8
      289,08/08/2019,17:15,B,172.168.1.8
      261,08/08/2019,17:16,B,172.168.1.8
      131,08/08/2019,17:16,B,172.168.1.8
      297,08/08/2019,17:16,B,172.168.1.8
      128,08/08/2019,17:17,B,172.168.1.8
      271,08/08/2019,17:17,B,172.168.1.8
      295,08/08/2019,17:17,B,172.168.1.8
      120,08/08/2019,17:20,B,172.168.1.8
      268,08/08/2019,17:21,B,172.168.1.8
      118,08/08/2019,17:22,B,172.168.1.8
      115,08/08/2019,17:24,B,172.168.1.8
      254,08/08/2019,17:24,B,172.168.1.8
      123,08/08/2019,17:30,B,172.168.1.8
       26,08/08/2019,17:30,B,172.168.1.8
      101,08/08/2019,17:30,B,172.168.1.8
       24,08/08/2019,17:50,B,172.168.1.8
        8,08/08/2019,17:53,B,172.168.1.8
      273,08/08/2019,17:58,B,172.168.1.8
      280,08/08/2019,18:01,B,172.168.1.8
      290,08/08/2019,18:06,B,172.168.1.8
      116,08/08/2019,18:06,B,172.168.1.8
      117,08/08/2019,18:06,B,172.168.1.8
      296,08/08/2019,18:08,B,172.168.1.8
      310,08/08/2019,18:09,B,172.168.1.8
      310,08/08/2019,18:10,B,172.168.1.8
      106,08/08/2019,18:12,B,172.168.1.8
      287,08/08/2019,18:18,B,172.168.1.8
      114,08/08/2019,18:21,B,172.168.1.8
      129,08/08/2019,19:44,B,172.168.1.8
      112,08/08/2019,19:46,B,172.168.1.8
      112,08/08/2019,19:46,B,172.168.1.8
      260,08/08/2019,19:50,B,172.168.1.8
      255,08/08/2019,20:28,B,172.168.1.8
      255,08/08/2019,20:29,B,172.168.1.8
      126,09/08/2019,07:10,B,172.168.1.8
      298,09/08/2019,07:19,B,172.168.1.8
      273,09/08/2019,07:22,B,172.168.1.8
      299,09/08/2019,07:54,B,172.168.1.8
      296,09/08/2019,08:09,B,172.168.1.8
      287,09/08/2019,08:21,B,172.168.1.8
       52,09/08/2019,08:27,B,172.168.1.8
       65,09/08/2019,08:37,B,172.168.1.8
      260,09/08/2019,08:41,B,172.168.1.8
       36,09/08/2019,08:43,B,172.168.1.8
      112,09/08/2019,08:43,B,172.168.1.8
      255,09/08/2019,08:44,B,172.168.1.8
      115,09/08/2019,08:51,B,172.168.1.8
      215,09/08/2019,08:52,B,172.168.1.8
      215,09/08/2019,08:53,B,172.168.1.8
       64,09/08/2019,08:53,B,172.168.1.8
      206,09/08/2019,08:55,B,172.168.1.8
      119,09/08/2019,08:57,B,172.168.1.8
      210,09/08/2019,08:58,B,172.168.1.8
      120,09/08/2019,08:58,B,172.168.1.8
      207,09/08/2019,08:59,B,172.168.1.8
      212,09/08/2019,08:59,B,172.168.1.8
      216,09/08/2019,08:59,B,172.168.1.8
      201,09/08/2019,09:02,B,172.168.1.8
      214,09/08/2019,09:03,B,172.168.1.8
       24,09/08/2019,09:08,B,172.168.1.8
      209,09/08/2019,09:08,B,172.168.1.8
      204,09/08/2019,09:09,B,172.168.1.8
      213,09/08/2019,09:09,B,172.168.1.8
      312,09/08/2019,09:12,B,172.168.1.8
      268,09/08/2019,09:17,B,172.168.1.8
       12,09/08/2019,09:18,B,172.168.1.8
      122,09/08/2019,09:33,B,172.168.1.8
       23,09/08/2019,09:35,B,172.168.1.8
      211,09/08/2019,09:35,B,172.168.1.8
      118,09/08/2019,09:37,B,172.168.1.8
      117,09/08/2019,09:38,B,172.168.1.8
      208,09/08/2019,09:38,B,172.168.1.8
       30,09/08/2019,09:39,B,172.168.1.8
       11,09/08/2019,09:39,B,172.168.1.8
      123,09/08/2019,09:47,B,172.168.1.8
       20,09/08/2019,09:50,B,172.168.1.8
      256,09/08/2019,09:51,B,172.168.1.8
      110,09/08/2019,09:51,B,172.168.1.8
      109,09/08/2019,09:52,B,172.168.1.8
      205,09/08/2019,09:53,B,172.168.1.8
      205,09/08/2019,09:53,B,172.168.1.8
      289,09/08/2019,09:59,B,172.168.1.8
      280,09/08/2019,09:59,B,172.168.1.8
      297,09/08/2019,10:00,B,172.168.1.8
      202,09/08/2019,10:05,B,172.168.1.8
      114,09/08/2019,10:06,B,172.168.1.8
       14,09/08/2019,10:07,B,172.168.1.8
      310,09/08/2019,10:09,B,172.168.1.8
      131,09/08/2019,10:11,B,172.168.1.8
       29,09/08/2019,10:15,B,172.168.1.8
        1,09/08/2019,10:16,B,172.168.1.8
      261,09/08/2019,10:17,B,172.168.1.8
      295,09/08/2019,10:18,B,172.168.1.8
      203,09/08/2019,10:18,B,172.168.1.8
      116,09/08/2019,10:19,B,172.168.1.8
       21,09/08/2019,10:19,B,172.168.1.8
      101,09/08/2019,10:25,B,172.168.1.8
      129,09/08/2019,10:26,B,172.168.1.8
      127,09/08/2019,10:28,B,172.168.1.8
      106,09/08/2019,10:30,B,172.168.1.8
      258,09/08/2019,10:35,B,172.168.1.8
      301,09/08/2019,10:39,B,172.168.1.8
      309,09/08/2019,10:46,B,172.168.1.8
       35,09/08/2019,10:48,B,172.168.1.8
       72,09/08/2019,10:52,B,172.168.1.8
       22,09/08/2019,10:55,B,172.168.1.8
       31,09/08/2019,10:55,B,172.168.1.8
        5,09/08/2019,11:03,B,172.168.1.8
       10,09/08/2019,11:04,B,172.168.1.8
        9,09/08/2019,11:13,B,172.168.1.8
       19,09/08/2019,11:14,B,172.168.1.8
       28,09/08/2019,11:20,B,172.168.1.8
       26,09/08/2019,11:30,B,172.168.1.8
       27,09/08/2019,11:36,B,172.168.1.8
        2,09/08/2019,11:40,B,172.168.1.8
      305,09/08/2019,12:02,B,172.168.1.8
       64,09/08/2019,12:31,B,172.168.1.8
      205,09/08/2019,13:13,B,172.168.1.8
      205,09/08/2019,13:13,B,172.168.1.8
      205,09/08/2019,13:15,B,172.168.1.8
      205,09/08/2019,13:15,B,172.168.1.8
      290,09/08/2019,13:17,B,172.168.1.8
      202,09/08/2019,13:45,B,172.168.1.8
      211,09/08/2019,13:52,B,172.168.1.8
      208,09/08/2019,13:54,B,172.168.1.8
      212,09/08/2019,13:54,B,172.168.1.8
      207,09/08/2019,13:54,B,172.168.1.8
      210,09/08/2019,13:59,B,172.168.1.8
      210,09/08/2019,14:03,B,172.168.1.8
      201,09/08/2019,14:03,B,172.168.1.8
      203,09/08/2019,14:03,B,172.168.1.8
      211,09/08/2019,14:05,B,172.168.1.8
       36,09/08/2019,14:07,B,172.168.1.8
      204,09/08/2019,14:16,B,172.168.1.8
      213,09/08/2019,14:17,B,172.168.1.8
      204,09/08/2019,14:17,B,172.168.1.8
      209,09/08/2019,14:17,B,172.168.1.8
      122,09/08/2019,14:19,B,172.168.1.8
       11,09/08/2019,14:31,B,172.168.1.8
       30,09/08/2019,14:54,B,172.168.1.8
      298,09/08/2019,15:00,B,172.168.1.8
      305,09/08/2019,15:15,B,172.168.1.8
       23,09/08/2019,15:19,B,172.168.1.8
      309,09/08/2019,15:30,B,172.168.1.8
       20,09/08/2019,15:30,B,172.168.1.8
      126,09/08/2019,15:50,B,172.168.1.8
       21,09/08/2019,15:56,B,172.168.1.8
      299,09/08/2019,15:57,B,172.168.1.8
      214,09/08/2019,16:06,B,172.168.1.8
      312,09/08/2019,16:08,B,172.168.1.8
       29,09/08/2019,16:17,B,172.168.1.8
       22,09/08/2019,16:21,B,172.168.1.8
       14,09/08/2019,16:24,B,172.168.1.8
       27,09/08/2019,16:32,B,172.168.1.8
      119,09/08/2019,16:36,B,172.168.1.8
      255,09/08/2019,16:36,B,172.168.1.8
       14,09/08/2019,16:36,B,172.168.1.8
       65,09/08/2019,16:38,B,172.168.1.8
       35,09/08/2019,16:39,B,172.168.1.8
       19,09/08/2019,16:45,B,172.168.1.8
      115,09/08/2019,16:50,B,172.168.1.8
       28,09/08/2019,16:55,B,172.168.1.8
      118,09/08/2019,17:12,B,172.168.1.8
      110,09/08/2019,17:15,B,172.168.1.8
      268,09/08/2019,17:17,B,172.168.1.8
        5,09/08/2019,17:18,B,172.168.1.8
      297,09/08/2019,17:19,B,172.168.1.8
      295,09/08/2019,17:20,B,172.168.1.8
      297,09/08/2019,17:20,B,172.168.1.8
      289,09/08/2019,17:20,B,172.168.1.8
      261,09/08/2019,17:22,B,172.168.1.8
      127,09/08/2019,17:22,B,172.168.1.8
      120,09/08/2019,17:28,B,172.168.1.8
       12,09/08/2019,17:28,B,172.168.1.8
        2,09/08/2019,17:28,B,172.168.1.8
      287,09/08/2019,17:31,B,172.168.1.8
      123,09/08/2019,17:34,B,172.168.1.8
       10,09/08/2019,17:42,B,172.168.1.8
      109,09/08/2019,17:45,B,172.168.1.8
      296,09/08/2019,17:46,B,172.168.1.8
      114,09/08/2019,17:52,B,172.168.1.8
      273,09/08/2019,17:52,B,172.168.1.8
      258,09/08/2019,18:00,B,172.168.1.8
      280,09/08/2019,18:00,B,172.168.1.8
      129,09/08/2019,18:00,B,172.168.1.8
      296,09/08/2019,18:01,B,172.168.1.8
       26,09/08/2019,18:06,B,172.168.1.8
      101,09/08/2019,18:06,B,172.168.1.8
      117,09/08/2019,18:18,B,172.168.1.8
      116,09/08/2019,18:19,B,172.168.1.8
      290,09/08/2019,18:20,B,172.168.1.8
      310,09/08/2019,18:20,B,172.168.1.8
      106,09/08/2019,18:21,B,172.168.1.8
        1,09/08/2019,18:33,B,172.168.1.8
      112,09/08/2019,19:58,B,172.168.1.8
      112,09/08/2019,19:59,B,172.168.1.8
      112,09/08/2019,20:00,B,172.168.1.8
      260,09/08/2019,21:10,B,172.168.1.8
      256,09/08/2019,21:10,B,172.168.1.8
      126,10/08/2019,07:07,B,172.168.1.8
      298,10/08/2019,07:10,B,172.168.1.8
      273,10/08/2019,07:24,B,172.168.1.8
      207,10/08/2019,07:54,B,172.168.1.8
      299,10/08/2019,07:58,B,172.168.1.8
      287,10/08/2019,07:59,B,172.168.1.8
      287,10/08/2019,07:59,B,172.168.1.8
      213,10/08/2019,08:01,B,172.168.1.8
      212,10/08/2019,08:02,B,172.168.1.8
      216,10/08/2019,08:02,B,172.168.1.8
      208,10/08/2019,08:02,B,172.168.1.8
      112,10/08/2019,08:09,B,172.168.1.8
       65,10/08/2019,08:14,B,172.168.1.8
       22,10/08/2019,08:23,B,172.168.1.8
      296,10/08/2019,08:26,B,172.168.1.8
      255,10/08/2019,08:37,B,172.168.1.8
      312,10/08/2019,08:39,B,172.168.1.8
      260,10/08/2019,08:39,B,172.168.1.8
       11,10/08/2019,08:43,B,172.168.1.8
       36,10/08/2019,08:48,B,172.168.1.8
      205,10/08/2019,08:51,B,172.168.1.8
        5,10/08/2019,08:54,B,172.168.1.8
      119,10/08/2019,08:55,B,172.168.1.8
      115,10/08/2019,08:56,B,172.168.1.8
       12,10/08/2019,09:02,B,172.168.1.8
      211,10/08/2019,09:04,B,172.168.1.8
      210,10/08/2019,09:06,B,172.168.1.8
      214,10/08/2019,09:07,B,172.168.1.8
      203,10/08/2019,09:11,B,172.168.1.8
      122,10/08/2019,09:19,B,172.168.1.8
      268,10/08/2019,09:23,B,172.168.1.8
      280,10/08/2019,09:34,B,172.168.1.8
       14,10/08/2019,09:42,B,172.168.1.8
       30,10/08/2019,09:44,B,172.168.1.8
       30,10/08/2019,09:45,B,172.168.1.8
      206,10/08/2019,09:47,B,172.168.1.8
      209,10/08/2019,09:47,B,172.168.1.8
      209,10/08/2019,09:47,B,172.168.1.8
      204,10/08/2019,09:48,B,172.168.1.8
       23,10/08/2019,09:52,B,172.168.1.8
      290,10/08/2019,09:57,B,172.168.1.8
      116,10/08/2019,09:58,B,172.168.1.8
      256,10/08/2019,09:59,B,172.168.1.8
      258,10/08/2019,10:06,B,172.168.1.8
      310,10/08/2019,10:07,B,172.168.1.8
        9,10/08/2019,10:12,B,172.168.1.8
      201,10/08/2019,10:20,B,172.168.1.8
      293,10/08/2019,10:25,B,172.168.1.8
      114,10/08/2019,10:27,B,172.168.1.8
      109,10/08/2019,10:29,B,172.168.1.8
      110,10/08/2019,10:29,B,172.168.1.8
      215,10/08/2019,10:29,B,172.168.1.8
      215,10/08/2019,10:29,B,172.168.1.8
      215,10/08/2019,10:29,B,172.168.1.8
      131,10/08/2019,10:31,B,172.168.1.8
      101,10/08/2019,10:35,B,172.168.1.8
      128,10/08/2019,10:38,B,172.168.1.8
       17,10/08/2019,10:39,B,172.168.1.8
      212,10/08/2019,10:45,B,172.168.1.8
      207,10/08/2019,10:45,B,172.168.1.8
      216,10/08/2019,10:47,B,172.168.1.8
       26,10/08/2019,10:49,B,172.168.1.8
      208,10/08/2019,10:50,B,172.168.1.8
      213,10/08/2019,10:53,B,172.168.1.8
       22,10/08/2019,10:54,B,172.168.1.8
       35,10/08/2019,10:55,B,172.168.1.8
       10,10/08/2019,11:01,B,172.168.1.8
        5,10/08/2019,11:08,B,172.168.1.8
      215,10/08/2019,11:14,B,172.168.1.8
      203,10/08/2019,11:15,B,172.168.1.8
        8,10/08/2019,11:18,B,172.168.1.8
      129,10/08/2019,11:20,B,172.168.1.8
       12,10/08/2019,11:28,B,172.168.1.8
       27,10/08/2019,11:29,B,172.168.1.8
       24,10/08/2019,11:31,B,172.168.1.8
       36,10/08/2019,11:33,B,172.168.1.8
      214,10/08/2019,11:35,B,172.168.1.8
      210,10/08/2019,11:40,B,172.168.1.8
      211,10/08/2019,11:42,B,172.168.1.8
      211,10/08/2019,11:44,B,172.168.1.8
      205,10/08/2019,11:55,B,172.168.1.8
      205,10/08/2019,11:55,B,172.168.1.8
        2,10/08/2019,11:57,B,172.168.1.8
       14,10/08/2019,11:59,B,172.168.1.8
        2,10/08/2019,11:59,B,172.168.1.8
      299,10/08/2019,12:04,B,172.168.1.8
      206,10/08/2019,12:08,B,172.168.1.8
      204,10/08/2019,12:08,B,172.168.1.8
      209,10/08/2019,12:09,B,172.168.1.8
      209,10/08/2019,12:09,B,172.168.1.8
      204,10/08/2019,12:09,B,172.168.1.8
       21,10/08/2019,12:38,B,172.168.1.8
        9,10/08/2019,13:18,B,172.168.1.8
       32,10/08/2019,13:19,B,172.168.1.8
       19,10/08/2019,13:26,B,172.168.1.8
       23,10/08/2019,13:45,B,172.168.1.8
      201,10/08/2019,13:54,B,172.168.1.8
      201,10/08/2019,14:00,B,172.168.1.8
       24,10/08/2019,14:03,B,172.168.1.8
       27,10/08/2019,14:08,B,172.168.1.8
        8,10/08/2019,14:20,B,172.168.1.8
        2,10/08/2019,14:32,B,172.168.1.8
       29,10/08/2019,14:33,B,172.168.1.8
       65,10/08/2019,14:36,B,172.168.1.8
      312,10/08/2019,15:22,B,172.168.1.8
      110,10/08/2019,15:23,B,172.168.1.8
      109,10/08/2019,15:26,B,172.168.1.8
      298,10/08/2019,15:28,B,172.168.1.8
       30,10/08/2019,15:36,B,172.168.1.8
       30,10/08/2019,15:37,B,172.168.1.8
       10,10/08/2019,15:37,B,172.168.1.8
       26,10/08/2019,15:44,B,172.168.1.8
      131,10/08/2019,15:53,B,172.168.1.8
      122,10/08/2019,16:01,B,172.168.1.8
      119,10/08/2019,16:03,B,172.168.1.8
      258,10/08/2019,16:29,B,172.168.1.8
      280,10/08/2019,16:30,B,172.168.1.8
      126,10/08/2019,16:44,B,172.168.1.8
      293,10/08/2019,17:30,B,172.168.1.8
      273,10/08/2019,17:35,B,172.168.1.8
      268,10/08/2019,17:37,B,172.168.1.8
      268,10/08/2019,17:37,B,172.168.1.8
      287,10/08/2019,17:38,B,172.168.1.8
      101,10/08/2019,17:38,B,172.168.1.8
      114,10/08/2019,17:57,B,172.168.1.8
      116,10/08/2019,17:58,B,172.168.1.8
      115,10/08/2019,17:58,B,172.168.1.8
      296,10/08/2019,18:00,B,172.168.1.8
      129,10/08/2019,18:05,B,172.168.1.8
      310,10/08/2019,18:06,B,172.168.1.8
      255,10/08/2019,18:07,B,172.168.1.8
      129,10/08/2019,18:14,B,172.168.1.8
      310,10/08/2019,18:14,B,172.168.1.8
      256,10/08/2019,20:39,B,172.168.1.8
      112,10/08/2019,21:00,B,172.168.1.8
      260,10/08/2019,21:00,B,172.168.1.8
      260,11/08/2019,09:00,B,172.168.1.8
      115,11/08/2019,09:29,B,172.168.1.8
      255,11/08/2019,09:36,B,172.168.1.8
      115,11/08/2019,14:43,B,172.168.1.8
      260,11/08/2019,18:09,B,172.168.1.8
      255,11/08/2019,18:09,B,172.168.1.8
      255,12/08/2019,09:36,B,172.168.1.8
      260,12/08/2019,09:37,B,172.168.1.8
      115,12/08/2019,09:42,B,172.168.1.8
      116,12/08/2019,09:42,B,172.168.1.8
      126,12/08/2019,10:04,B,172.168.1.8
      258,12/08/2019,10:26,B,172.168.1.8
      280,12/08/2019,10:56,B,172.168.1.8
      293,12/08/2019,10:56,B,172.168.1.8
      287,12/08/2019,10:57,B,172.168.1.8
      287,12/08/2019,13:03,B,172.168.1.8
      255,12/08/2019,13:04,B,172.168.1.8
      293,12/08/2019,13:30,B,172.168.1.8
      280,12/08/2019,13:41,B,172.168.1.8
      116,12/08/2019,13:42,B,172.168.1.8
      258,12/08/2019,13:42,B,172.168.1.8
      260,12/08/2019,17:30,B,172.168.1.8
      126,12/08/2019,20:21,B,172.168.1.8
      121,13/08/2019,06:42,B,172.168.1.8
      126,13/08/2019,07:08,B,172.168.1.8
      298,13/08/2019,07:21,B,172.168.1.8
      273,13/08/2019,07:26,B,172.168.1.8
      208,13/08/2019,07:50,B,172.168.1.8
      287,13/08/2019,07:52,B,172.168.1.8
      205,13/08/2019,07:53,B,172.168.1.8
      299,13/08/2019,07:59,B,172.168.1.8
      215,13/08/2019,08:01,B,172.168.1.8
      215,13/08/2019,08:02,B,172.168.1.8
      207,13/08/2019,08:04,B,172.168.1.8
      212,13/08/2019,08:04,B,172.168.1.8
      125,13/08/2019,08:06,B,172.168.1.8
      203,13/08/2019,08:10,B,172.168.1.8
      255,13/08/2019,08:11,B,172.168.1.8
       52,13/08/2019,08:18,B,172.168.1.8
       51,13/08/2019,08:20,B,172.168.1.8
      296,13/08/2019,08:22,B,172.168.1.8
      260,13/08/2019,08:28,B,172.168.1.8
      112,13/08/2019,08:28,B,172.168.1.8
      202,13/08/2019,08:44,B,172.168.1.8
      204,13/08/2019,08:53,B,172.168.1.8
      119,13/08/2019,08:55,B,172.168.1.8
      312,13/08/2019,08:56,B,172.168.1.8
      115,13/08/2019,08:56,B,172.168.1.8
       36,13/08/2019,08:58,B,172.168.1.8
      268,13/08/2019,08:58,B,172.168.1.8
      120,13/08/2019,08:59,B,172.168.1.8
       18,13/08/2019,08:59,B,172.168.1.8
      206,13/08/2019,09:01,B,172.168.1.8
       20,13/08/2019,09:10,B,172.168.1.8
      303,13/08/2019,09:11,B,172.168.1.8
      303,13/08/2019,09:11,B,172.168.1.8
        8,13/08/2019,09:13,B,172.168.1.8
       23,13/08/2019,09:14,B,172.168.1.8
       32,13/08/2019,09:18,B,172.168.1.8
      211,13/08/2019,09:19,B,172.168.1.8
      122,13/08/2019,09:24,B,172.168.1.8
       25,13/08/2019,09:28,B,172.168.1.8
      283,13/08/2019,09:31,B,172.168.1.8
      210,13/08/2019,09:32,B,172.168.1.8
      118,13/08/2019,09:38,B,172.168.1.8
       11,13/08/2019,09:39,B,172.168.1.8
      123,13/08/2019,09:40,B,172.168.1.8
       12,13/08/2019,09:42,B,172.168.1.8
      127,13/08/2019,09:45,B,172.168.1.8
      110,13/08/2019,09:46,B,172.168.1.8
      109,13/08/2019,09:46,B,172.168.1.8
       16,13/08/2019,09:49,B,172.168.1.8
      209,13/08/2019,09:50,B,172.168.1.8
       14,13/08/2019,09:57,B,172.168.1.8
      297,13/08/2019,09:58,B,172.168.1.8
      114,13/08/2019,09:59,B,172.168.1.8
      116,13/08/2019,10:01,B,172.168.1.8
      289,13/08/2019,10:02,B,172.168.1.8
      256,13/08/2019,10:02,B,172.168.1.8
      310,13/08/2019,10:06,B,172.168.1.8
      280,13/08/2019,10:09,B,172.168.1.8
      295,13/08/2019,10:09,B,172.168.1.8
      101,13/08/2019,10:13,B,172.168.1.8
       10,13/08/2019,10:14,B,172.168.1.8
        5,13/08/2019,10:14,B,172.168.1.8
       28,13/08/2019,10:18,B,172.168.1.8
      261,13/08/2019,10:21,B,172.168.1.8
      251,13/08/2019,10:27,B,172.168.1.8
       17,13/08/2019,10:34,B,172.168.1.8
       24,13/08/2019,10:35,B,172.168.1.8
      293,13/08/2019,10:36,B,172.168.1.8
      271,13/08/2019,10:37,B,172.168.1.8
       35,13/08/2019,10:37,B,172.168.1.8
        9,13/08/2019,10:46,B,172.168.1.8
       71,13/08/2019,10:50,B,172.168.1.8
       22,13/08/2019,11:19,B,172.168.1.8
       19,13/08/2019,11:20,B,172.168.1.8
       27,13/08/2019,11:35,B,172.168.1.8
       29,13/08/2019,11:35,B,172.168.1.8
      131,13/08/2019,11:41,B,172.168.1.8
       51,13/08/2019,11:45,B,172.168.1.8
       52,13/08/2019,11:51,B,172.168.1.8
       26,13/08/2019,12:00,B,172.168.1.8
      305,13/08/2019,12:04,B,172.168.1.8
      208,13/08/2019,12:49,B,172.168.1.8
      205,13/08/2019,12:54,B,172.168.1.8
      215,13/08/2019,12:59,B,172.168.1.8
      212,13/08/2019,13:04,B,172.168.1.8
      207,13/08/2019,13:04,B,172.168.1.8
      203,13/08/2019,13:18,B,172.168.1.8
      203,13/08/2019,13:18,B,172.168.1.8
      121,13/08/2019,13:29,B,172.168.1.8
      311,13/08/2019,13:51,B,172.168.1.8
      206,13/08/2019,14:06,B,172.168.1.8
      204,13/08/2019,14:06,B,172.168.1.8
       36,13/08/2019,14:21,B,172.168.1.8
      211,13/08/2019,14:29,B,172.168.1.8
      210,13/08/2019,14:35,B,172.168.1.8
      125,13/08/2019,15:33,B,172.168.1.8
      305,13/08/2019,15:33,B,172.168.1.8
       20,13/08/2019,15:40,B,172.168.1.8
      298,13/08/2019,15:42,B,172.168.1.8
       16,13/08/2019,15:45,B,172.168.1.8
      126,13/08/2019,15:56,B,172.168.1.8
      126,13/08/2019,15:57,B,172.168.1.8
      126,13/08/2019,15:57,B,172.168.1.8
      311,13/08/2019,15:59,B,172.168.1.8
       10,13/08/2019,16:01,B,172.168.1.8
      126,13/08/2019,16:01,B,172.168.1.8
      312,13/08/2019,16:04,B,172.168.1.8
       28,13/08/2019,16:07,B,172.168.1.8
       26,13/08/2019,16:14,B,172.168.1.8
       14,13/08/2019,16:17,B,172.168.1.8
       24,13/08/2019,16:22,B,172.168.1.8
      303,13/08/2019,16:22,B,172.168.1.8
      303,13/08/2019,16:22,B,172.168.1.8
       23,13/08/2019,16:24,B,172.168.1.8
       71,13/08/2019,16:30,B,172.168.1.8
       12,13/08/2019,16:33,B,172.168.1.8
        9,13/08/2019,16:40,B,172.168.1.8
      119,13/08/2019,16:47,B,172.168.1.8
       35,13/08/2019,16:50,B,172.168.1.8
       19,13/08/2019,16:51,B,172.168.1.8
       29,13/08/2019,16:57,B,172.168.1.8
       25,13/08/2019,17:01,B,172.168.1.8
       27,13/08/2019,17:01,B,172.168.1.8
       22,13/08/2019,17:01,B,172.168.1.8
      299,13/08/2019,17:02,B,172.168.1.8
        5,13/08/2019,17:05,B,172.168.1.8
       18,13/08/2019,17:10,B,172.168.1.8
       11,13/08/2019,17:12,B,172.168.1.8
      256,13/08/2019,17:13,B,172.168.1.8
      122,13/08/2019,17:13,B,172.168.1.8
      110,13/08/2019,17:14,B,172.168.1.8
      109,13/08/2019,17:14,B,172.168.1.8
       32,13/08/2019,17:16,B,172.168.1.8
      118,13/08/2019,17:17,B,172.168.1.8
      127,13/08/2019,17:17,B,172.168.1.8
      289,13/08/2019,17:18,B,172.168.1.8
      131,13/08/2019,17:19,B,172.168.1.8
      297,13/08/2019,17:19,B,172.168.1.8
      127,13/08/2019,17:20,B,172.168.1.8
      271,13/08/2019,17:22,B,172.168.1.8
      123,13/08/2019,17:22,B,172.168.1.8
      295,13/08/2019,17:22,B,172.168.1.8
      254,13/08/2019,17:23,B,172.168.1.8
      261,13/08/2019,17:26,B,172.168.1.8
      120,13/08/2019,17:28,B,172.168.1.8
      268,13/08/2019,17:34,B,172.168.1.8
      287,13/08/2019,17:38,B,172.168.1.8
      283,13/08/2019,17:39,B,172.168.1.8
      273,13/08/2019,17:59,B,172.168.1.8
      296,13/08/2019,18:01,B,172.168.1.8
      115,13/08/2019,18:03,B,172.168.1.8
      115,13/08/2019,18:03,B,172.168.1.8
      293,13/08/2019,18:10,B,172.168.1.8
      293,13/08/2019,18:15,B,172.168.1.8
      280,13/08/2019,18:18,B,172.168.1.8
      310,13/08/2019,18:18,B,172.168.1.8
      116,13/08/2019,18:19,B,172.168.1.8
      310,13/08/2019,18:20,B,172.168.1.8
      260,13/08/2019,19:14,B,172.168.1.8
      112,13/08/2019,19:35,B,172.168.1.8
      112,13/08/2019,19:36,B,172.168.1.8
      255,13/08/2019,20:21,B,172.168.1.8
      121,14/08/2019,06:44,B,172.168.1.8
      126,14/08/2019,07:15,B,172.168.1.8
      273,14/08/2019,07:18,B,172.168.1.8
      299,14/08/2019,07:48,B,172.168.1.8
      298,14/08/2019,07:52,B,172.168.1.8
      287,14/08/2019,07:53,B,172.168.1.8
      216,14/08/2019,07:54,B,172.168.1.8
      207,14/08/2019,07:54,B,172.168.1.8
      207,14/08/2019,07:54,B,172.168.1.8
      125,14/08/2019,07:54,B,172.168.1.8
      205,14/08/2019,07:54,B,172.168.1.8
      213,14/08/2019,07:58,B,172.168.1.8
      215,14/08/2019,08:02,B,172.168.1.8
      202,14/08/2019,08:03,B,172.168.1.8
      215,14/08/2019,08:08,B,172.168.1.8
       52,14/08/2019,08:14,B,172.168.1.8
      296,14/08/2019,08:15,B,172.168.1.8
      214,14/08/2019,08:26,B,172.168.1.8
      260,14/08/2019,08:26,B,172.168.1.8
      260,14/08/2019,08:26,B,172.168.1.8
      301,14/08/2019,08:39,B,172.168.1.8
      212,14/08/2019,08:41,B,172.168.1.8
      309,14/08/2019,08:46,B,172.168.1.8
      119,14/08/2019,08:48,B,172.168.1.8
      255,14/08/2019,08:49,B,172.168.1.8
      303,14/08/2019,08:50,B,172.168.1.8
      115,14/08/2019,08:51,B,172.168.1.8
       11,14/08/2019,08:51,B,172.168.1.8
       32,14/08/2019,08:55,B,172.168.1.8
      312,14/08/2019,08:56,B,172.168.1.8
       12,14/08/2019,08:56,B,172.168.1.8
      112,14/08/2019,08:58,B,172.168.1.8
      209,14/08/2019,08:59,B,172.168.1.8
      204,14/08/2019,08:59,B,172.168.1.8
      208,14/08/2019,08:59,B,172.168.1.8
      120,14/08/2019,08:59,B,172.168.1.8
       17,14/08/2019,09:01,B,172.168.1.8
       23,14/08/2019,09:02,B,172.168.1.8
      211,14/08/2019,09:03,B,172.168.1.8
       18,14/08/2019,09:12,B,172.168.1.8
       25,14/08/2019,09:13,B,172.168.1.8
      268,14/08/2019,09:17,B,172.168.1.8
       14,14/08/2019,09:21,B,172.168.1.8
       20,14/08/2019,09:21,B,172.168.1.8
      210,14/08/2019,09:26,B,172.168.1.8
       36,14/08/2019,09:28,B,172.168.1.8
        5,14/08/2019,09:30,B,172.168.1.8
      283,14/08/2019,09:35,B,172.168.1.8
      116,14/08/2019,09:35,B,172.168.1.8
      122,14/08/2019,09:37,B,172.168.1.8
      258,14/08/2019,09:47,B,172.168.1.8
      256,14/08/2019,09:47,B,172.168.1.8
       16,14/08/2019,09:48,B,172.168.1.8
      123,14/08/2019,09:49,B,172.168.1.8
      109,14/08/2019,09:51,B,172.168.1.8
      131,14/08/2019,09:54,B,172.168.1.8
      203,14/08/2019,09:56,B,172.168.1.8
      201,14/08/2019,09:56,B,172.168.1.8
      297,14/08/2019,09:57,B,172.168.1.8
      127,14/08/2019,09:58,B,172.168.1.8
      289,14/08/2019,09:58,B,172.168.1.8
      206,14/08/2019,10:02,B,172.168.1.8
        1,14/08/2019,10:08,B,172.168.1.8
      280,14/08/2019,10:08,B,172.168.1.8
      114,14/08/2019,10:09,B,172.168.1.8
      310,14/08/2019,10:14,B,172.168.1.8
       24,14/08/2019,10:16,B,172.168.1.8
      101,14/08/2019,10:16,B,172.168.1.8
       10,14/08/2019,10:17,B,172.168.1.8
        9,14/08/2019,10:21,B,172.168.1.8
      293,14/08/2019,10:24,B,172.168.1.8
      295,14/08/2019,10:38,B,172.168.1.8
       21,14/08/2019,10:38,B,172.168.1.8
      251,14/08/2019,10:41,B,172.168.1.8
      254,14/08/2019,10:42,B,172.168.1.8
      261,14/08/2019,10:45,B,172.168.1.8
        2,14/08/2019,10:46,B,172.168.1.8
       35,14/08/2019,11:07,B,172.168.1.8
       28,14/08/2019,11:07,B,172.168.1.8
       31,14/08/2019,11:16,B,172.168.1.8
       19,14/08/2019,11:22,B,172.168.1.8
      271,14/08/2019,11:24,B,172.168.1.8
       26,14/08/2019,11:26,B,172.168.1.8
       22,14/08/2019,11:30,B,172.168.1.8
        8,14/08/2019,11:33,B,172.168.1.8
       27,14/08/2019,11:57,B,172.168.1.8
      202,14/08/2019,12:17,B,172.168.1.8
      309,14/08/2019,12:45,B,172.168.1.8
      122,14/08/2019,12:53,B,172.168.1.8
       52,14/08/2019,13:02,B,172.168.1.8
      205,14/08/2019,13:11,B,172.168.1.8
      205,14/08/2019,13:11,B,172.168.1.8
      207,14/08/2019,13:22,B,172.168.1.8
      212,14/08/2019,13:22,B,172.168.1.8
      215,14/08/2019,13:23,B,172.168.1.8
      216,14/08/2019,13:23,B,172.168.1.8
      214,14/08/2019,13:49,B,172.168.1.8
      303,14/08/2019,14:00,B,172.168.1.8
      303,14/08/2019,14:00,B,172.168.1.8
      208,14/08/2019,14:04,B,172.168.1.8
      204,14/08/2019,14:09,B,172.168.1.8
       69,14/08/2019,14:11,B,172.168.1.8
      213,14/08/2019,14:11,B,172.168.1.8
      204,14/08/2019,14:11,B,172.168.1.8
      209,14/08/2019,14:13,B,172.168.1.8
      211,14/08/2019,14:20,B,172.168.1.8
       32,14/08/2019,14:29,B,172.168.1.8
      210,14/08/2019,14:31,B,172.168.1.8
      311,14/08/2019,14:45,B,172.168.1.8
       17,14/08/2019,14:51,B,172.168.1.8
      206,14/08/2019,14:54,B,172.168.1.8
        5,14/08/2019,14:55,B,172.168.1.8
      203,14/08/2019,14:55,B,172.168.1.8
      201,14/08/2019,14:56,B,172.168.1.8
       20,14/08/2019,15:03,B,172.168.1.8
      121,14/08/2019,15:19,B,172.168.1.8
       18,14/08/2019,15:20,B,172.168.1.8
       11,14/08/2019,15:21,B,172.168.1.8
      287,14/08/2019,15:33,B,172.168.1.8
       16,14/08/2019,15:40,B,172.168.1.8
      312,14/08/2019,15:41,B,172.168.1.8
       23,14/08/2019,15:47,B,172.168.1.8
      301,14/08/2019,15:56,B,172.168.1.8
      126,14/08/2019,15:59,B,172.168.1.8
      125,14/08/2019,16:00,B,172.168.1.8
      298,14/08/2019,16:01,B,172.168.1.8
      126,14/08/2019,16:02,B,172.168.1.8
      299,14/08/2019,16:02,B,172.168.1.8
       21,14/08/2019,16:06,B,172.168.1.8
        9,14/08/2019,16:06,B,172.168.1.8
       36,14/08/2019,16:14,B,172.168.1.8
       12,14/08/2019,16:25,B,172.168.1.8
      119,14/08/2019,16:27,B,172.168.1.8
       35,14/08/2019,16:31,B,172.168.1.8
       10,14/08/2019,16:39,B,172.168.1.8
       28,14/08/2019,16:42,B,172.168.1.8
       14,14/08/2019,16:43,B,172.168.1.8
       24,14/08/2019,16:49,B,172.168.1.8
        2,14/08/2019,16:55,B,172.168.1.8
       22,14/08/2019,16:55,B,172.168.1.8
       27,14/08/2019,16:56,B,172.168.1.8
        8,14/08/2019,17:00,B,172.168.1.8
       19,14/08/2019,17:00,B,172.168.1.8
       25,14/08/2019,17:01,B,172.168.1.8
       26,14/08/2019,17:05,B,172.168.1.8
      127,14/08/2019,17:08,B,172.168.1.8
      127,14/08/2019,17:10,B,172.168.1.8
      127,14/08/2019,17:10,B,172.168.1.8
      109,14/08/2019,17:10,B,172.168.1.8
      261,14/08/2019,17:14,B,172.168.1.8
      131,14/08/2019,17:15,B,172.168.1.8
      297,14/08/2019,17:16,B,172.168.1.8
      289,14/08/2019,17:17,B,172.168.1.8
      295,14/08/2019,17:19,B,172.168.1.8
      120,14/08/2019,17:20,B,172.168.1.8
      271,14/08/2019,17:20,B,172.168.1.8
      258,14/08/2019,17:22,B,172.168.1.8
      254,14/08/2019,17:26,B,172.168.1.8
      254,14/08/2019,17:30,B,172.168.1.8
      251,14/08/2019,17:30,B,172.168.1.8
      115,14/08/2019,17:30,B,172.168.1.8
        1,14/08/2019,17:32,B,172.168.1.8
      101,14/08/2019,17:34,B,172.168.1.8
      268,14/08/2019,17:35,B,172.168.1.8
      287,14/08/2019,17:41,B,172.168.1.8
      296,14/08/2019,17:42,B,172.168.1.8
      256,14/08/2019,17:54,B,172.168.1.8
      123,14/08/2019,17:56,B,172.168.1.8
      273,14/08/2019,18:02,B,172.168.1.8
      280,14/08/2019,18:03,B,172.168.1.8
      293,14/08/2019,18:05,B,172.168.1.8
      283,14/08/2019,18:05,B,172.168.1.8
      310,14/08/2019,18:05,B,172.168.1.8
      310,14/08/2019,18:06,B,172.168.1.8
      116,14/08/2019,18:07,B,172.168.1.8
      280,14/08/2019,18:07,B,172.168.1.8
      296,14/08/2019,18:08,B,172.168.1.8
      255,14/08/2019,18:15,B,172.168.1.8
      112,14/08/2019,19:31,B,172.168.1.8
      114,14/08/2019,20:47,B,172.168.1.8
      260,14/08/2019,20:48,B,172.168.1.8
      260,14/08/2019,20:48,B,172.168.1.8
      121,15/08/2019,07:57,B,172.168.1.8
      256,15/08/2019,08:00,B,172.168.1.8
      202,15/08/2019,08:00,B,172.168.1.8
       26,15/08/2019,08:03,B,172.168.1.8
       26,15/08/2019,08:03,B,172.168.1.8
      205,15/08/2019,08:08,B,172.168.1.8
      209,15/08/2019,08:08,B,172.168.1.8
      213,15/08/2019,08:08,B,172.168.1.8
      204,15/08/2019,08:09,B,172.168.1.8
      209,15/08/2019,08:09,B,172.168.1.8
       25,15/08/2019,08:09,B,172.168.1.8
      203,15/08/2019,08:09,B,172.168.1.8
      214,15/08/2019,08:11,B,172.168.1.8
       14,15/08/2019,08:12,B,172.168.1.8
       17,15/08/2019,08:13,B,172.168.1.8
       16,15/08/2019,08:13,B,172.168.1.8
       10,15/08/2019,08:16,B,172.168.1.8
      110,15/08/2019,08:16,B,172.168.1.8
       24,15/08/2019,08:19,B,172.168.1.8
       21,15/08/2019,08:19,B,172.168.1.8
      126,15/08/2019,08:19,B,172.168.1.8
      215,15/08/2019,08:19,B,172.168.1.8
       28,15/08/2019,08:21,B,172.168.1.8
      112,15/08/2019,08:39,B,172.168.1.8
      211,15/08/2019,08:41,B,172.168.1.8
      123,15/08/2019,08:49,B,172.168.1.8
       27,15/08/2019,08:50,B,172.168.1.8
       11,15/08/2019,08:59,B,172.168.1.8
      114,15/08/2019,08:59,B,172.168.1.8
       22,15/08/2019,10:13,B,172.168.1.8
       23,15/08/2019,10:13,B,172.168.1.8
      120,15/08/2019,10:22,B,172.168.1.8
      201,15/08/2019,10:22,B,172.168.1.8
      211,15/08/2019,10:22,B,172.168.1.8
      123,15/08/2019,10:22,B,172.168.1.8
       12,15/08/2019,10:27,B,172.168.1.8
        8,15/08/2019,10:30,B,172.168.1.8
      114,15/08/2019,10:30,B,172.168.1.8
      256,15/08/2019,10:30,B,172.168.1.8
        9,15/08/2019,10:31,B,172.168.1.8
      112,15/08/2019,10:31,B,172.168.1.8
      204,15/08/2019,10:32,B,172.168.1.8
       11,15/08/2019,10:32,B,172.168.1.8
        1,15/08/2019,10:32,B,172.168.1.8
      209,15/08/2019,10:33,B,172.168.1.8
      206,15/08/2019,10:33,B,172.168.1.8
      213,15/08/2019,10:33,B,172.168.1.8
      112,15/08/2019,10:38,B,172.168.1.8
      126,15/08/2019,17:35,B,172.168.1.8
      126,15/08/2019,17:40,B,172.168.1.8
      121,16/08/2019,06:42,B,172.168.1.8
      126,16/08/2019,07:18,B,172.168.1.8
      273,16/08/2019,07:20,B,172.168.1.8
      214,16/08/2019,07:28,B,172.168.1.8
      298,16/08/2019,07:51,B,172.168.1.8
      215,16/08/2019,07:52,B,172.168.1.8
      207,16/08/2019,07:55,B,172.168.1.8
      296,16/08/2019,07:59,B,172.168.1.8
      299,16/08/2019,08:00,B,172.168.1.8
      255,16/08/2019,08:02,B,172.168.1.8
      125,16/08/2019,08:05,B,172.168.1.8
      216,16/08/2019,08:12,B,172.168.1.8
      208,16/08/2019,08:18,B,172.168.1.8
      205,16/08/2019,08:19,B,172.168.1.8
       52,16/08/2019,08:21,B,172.168.1.8
      287,16/08/2019,08:24,B,172.168.1.8
      209,16/08/2019,08:27,B,172.168.1.8
      204,16/08/2019,08:27,B,172.168.1.8
      312,16/08/2019,08:28,B,172.168.1.8
       36,16/08/2019,08:30,B,172.168.1.8
       65,16/08/2019,08:31,B,172.168.1.8
      260,16/08/2019,08:36,B,172.168.1.8
       16,16/08/2019,08:44,B,172.168.1.8
      303,16/08/2019,08:48,B,172.168.1.8
       24,16/08/2019,08:49,B,172.168.1.8
      115,16/08/2019,08:55,B,172.168.1.8
      210,16/08/2019,08:55,B,172.168.1.8
      213,16/08/2019,08:59,B,172.168.1.8
       14,16/08/2019,09:03,B,172.168.1.8
       25,16/08/2019,09:06,B,172.168.1.8
       17,16/08/2019,09:15,B,172.168.1.8
       20,16/08/2019,09:19,B,172.168.1.8
       12,16/08/2019,09:19,B,172.168.1.8
       23,16/08/2019,09:24,B,172.168.1.8
       32,16/08/2019,09:26,B,172.168.1.8
      283,16/08/2019,09:31,B,172.168.1.8
      122,16/08/2019,09:31,B,172.168.1.8
      127,16/08/2019,09:33,B,172.168.1.8
      123,16/08/2019,09:33,B,172.168.1.8
      206,16/08/2019,09:34,B,172.168.1.8
      110,16/08/2019,09:38,B,172.168.1.8
        8,16/08/2019,09:38,B,172.168.1.8
      117,16/08/2019,09:44,B,172.168.1.8
       11,16/08/2019,09:53,B,172.168.1.8
      297,16/08/2019,09:56,B,172.168.1.8
      256,16/08/2019,09:59,B,172.168.1.8
      112,16/08/2019,10:02,B,172.168.1.8
      310,16/08/2019,10:04,B,172.168.1.8
      258,16/08/2019,10:04,B,172.168.1.8
       28,16/08/2019,10:06,B,172.168.1.8
      109,16/08/2019,10:07,B,172.168.1.8
       21,16/08/2019,10:07,B,172.168.1.8
      289,16/08/2019,10:08,B,172.168.1.8
      101,16/08/2019,10:10,B,172.168.1.8
       10,16/08/2019,10:10,B,172.168.1.8
        5,16/08/2019,10:10,B,172.168.1.8
      116,16/08/2019,10:11,B,172.168.1.8
      114,16/08/2019,10:15,B,172.168.1.8
      261,16/08/2019,10:16,B,172.168.1.8
      271,16/08/2019,10:18,B,172.168.1.8
       72,16/08/2019,10:22,B,172.168.1.8
      309,16/08/2019,10:22,B,172.168.1.8
      131,16/08/2019,10:26,B,172.168.1.8
      129,16/08/2019,10:26,B,172.168.1.8
      201,16/08/2019,10:26,B,172.168.1.8
      254,16/08/2019,10:31,B,172.168.1.8
       29,16/08/2019,10:31,B,172.168.1.8
      204,16/08/2019,10:31,B,172.168.1.8
      209,16/08/2019,10:32,B,172.168.1.8
      206,16/08/2019,10:32,B,172.168.1.8
        1,16/08/2019,10:32,B,172.168.1.8
      204,16/08/2019,10:32,B,172.168.1.8
      293,16/08/2019,10:35,B,172.168.1.8
        9,16/08/2019,10:37,B,172.168.1.8
       26,16/08/2019,10:38,B,172.168.1.8
      301,16/08/2019,10:40,B,172.168.1.8
      207,16/08/2019,10:46,B,172.168.1.8
       35,16/08/2019,11:05,B,172.168.1.8
        2,16/08/2019,11:08,B,172.168.1.8
       52,16/08/2019,11:09,B,172.168.1.8
       18,16/08/2019,11:15,B,172.168.1.8
      201,16/08/2019,11:17,B,172.168.1.8
      201,16/08/2019,11:17,B,172.168.1.8
       19,16/08/2019,11:28,B,172.168.1.8
       22,16/08/2019,11:42,B,172.168.1.8
       27,16/08/2019,11:58,B,172.168.1.8
      305,16/08/2019,12:01,B,172.168.1.8
      251,16/08/2019,12:22,B,172.168.1.8
      213,16/08/2019,12:25,B,172.168.1.8
       71,16/08/2019,12:28,B,172.168.1.8
      215,16/08/2019,12:44,B,172.168.1.8
      215,16/08/2019,12:48,B,172.168.1.8
      214,16/08/2019,12:48,B,172.168.1.8
      208,16/08/2019,13:18,B,172.168.1.8
      205,16/08/2019,13:20,B,172.168.1.8
      205,16/08/2019,13:20,B,172.168.1.8
      210,16/08/2019,14:09,B,172.168.1.8
      309,16/08/2019,14:12,B,172.168.1.8
       16,16/08/2019,14:54,B,172.168.1.8
      110,16/08/2019,15:02,B,172.168.1.8
      121,16/08/2019,15:03,B,172.168.1.8
      301,16/08/2019,15:07,B,172.168.1.8
      298,16/08/2019,15:19,B,172.168.1.8
      298,16/08/2019,15:20,B,172.168.1.8
       20,16/08/2019,15:21,B,172.168.1.8
      125,16/08/2019,15:32,B,172.168.1.8
       36,16/08/2019,15:43,B,172.168.1.8
       71,16/08/2019,15:44,B,172.168.1.8
       21,16/08/2019,15:44,B,172.168.1.8
      126,16/08/2019,15:51,B,172.168.1.8
       26,16/08/2019,15:55,B,172.168.1.8
      305,16/08/2019,15:56,B,172.168.1.8
       72,16/08/2019,15:57,B,172.168.1.8
       23,16/08/2019,16:04,B,172.168.1.8
      299,16/08/2019,16:04,B,172.168.1.8
      303,16/08/2019,16:08,B,172.168.1.8
       28,16/08/2019,16:29,B,172.168.1.8
       29,16/08/2019,16:31,B,172.168.1.8
      312,16/08/2019,16:33,B,172.168.1.8
      312,16/08/2019,16:33,B,172.168.1.8
       24,16/08/2019,16:40,B,172.168.1.8
       35,16/08/2019,16:53,B,172.168.1.8
       22,16/08/2019,16:55,B,172.168.1.8
       18,16/08/2019,16:56,B,172.168.1.8
       22,16/08/2019,16:57,B,172.168.1.8
       19,16/08/2019,16:59,B,172.168.1.8
       65,16/08/2019,16:59,B,172.168.1.8
      296,16/08/2019,17:01,B,172.168.1.8
       25,16/08/2019,17:03,B,172.168.1.8
       10,16/08/2019,17:04,B,172.168.1.8
       11,16/08/2019,17:04,B,172.168.1.8
        9,16/08/2019,17:05,B,172.168.1.8
      127,16/08/2019,17:09,B,172.168.1.8
        5,16/08/2019,17:09,B,172.168.1.8
      127,16/08/2019,17:11,B,172.168.1.8
       14,16/08/2019,17:12,B,172.168.1.8
        2,16/08/2019,17:13,B,172.168.1.8
      109,16/08/2019,17:13,B,172.168.1.8
      131,16/08/2019,17:16,B,172.168.1.8
      122,16/08/2019,17:20,B,172.168.1.8
      289,16/08/2019,17:20,B,172.168.1.8
      261,16/08/2019,17:20,B,172.168.1.8
      297,16/08/2019,17:20,B,172.168.1.8
      271,16/08/2019,17:24,B,172.168.1.8
       27,16/08/2019,17:27,B,172.168.1.8
      123,16/08/2019,17:30,B,172.168.1.8
      101,16/08/2019,17:30,B,172.168.1.8
      254,16/08/2019,17:31,B,172.168.1.8
      115,16/08/2019,17:31,B,172.168.1.8
      251,16/08/2019,17:32,B,172.168.1.8
      251,16/08/2019,17:32,B,172.168.1.8
      112,16/08/2019,17:36,B,172.168.1.8
      273,16/08/2019,17:36,B,172.168.1.8
      283,16/08/2019,17:37,B,172.168.1.8
        8,16/08/2019,17:37,B,172.168.1.8
       17,16/08/2019,17:37,B,172.168.1.8
       12,16/08/2019,17:37,B,172.168.1.8
      114,16/08/2019,17:37,B,172.168.1.8
      287,16/08/2019,17:38,B,172.168.1.8
       32,16/08/2019,17:40,B,172.168.1.8
      258,16/08/2019,17:53,B,172.168.1.8
      293,16/08/2019,17:58,B,172.168.1.8
      255,16/08/2019,18:01,B,172.168.1.8
      117,16/08/2019,18:10,B,172.168.1.8
      116,16/08/2019,18:11,B,172.168.1.8
      310,16/08/2019,18:13,B,172.168.1.8
      116,16/08/2019,18:14,B,172.168.1.8
      129,16/08/2019,18:44,B,172.168.1.8
      112,16/08/2019,20:41,B,172.168.1.8
      112,16/08/2019,20:45,B,172.168.1.8
      260,16/08/2019,20:45,B,172.168.1.8
      260,16/08/2019,20:46,B,172.168.1.8
      126,17/08/2019,09:27,B,172.168.1.8
      115,17/08/2019,09:34,B,172.168.1.8
      260,17/08/2019,09:38,B,172.168.1.8
      101,17/08/2019,10:44,B,172.168.1.8
      251,17/08/2019,11:05,B,172.168.1.8
      101,17/08/2019,15:47,B,172.168.1.8
      101,17/08/2019,15:47,B,172.168.1.8
      101,17/08/2019,15:55,B,172.168.1.8
      251,17/08/2019,15:55,B,172.168.1.8
      115,17/08/2019,15:55,B,172.168.1.8
      260,17/08/2019,19:34,B,172.168.1.8
      260,17/08/2019,19:36,B,172.168.1.8
      126,17/08/2019,20:25,B,172.168.1.8
      255,18/08/2019,08:06,B,172.168.1.8
      260,18/08/2019,08:35,B,172.168.1.8
      126,18/08/2019,09:39,B,172.168.1.8
      118,18/08/2019,13:48,B,172.168.1.8
      260,18/08/2019,13:51,B,172.168.1.8
      126,18/08/2019,14:53,B,172.168.1.8
      255,18/08/2019,18:01,B,172.168.1.8
      121,19/08/2019,06:40,B,172.168.1.8
      273,19/08/2019,07:20,B,172.168.1.8
      216,19/08/2019,07:36,B,172.168.1.8
      298,19/08/2019,07:48,B,172.168.1.8
      205,19/08/2019,07:55,B,172.168.1.8
      205,19/08/2019,07:55,B,172.168.1.8
      208,19/08/2019,07:56,B,172.168.1.8
      125,19/08/2019,07:57,B,172.168.1.8
      255,19/08/2019,08:00,B,172.168.1.8
      126,19/08/2019,08:05,B,172.168.1.8
      287,19/08/2019,08:06,B,172.168.1.8
      296,19/08/2019,08:09,B,172.168.1.8
      212,19/08/2019,08:15,B,172.168.1.8
      299,19/08/2019,08:17,B,172.168.1.8
      202,19/08/2019,08:22,B,172.168.1.8
      214,19/08/2019,08:25,B,172.168.1.8
      260,19/08/2019,08:25,B,172.168.1.8
      213,19/08/2019,08:28,B,172.168.1.8
      112,19/08/2019,08:35,B,172.168.1.8
       18,19/08/2019,08:40,B,172.168.1.8
       36,19/08/2019,08:47,B,172.168.1.8
       64,19/08/2019,08:48,B,172.168.1.8
      312,19/08/2019,08:49,B,172.168.1.8
       32,19/08/2019,08:52,B,172.168.1.8
      303,19/08/2019,08:57,B,172.168.1.8
       23,19/08/2019,09:00,B,172.168.1.8
      209,19/08/2019,09:00,B,172.168.1.8
      204,19/08/2019,09:00,B,172.168.1.8
      120,19/08/2019,09:03,B,172.168.1.8
       17,19/08/2019,09:04,B,172.168.1.8
       29,19/08/2019,09:04,B,172.168.1.8
       25,19/08/2019,09:07,B,172.168.1.8
      268,19/08/2019,09:12,B,172.168.1.8
       72,19/08/2019,09:16,B,172.168.1.8
       11,19/08/2019,09:17,B,172.168.1.8
      211,19/08/2019,09:23,B,172.168.1.8
      122,19/08/2019,09:24,B,172.168.1.8
       22,19/08/2019,09:27,B,172.168.1.8
       20,19/08/2019,09:34,B,172.168.1.8
      283,19/08/2019,09:37,B,172.168.1.8
        1,19/08/2019,09:39,B,172.168.1.8
      115,19/08/2019,09:41,B,172.168.1.8
      203,19/08/2019,09:44,B,172.168.1.8
      123,19/08/2019,09:47,B,172.168.1.8
      201,19/08/2019,09:47,B,172.168.1.8
      258,19/08/2019,09:51,B,172.168.1.8
      256,19/08/2019,09:51,B,172.168.1.8
      110,19/08/2019,09:52,B,172.168.1.8
      109,19/08/2019,09:52,B,172.168.1.8
       14,19/08/2019,09:53,B,172.168.1.8
      128,19/08/2019,09:54,B,172.168.1.8
      127,19/08/2019,09:56,B,172.168.1.8
      297,19/08/2019,09:57,B,172.168.1.8
      280,19/08/2019,10:01,B,172.168.1.8
      271,19/08/2019,10:03,B,172.168.1.8
      289,19/08/2019,10:03,B,172.168.1.8
      116,19/08/2019,10:04,B,172.168.1.8
      131,19/08/2019,10:04,B,172.168.1.8
      310,19/08/2019,10:04,B,172.168.1.8
       21,19/08/2019,10:05,B,172.168.1.8
       28,19/08/2019,10:05,B,172.168.1.8
      210,19/08/2019,10:08,B,172.168.1.8
      293,19/08/2019,10:15,B,172.168.1.8
      261,19/08/2019,10:15,B,172.168.1.8
      117,19/08/2019,10:15,B,172.168.1.8
      101,19/08/2019,10:17,B,172.168.1.8
        5,19/08/2019,10:17,B,172.168.1.8
       10,19/08/2019,10:17,B,172.168.1.8
      129,19/08/2019,10:28,B,172.168.1.8
      114,19/08/2019,10:30,B,172.168.1.8
      295,19/08/2019,10:35,B,172.168.1.8
      254,19/08/2019,10:38,B,172.168.1.8
      251,19/08/2019,10:44,B,172.168.1.8
        8,19/08/2019,11:09,B,172.168.1.8
       35,19/08/2019,11:11,B,172.168.1.8
       71,19/08/2019,11:16,B,172.168.1.8
        2,19/08/2019,11:25,B,172.168.1.8
       27,19/08/2019,11:26,B,172.168.1.8
       19,19/08/2019,11:32,B,172.168.1.8
      311,19/08/2019,11:40,B,172.168.1.8
       30,19/08/2019,11:46,B,172.168.1.8
       64,19/08/2019,12:13,B,172.168.1.8
      309,19/08/2019,12:20,B,172.168.1.8
      208,19/08/2019,12:58,B,172.168.1.8
      205,19/08/2019,13:03,B,172.168.1.8
      205,19/08/2019,13:03,B,172.168.1.8
      202,19/08/2019,13:17,B,172.168.1.8
      212,19/08/2019,13:19,B,172.168.1.8
      216,19/08/2019,13:19,B,172.168.1.8
       28,19/08/2019,13:33,B,172.168.1.8
      131,19/08/2019,13:59,B,172.168.1.8
      129,19/08/2019,13:59,B,172.168.1.8
      214,19/08/2019,14:00,B,172.168.1.8
      204,19/08/2019,14:01,B,172.168.1.8
      209,19/08/2019,14:02,B,172.168.1.8
      209,19/08/2019,14:02,B,172.168.1.8
       69,19/08/2019,14:06,B,172.168.1.8
       10,19/08/2019,14:09,B,172.168.1.8
      211,19/08/2019,14:27,B,172.168.1.8
      210,19/08/2019,14:33,B,172.168.1.8
      203,19/08/2019,14:46,B,172.168.1.8
      201,19/08/2019,14:46,B,172.168.1.8
       29,19/08/2019,14:48,B,172.168.1.8
       18,19/08/2019,14:49,B,172.168.1.8
      213,19/08/2019,15:08,B,172.168.1.8
       22,19/08/2019,15:11,B,172.168.1.8
      213,19/08/2019,15:11,B,172.168.1.8
      298,19/08/2019,15:12,B,172.168.1.8
      125,19/08/2019,15:44,B,172.168.1.8
      311,19/08/2019,15:52,B,172.168.1.8
      126,19/08/2019,15:57,B,172.168.1.8
      126,19/08/2019,16:00,B,172.168.1.8
       23,19/08/2019,16:00,B,172.168.1.8
      309,19/08/2019,16:00,B,172.168.1.8
      121,19/08/2019,16:07,B,172.168.1.8
       69,19/08/2019,16:08,B,172.168.1.8
      312,19/08/2019,16:12,B,172.168.1.8
      299,19/08/2019,16:18,B,172.168.1.8
        5,19/08/2019,16:25,B,172.168.1.8
       71,19/08/2019,16:39,B,172.168.1.8
       11,19/08/2019,16:45,B,172.168.1.8
       72,19/08/2019,16:49,B,172.168.1.8
      303,19/08/2019,16:50,B,172.168.1.8
        2,19/08/2019,16:53,B,172.168.1.8
       36,19/08/2019,16:56,B,172.168.1.8
       27,19/08/2019,17:00,B,172.168.1.8
       25,19/08/2019,17:00,B,172.168.1.8
       19,19/08/2019,17:02,B,172.168.1.8
      127,19/08/2019,17:05,B,172.168.1.8
       35,19/08/2019,17:09,B,172.168.1.8
      261,19/08/2019,17:12,B,172.168.1.8
      128,19/08/2019,17:15,B,172.168.1.8
      110,19/08/2019,17:15,B,172.168.1.8
      109,19/08/2019,17:15,B,172.168.1.8
      122,19/08/2019,17:15,B,172.168.1.8
      120,19/08/2019,17:15,B,172.168.1.8
      120,19/08/2019,17:15,B,172.168.1.8
      289,19/08/2019,17:15,B,172.168.1.8
      268,19/08/2019,17:17,B,172.168.1.8
      297,19/08/2019,17:18,B,172.168.1.8
      271,19/08/2019,17:18,B,172.168.1.8
      287,19/08/2019,17:18,B,172.168.1.8
      295,19/08/2019,17:19,B,172.168.1.8
      118,19/08/2019,17:20,B,172.168.1.8
      287,19/08/2019,17:21,B,172.168.1.8
       14,19/08/2019,17:22,B,172.168.1.8
       32,19/08/2019,17:23,B,172.168.1.8
      123,19/08/2019,17:24,B,172.168.1.8
      115,19/08/2019,17:35,B,172.168.1.8
      254,19/08/2019,17:35,B,172.168.1.8
      260,19/08/2019,17:36,B,172.168.1.8
      251,19/08/2019,17:37,B,172.168.1.8
        8,19/08/2019,17:38,B,172.168.1.8
       21,19/08/2019,17:40,B,172.168.1.8
       21,19/08/2019,17:40,B,172.168.1.8
      283,19/08/2019,17:43,B,172.168.1.8
      101,19/08/2019,17:45,B,172.168.1.8
      296,19/08/2019,17:46,B,172.168.1.8
      258,19/08/2019,17:49,B,172.168.1.8
      283,19/08/2019,17:49,B,172.168.1.8
      273,19/08/2019,17:52,B,172.168.1.8
       30,19/08/2019,17:54,B,172.168.1.8
      296,19/08/2019,18:00,B,172.168.1.8
      280,19/08/2019,18:05,B,172.168.1.8
      114,19/08/2019,18:05,B,172.168.1.8
      116,19/08/2019,18:07,B,172.168.1.8
      116,19/08/2019,18:09,B,172.168.1.8
      117,19/08/2019,18:09,B,172.168.1.8
      293,19/08/2019,18:10,B,172.168.1.8
      293,19/08/2019,18:12,B,172.168.1.8
        1,19/08/2019,18:18,B,172.168.1.8
      256,19/08/2019,18:28,B,172.168.1.8
      310,19/08/2019,18:47,B,172.168.1.8
      112,19/08/2019,18:52,B,172.168.1.8
      310,19/08/2019,18:53,B,172.168.1.8
      255,19/08/2019,20:31,B,172.168.1.8
      121,20/08/2019,06:39,B,172.168.1.8
      273,20/08/2019,07:13,B,172.168.1.8
      215,20/08/2019,07:51,B,172.168.1.8
      208,20/08/2019,07:54,B,172.168.1.8
      208,20/08/2019,07:54,B,172.168.1.8
      216,20/08/2019,07:56,B,172.168.1.8
      205,20/08/2019,08:04,B,172.168.1.8
      125,20/08/2019,08:07,B,172.168.1.8
      112,20/08/2019,08:08,B,172.168.1.8
      126,20/08/2019,08:12,B,172.168.1.8
      203,20/08/2019,08:16,B,172.168.1.8
       52,20/08/2019,08:23,B,172.168.1.8
      287,20/08/2019,08:25,B,172.168.1.8
      214,20/08/2019,08:26,B,172.168.1.8
      299,20/08/2019,08:26,B,172.168.1.8
      260,20/08/2019,08:27,B,172.168.1.8
      202,20/08/2019,08:33,B,172.168.1.8
       51,20/08/2019,08:34,B,172.168.1.8
      296,20/08/2019,08:34,B,172.168.1.8
      115,20/08/2019,08:48,B,172.168.1.8
      312,20/08/2019,08:49,B,172.168.1.8
      210,20/08/2019,08:51,B,172.168.1.8
      204,20/08/2019,08:53,B,172.168.1.8
       23,20/08/2019,08:53,B,172.168.1.8
      255,20/08/2019,08:54,B,172.168.1.8
       36,20/08/2019,09:03,B,172.168.1.8
      120,20/08/2019,09:05,B,172.168.1.8
       25,20/08/2019,09:07,B,172.168.1.8
       72,20/08/2019,09:11,B,172.168.1.8
       18,20/08/2019,09:11,B,172.168.1.8
      206,20/08/2019,09:13,B,172.168.1.8
       11,20/08/2019,09:23,B,172.168.1.8
       32,20/08/2019,09:24,B,172.168.1.8
        8,20/08/2019,09:24,B,172.168.1.8
      303,20/08/2019,09:25,B,172.168.1.8
      122,20/08/2019,09:29,B,172.168.1.8
      268,20/08/2019,09:31,B,172.168.1.8
      118,20/08/2019,09:37,B,172.168.1.8
       28,20/08/2019,09:38,B,172.168.1.8
      283,20/08/2019,09:39,B,172.168.1.8
      211,20/08/2019,09:42,B,172.168.1.8
       24,20/08/2019,09:43,B,172.168.1.8
      258,20/08/2019,09:44,B,172.168.1.8
      123,20/08/2019,09:44,B,172.168.1.8
       14,20/08/2019,09:45,B,172.168.1.8
       14,20/08/2019,09:45,B,172.168.1.8
      109,20/08/2019,09:48,B,172.168.1.8
      110,20/08/2019,09:48,B,172.168.1.8
      110,20/08/2019,09:48,B,172.168.1.8
      201,20/08/2019,09:53,B,172.168.1.8
      209,20/08/2019,09:56,B,172.168.1.8
      256,20/08/2019,09:57,B,172.168.1.8
      117,20/08/2019,09:58,B,172.168.1.8
      297,20/08/2019,09:58,B,172.168.1.8
      127,20/08/2019,09:59,B,172.168.1.8
      271,20/08/2019,10:06,B,172.168.1.8
      280,20/08/2019,10:06,B,172.168.1.8
      114,20/08/2019,10:06,B,172.168.1.8
      116,20/08/2019,10:06,B,172.168.1.8
      289,20/08/2019,10:08,B,172.168.1.8
      310,20/08/2019,10:11,B,172.168.1.8
      101,20/08/2019,10:12,B,172.168.1.8
       10,20/08/2019,10:23,B,172.168.1.8
      293,20/08/2019,10:25,B,172.168.1.8
      295,20/08/2019,10:26,B,172.168.1.8
       35,20/08/2019,10:28,B,172.168.1.8
      254,20/08/2019,10:28,B,172.168.1.8
       30,20/08/2019,10:32,B,172.168.1.8
        9,20/08/2019,10:41,B,172.168.1.8
        1,20/08/2019,10:42,B,172.168.1.8
       17,20/08/2019,10:45,B,172.168.1.8
      261,20/08/2019,10:47,B,172.168.1.8
      251,20/08/2019,10:50,B,172.168.1.8
       71,20/08/2019,11:09,B,172.168.1.8
       27,20/08/2019,11:14,B,172.168.1.8
        2,20/08/2019,11:18,B,172.168.1.8
        5,20/08/2019,11:20,B,172.168.1.8
       19,20/08/2019,11:30,B,172.168.1.8
       29,20/08/2019,11:38,B,172.168.1.8
       52,20/08/2019,11:44,B,172.168.1.8
      305,20/08/2019,12:00,B,172.168.1.8
      215,20/08/2019,12:44,B,172.168.1.8
      216,20/08/2019,12:44,B,172.168.1.8
      128,20/08/2019,13:06,B,172.168.1.8
       65,20/08/2019,13:06,B,172.168.1.8
      205,20/08/2019,13:08,B,172.168.1.8
      205,20/08/2019,13:08,B,172.168.1.8
      256,20/08/2019,13:14,B,172.168.1.8
       28,20/08/2019,13:30,B,172.168.1.8
      203,20/08/2019,13:39,B,172.168.1.8
      202,20/08/2019,13:39,B,172.168.1.8
      311,20/08/2019,13:44,B,172.168.1.8
      208,20/08/2019,13:46,B,172.168.1.8
      214,20/08/2019,14:00,B,172.168.1.8
      210,20/08/2019,14:01,B,172.168.1.8
      211,20/08/2019,14:05,B,172.168.1.8
      204,20/08/2019,14:07,B,172.168.1.8
      204,20/08/2019,14:09,B,172.168.1.8
      209,20/08/2019,14:10,B,172.168.1.8
      206,20/08/2019,14:11,B,172.168.1.8
      258,20/08/2019,14:12,B,172.168.1.8
       72,20/08/2019,14:18,B,172.168.1.8
      201,20/08/2019,14:28,B,172.168.1.8
      128,20/08/2019,14:41,B,172.168.1.8
      121,20/08/2019,15:07,B,172.168.1.8
       21,20/08/2019,15:09,B,172.168.1.8
       10,20/08/2019,15:34,B,172.168.1.8
      125,20/08/2019,15:39,B,172.168.1.8
      303,20/08/2019,15:39,B,172.168.1.8
       24,20/08/2019,15:43,B,172.168.1.8
      305,20/08/2019,15:47,B,172.168.1.8
       20,20/08/2019,15:48,B,172.168.1.8
      312,20/08/2019,15:52,B,172.168.1.8
      126,20/08/2019,16:05,B,172.168.1.8
       18,20/08/2019,16:08,B,172.168.1.8
        9,20/08/2019,16:11,B,172.168.1.8
       23,20/08/2019,16:26,B,172.168.1.8
       65,20/08/2019,16:30,B,172.168.1.8
      299,20/08/2019,16:31,B,172.168.1.8
        5,20/08/2019,16:35,B,172.168.1.8
       36,20/08/2019,16:45,B,172.168.1.8
        2,20/08/2019,16:47,B,172.168.1.8
      311,20/08/2019,16:48,B,172.168.1.8
       71,20/08/2019,16:51,B,172.168.1.8
        8,20/08/2019,16:54,B,172.168.1.8
       11,20/08/2019,16:57,B,172.168.1.8
       35,20/08/2019,16:57,B,172.168.1.8
       14,20/08/2019,17:00,B,172.168.1.8
       19,20/08/2019,17:00,B,172.168.1.8
       21,20/08/2019,17:01,B,172.168.1.8
       25,20/08/2019,17:01,B,172.168.1.8
      127,20/08/2019,17:10,B,172.168.1.8
       21,20/08/2019,17:15,B,172.168.1.8
      127,20/08/2019,17:15,B,172.168.1.8
      110,20/08/2019,17:16,B,172.168.1.8
      261,20/08/2019,17:16,B,172.168.1.8
      109,20/08/2019,17:16,B,172.168.1.8
      122,20/08/2019,17:17,B,172.168.1.8
      289,20/08/2019,17:19,B,172.168.1.8
       29,20/08/2019,17:20,B,172.168.1.8
      120,20/08/2019,17:20,B,172.168.1.8
      271,20/08/2019,17:21,B,172.168.1.8
      297,20/08/2019,17:23,B,172.168.1.8
      295,20/08/2019,17:23,B,172.168.1.8
      254,20/08/2019,17:27,B,172.168.1.8
      254,20/08/2019,17:30,B,172.168.1.8
      251,20/08/2019,17:30,B,172.168.1.8
      115,20/08/2019,17:30,B,172.168.1.8
      118,20/08/2019,17:30,B,172.168.1.8
      268,20/08/2019,17:31,B,172.168.1.8
       27,20/08/2019,17:32,B,172.168.1.8
      287,20/08/2019,17:36,B,172.168.1.8
      268,20/08/2019,17:36,B,172.168.1.8
       30,20/08/2019,17:45,B,172.168.1.8
       17,20/08/2019,17:50,B,172.168.1.8
      273,20/08/2019,17:53,B,172.168.1.8
      101,20/08/2019,17:54,B,172.168.1.8
      114,20/08/2019,17:55,B,172.168.1.8
      296,20/08/2019,18:00,B,172.168.1.8
      283,20/08/2019,18:09,B,172.168.1.8
       32,20/08/2019,18:09,B,172.168.1.8
      116,20/08/2019,18:10,B,172.168.1.8
       58,20/08/2019,18:10,B,172.168.1.8
      293,20/08/2019,18:20,B,172.168.1.8
      280,20/08/2019,18:20,B,172.168.1.8
      255,20/08/2019,18:21,B,172.168.1.8
      310,20/08/2019,18:21,B,172.168.1.8
        1,20/08/2019,19:31,B,172.168.1.8
      112,20/08/2019,19:35,B,172.168.1.8
      260,20/08/2019,19:37,B,172.168.1.8
      260,20/08/2019,19:37,B,172.168.1.8
      112,20/08/2019,19:37,B,172.168.1.8
      123,20/08/2019,20:40,B,172.168.1.8
      121,21/08/2019,06:41,B,172.168.1.8
      126,21/08/2019,07:11,B,172.168.1.8
      273,21/08/2019,07:20,B,172.168.1.8
      298,21/08/2019,07:22,B,172.168.1.8
      215,21/08/2019,07:47,B,172.168.1.8
      202,21/08/2019,07:57,B,172.168.1.8
      255,21/08/2019,07:59,B,172.168.1.8
      216,21/08/2019,08:00,B,172.168.1.8
      213,21/08/2019,08:01,B,172.168.1.8
      125,21/08/2019,08:04,B,172.168.1.8
      205,21/08/2019,08:05,B,172.168.1.8
      112,21/08/2019,08:11,B,172.168.1.8
      301,21/08/2019,08:14,B,172.168.1.8
      212,21/08/2019,08:15,B,172.168.1.8
      296,21/08/2019,08:15,B,172.168.1.8
      260,21/08/2019,08:28,B,172.168.1.8
      214,21/08/2019,08:34,B,172.168.1.8
      299,21/08/2019,08:39,B,172.168.1.8
       52,21/08/2019,08:39,B,172.168.1.8
      312,21/08/2019,08:43,B,172.168.1.8
      303,21/08/2019,08:46,B,172.168.1.8
      118,21/08/2019,08:48,B,172.168.1.8
      309,21/08/2019,08:48,B,172.168.1.8
      120,21/08/2019,08:51,B,172.168.1.8
       36,21/08/2019,08:52,B,172.168.1.8
      208,21/08/2019,08:54,B,172.168.1.8
      115,21/08/2019,08:55,B,172.168.1.8
       32,21/08/2019,08:56,B,172.168.1.8
      204,21/08/2019,08:57,B,172.168.1.8
       11,21/08/2019,08:58,B,172.168.1.8
       14,21/08/2019,09:03,B,172.168.1.8
      210,21/08/2019,09:03,B,172.168.1.8
      209,21/08/2019,09:05,B,172.168.1.8
       23,21/08/2019,09:06,B,172.168.1.8
       17,21/08/2019,09:06,B,172.168.1.8
      211,21/08/2019,09:09,B,172.168.1.8
       25,21/08/2019,09:13,B,172.168.1.8
      268,21/08/2019,09:15,B,172.168.1.8
      287,21/08/2019,09:18,B,172.168.1.8
       12,21/08/2019,09:19,B,172.168.1.8
      122,21/08/2019,09:23,B,172.168.1.8
       72,21/08/2019,09:24,B,172.168.1.8
      283,21/08/2019,09:35,B,172.168.1.8
       20,21/08/2019,09:45,B,172.168.1.8
        5,21/08/2019,09:49,B,172.168.1.8
      258,21/08/2019,09:50,B,172.168.1.8
      109,21/08/2019,09:50,B,172.168.1.8
      206,21/08/2019,09:50,B,172.168.1.8
      280,21/08/2019,09:50,B,172.168.1.8
      110,21/08/2019,09:51,B,172.168.1.8
      117,21/08/2019,09:57,B,172.168.1.8
      127,21/08/2019,09:58,B,172.168.1.8
      256,21/08/2019,09:58,B,172.168.1.8
      297,21/08/2019,09:59,B,172.168.1.8
       28,21/08/2019,09:59,B,172.168.1.8
      289,21/08/2019,09:59,B,172.168.1.8
      203,21/08/2019,10:04,B,172.168.1.8
      310,21/08/2019,10:11,B,172.168.1.8
       30,21/08/2019,10:13,B,172.168.1.8
       24,21/08/2019,10:13,B,172.168.1.8
      116,21/08/2019,10:14,B,172.168.1.8
       21,21/08/2019,10:16,B,172.168.1.8
      293,21/08/2019,10:17,B,172.168.1.8
      114,21/08/2019,10:23,B,172.168.1.8
        1,21/08/2019,10:25,B,172.168.1.8
      201,21/08/2019,10:25,B,172.168.1.8
      129,21/08/2019,10:32,B,172.168.1.8
      261,21/08/2019,10:34,B,172.168.1.8
      295,21/08/2019,10:34,B,172.168.1.8
      254,21/08/2019,10:35,B,172.168.1.8
       10,21/08/2019,10:43,B,172.168.1.8
        9,21/08/2019,10:45,B,172.168.1.8
      251,21/08/2019,10:48,B,172.168.1.8
       16,21/08/2019,11:11,B,172.168.1.8
      123,21/08/2019,11:12,B,172.168.1.8
        2,21/08/2019,11:15,B,172.168.1.8
       22,21/08/2019,11:20,B,172.168.1.8
      271,21/08/2019,11:26,B,172.168.1.8
       19,21/08/2019,11:27,B,172.168.1.8
       27,21/08/2019,11:28,B,172.168.1.8
       29,21/08/2019,11:57,B,172.168.1.8
      215,21/08/2019,12:01,B,172.168.1.8
      122,21/08/2019,12:12,B,172.168.1.8
      258,21/08/2019,12:48,B,172.168.1.8
      309,21/08/2019,12:52,B,172.168.1.8
      110,21/08/2019,13:02,B,172.168.1.8
      202,21/08/2019,13:07,B,172.168.1.8
      205,21/08/2019,13:10,B,172.168.1.8
       31,21/08/2019,13:15,B,172.168.1.8
      212,21/08/2019,13:17,B,172.168.1.8
      216,21/08/2019,13:17,B,172.168.1.8
      214,21/08/2019,13:35,B,172.168.1.8
       69,21/08/2019,13:57,B,172.168.1.8
      208,21/08/2019,13:58,B,172.168.1.8
       64,21/08/2019,14:01,B,172.168.1.8
      311,21/08/2019,14:01,B,172.168.1.8
      210,21/08/2019,14:04,B,172.168.1.8
      204,21/08/2019,14:07,B,172.168.1.8
      209,21/08/2019,14:07,B,172.168.1.8
      213,21/08/2019,14:07,B,172.168.1.8
      128,21/08/2019,14:09,B,172.168.1.8
      211,21/08/2019,14:09,B,172.168.1.8
      101,21/08/2019,14:11,B,172.168.1.8
       36,21/08/2019,14:13,B,172.168.1.8
      126,21/08/2019,14:21,B,172.168.1.8
       28,21/08/2019,14:38,B,172.168.1.8
      206,21/08/2019,14:52,B,172.168.1.8
      203,21/08/2019,15:10,B,172.168.1.8
      201,21/08/2019,15:10,B,172.168.1.8
      298,21/08/2019,15:15,B,172.168.1.8
       20,21/08/2019,15:21,B,172.168.1.8
      121,21/08/2019,15:22,B,172.168.1.8
      301,21/08/2019,15:37,B,172.168.1.8
       69,21/08/2019,15:45,B,172.168.1.8
       64,21/08/2019,15:49,B,172.168.1.8
        5,21/08/2019,15:52,B,172.168.1.8
       72,21/08/2019,15:57,B,172.168.1.8
      125,21/08/2019,16:00,B,172.168.1.8
        9,21/08/2019,16:24,B,172.168.1.8
       27,21/08/2019,16:25,B,172.168.1.8
      109,21/08/2019,16:30,B,172.168.1.8
       23,21/08/2019,16:31,B,172.168.1.8
      299,21/08/2019,16:34,B,172.168.1.8
       16,21/08/2019,16:43,B,172.168.1.8
      312,21/08/2019,16:59,B,172.168.1.8
       25,21/08/2019,17:01,B,172.168.1.8
       19,21/08/2019,17:01,B,172.168.1.8
       22,21/08/2019,17:02,B,172.168.1.8
       12,21/08/2019,17:07,B,172.168.1.8
        2,21/08/2019,17:07,B,172.168.1.8
      261,21/08/2019,17:12,B,172.168.1.8
      127,21/08/2019,17:14,B,172.168.1.8
      268,21/08/2019,17:15,B,172.168.1.8
      289,21/08/2019,17:16,B,172.168.1.8
       29,21/08/2019,17:18,B,172.168.1.8
      120,21/08/2019,17:20,B,172.168.1.8
      118,21/08/2019,17:20,B,172.168.1.8
       24,21/08/2019,17:22,B,172.168.1.8
      271,21/08/2019,17:22,B,172.168.1.8
      297,21/08/2019,17:23,B,172.168.1.8
      271,21/08/2019,17:23,B,172.168.1.8
       10,21/08/2019,17:25,B,172.168.1.8
      254,21/08/2019,17:28,B,172.168.1.8
       14,21/08/2019,17:29,B,172.168.1.8
       17,21/08/2019,17:30,B,172.168.1.8
       32,21/08/2019,17:30,B,172.168.1.8
        1,21/08/2019,17:31,B,172.168.1.8
      283,21/08/2019,17:34,B,172.168.1.8
       11,21/08/2019,17:39,B,172.168.1.8
      287,21/08/2019,17:41,B,172.168.1.8
      123,21/08/2019,17:43,B,172.168.1.8
      256,21/08/2019,17:50,B,172.168.1.8
      273,21/08/2019,17:57,B,172.168.1.8
       30,21/08/2019,17:58,B,172.168.1.8
      280,21/08/2019,18:01,B,172.168.1.8
      296,21/08/2019,18:01,B,172.168.1.8
      117,21/08/2019,18:02,B,172.168.1.8
      116,21/08/2019,18:03,B,172.168.1.8
      293,21/08/2019,18:04,B,172.168.1.8
      296,21/08/2019,18:17,B,172.168.1.8
      114,21/08/2019,18:30,B,172.168.1.8
      112,21/08/2019,18:36,B,172.168.1.8
      295,21/08/2019,18:37,B,172.168.1.8
      280,21/08/2019,18:37,B,172.168.1.8
      112,21/08/2019,18:41,B,172.168.1.8
      129,21/08/2019,18:54,B,172.168.1.8
      128,21/08/2019,19:00,B,172.168.1.8
      129,21/08/2019,19:00,B,172.168.1.8
      310,21/08/2019,19:00,B,172.168.1.8
      115,21/08/2019,19:20,B,172.168.1.8
      101,21/08/2019,19:20,B,172.168.1.8
      251,21/08/2019,19:21,B,172.168.1.8
      260,21/08/2019,20:33,B,172.168.1.8
      255,21/08/2019,20:33,B,172.168.1.8
      121,22/08/2019,06:46,B,172.168.1.8
      273,22/08/2019,07:16,B,172.168.1.8
      125,22/08/2019,07:31,B,172.168.1.8
      215,22/08/2019,07:42,B,172.168.1.8
      202,22/08/2019,07:52,B,172.168.1.8
      299,22/08/2019,07:57,B,172.168.1.8
      255,22/08/2019,07:57,B,172.168.1.8
      216,22/08/2019,08:01,B,172.168.1.8
      212,22/08/2019,08:02,B,172.168.1.8
      287,22/08/2019,08:04,B,172.168.1.8
      296,22/08/2019,08:06,B,172.168.1.8
      112,22/08/2019,08:13,B,172.168.1.8
       65,22/08/2019,08:18,B,172.168.1.8
       52,22/08/2019,08:27,B,172.168.1.8
      260,22/08/2019,08:27,B,172.168.1.8
      126,22/08/2019,08:28,B,172.168.1.8
      204,22/08/2019,08:34,B,172.168.1.8
      301,22/08/2019,08:35,B,172.168.1.8
      214,22/08/2019,08:37,B,172.168.1.8
      312,22/08/2019,08:42,B,172.168.1.8
      303,22/08/2019,08:44,B,172.168.1.8
      309,22/08/2019,08:44,B,172.168.1.8
       11,22/08/2019,08:47,B,172.168.1.8
      115,22/08/2019,08:47,B,172.168.1.8
       36,22/08/2019,08:48,B,172.168.1.8
       14,22/08/2019,08:52,B,172.168.1.8
      120,22/08/2019,08:59,B,172.168.1.8
      213,22/08/2019,09:03,B,172.168.1.8
      211,22/08/2019,09:08,B,172.168.1.8
       25,22/08/2019,09:09,B,172.168.1.8
      203,22/08/2019,09:13,B,172.168.1.8
      122,22/08/2019,09:20,B,172.168.1.8
      268,22/08/2019,09:27,B,172.168.1.8
       20,22/08/2019,09:28,B,172.168.1.8
      201,22/08/2019,09:34,B,172.168.1.8
       32,22/08/2019,09:39,B,172.168.1.8
      280,22/08/2019,09:49,B,172.168.1.8
        9,22/08/2019,09:50,B,172.168.1.8
       23,22/08/2019,09:50,B,172.168.1.8
      127,22/08/2019,09:51,B,172.168.1.8
      283,22/08/2019,09:51,B,172.168.1.8
      117,22/08/2019,09:52,B,172.168.1.8
       29,22/08/2019,09:52,B,172.168.1.8
      206,22/08/2019,09:55,B,172.168.1.8
      271,22/08/2019,09:57,B,172.168.1.8
      128,22/08/2019,09:57,B,172.168.1.8
      256,22/08/2019,09:57,B,172.168.1.8
      289,22/08/2019,09:58,B,172.168.1.8
      109,22/08/2019,09:58,B,172.168.1.8
      110,22/08/2019,09:58,B,172.168.1.8
      110,22/08/2019,09:58,B,172.168.1.8
      114,22/08/2019,09:59,B,172.168.1.8
      123,22/08/2019,10:00,B,172.168.1.8
      297,22/08/2019,10:00,B,172.168.1.8
      116,22/08/2019,10:05,B,172.168.1.8
      310,22/08/2019,10:10,B,172.168.1.8
      295,22/08/2019,10:10,B,172.168.1.8
       72,22/08/2019,10:17,B,172.168.1.8
        5,22/08/2019,10:18,B,172.168.1.8
       10,22/08/2019,10:18,B,172.168.1.8
       30,22/08/2019,10:23,B,172.168.1.8
      254,22/08/2019,10:29,B,172.168.1.8
      101,22/08/2019,10:31,B,172.168.1.8
      261,22/08/2019,10:33,B,172.168.1.8
      293,22/08/2019,10:40,B,172.168.1.8
       26,22/08/2019,10:40,B,172.168.1.8
      129,22/08/2019,10:48,B,172.168.1.8
      258,22/08/2019,10:49,B,172.168.1.8
      251,22/08/2019,10:49,B,172.168.1.8
       35,22/08/2019,10:49,B,172.168.1.8
       21,22/08/2019,10:49,B,172.168.1.8
        2,22/08/2019,11:06,B,172.168.1.8
       28,22/08/2019,11:10,B,172.168.1.8
       16,22/08/2019,11:11,B,172.168.1.8
       27,22/08/2019,11:15,B,172.168.1.8
       22,22/08/2019,11:17,B,172.168.1.8
       24,22/08/2019,11:29,B,172.168.1.8
       19,22/08/2019,11:30,B,172.168.1.8
      305,22/08/2019,11:48,B,172.168.1.8
      215,22/08/2019,12:04,B,172.168.1.8
       12,22/08/2019,12:37,B,172.168.1.8
      202,22/08/2019,12:55,B,172.168.1.8
      216,22/08/2019,13:00,B,172.168.1.8
      212,22/08/2019,13:00,B,172.168.1.8
      204,22/08/2019,13:36,B,172.168.1.8
      213,22/08/2019,14:00,B,172.168.1.8
      214,22/08/2019,14:00,B,172.168.1.8
      211,22/08/2019,14:10,B,172.168.1.8
      203,22/08/2019,14:12,B,172.168.1.8
      201,22/08/2019,14:37,B,172.168.1.8
       36,22/08/2019,14:40,B,172.168.1.8
       64,22/08/2019,14:47,B,172.168.1.8
      312,22/08/2019,14:50,B,172.168.1.8
      303,22/08/2019,14:51,B,172.168.1.8
      309,22/08/2019,14:51,B,172.168.1.8
      125,22/08/2019,14:52,B,172.168.1.8
      206,22/08/2019,14:54,B,172.168.1.8
      298,22/08/2019,14:59,B,172.168.1.8
      301,22/08/2019,15:18,B,172.168.1.8
      121,22/08/2019,15:18,B,172.168.1.8
       10,22/08/2019,15:25,B,172.168.1.8
       20,22/08/2019,15:32,B,172.168.1.8
       72,22/08/2019,15:33,B,172.168.1.8
        5,22/08/2019,15:35,B,172.168.1.8
       35,22/08/2019,15:48,B,172.168.1.8
       23,22/08/2019,15:48,B,172.168.1.8
      305,22/08/2019,15:48,B,172.168.1.8
      109,22/08/2019,16:14,B,172.168.1.8
       26,22/08/2019,16:15,B,172.168.1.8
      114,22/08/2019,16:18,B,172.168.1.8
      273,22/08/2019,16:20,B,172.168.1.8
       64,22/08/2019,16:22,B,172.168.1.8
      299,22/08/2019,16:25,B,172.168.1.8
       11,22/08/2019,16:25,B,172.168.1.8
       27,22/08/2019,16:38,B,172.168.1.8
       12,22/08/2019,16:44,B,172.168.1.8
        2,22/08/2019,16:44,B,172.168.1.8
       22,22/08/2019,16:44,B,172.168.1.8
       22,22/08/2019,16:45,B,172.168.1.8
       21,22/08/2019,16:46,B,172.168.1.8
       28,22/08/2019,16:49,B,172.168.1.8
       16,22/08/2019,16:56,B,172.168.1.8
       24,22/08/2019,17:00,B,172.168.1.8
       25,22/08/2019,17:01,B,172.168.1.8
        9,22/08/2019,17:03,B,172.168.1.8
       19,22/08/2019,17:07,B,172.168.1.8
      127,22/08/2019,17:12,B,172.168.1.8
      110,22/08/2019,17:15,B,172.168.1.8
      122,22/08/2019,17:16,B,172.168.1.8
      261,22/08/2019,17:19,B,172.168.1.8
      289,22/08/2019,17:19,B,172.168.1.8
      271,22/08/2019,17:20,B,172.168.1.8
      297,22/08/2019,17:20,B,172.168.1.8
      120,22/08/2019,17:21,B,172.168.1.8
       65,22/08/2019,17:26,B,172.168.1.8
      268,22/08/2019,17:27,B,172.168.1.8
      254,22/08/2019,17:31,B,172.168.1.8
      258,22/08/2019,17:31,B,172.168.1.8
       29,22/08/2019,17:32,B,172.168.1.8
       29,22/08/2019,17:33,B,172.168.1.8
       14,22/08/2019,17:38,B,172.168.1.8
      123,22/08/2019,17:46,B,172.168.1.8
      256,22/08/2019,17:51,B,172.168.1.8
      123,22/08/2019,17:51,B,172.168.1.8
      255,22/08/2019,18:00,B,172.168.1.8
      280,22/08/2019,18:00,B,172.168.1.8
      283,22/08/2019,18:02,B,172.168.1.8
      296,22/08/2019,18:03,B,172.168.1.8
       30,22/08/2019,18:04,B,172.168.1.8
      117,22/08/2019,18:09,B,172.168.1.8
      116,22/08/2019,18:10,B,172.168.1.8
      287,22/08/2019,18:10,B,172.168.1.8
      296,22/08/2019,18:10,B,172.168.1.8
      117,22/08/2019,18:11,B,172.168.1.8
      116,22/08/2019,18:11,B,172.168.1.8
      293,22/08/2019,18:20,B,172.168.1.8
      115,22/08/2019,18:22,B,172.168.1.8
      251,22/08/2019,18:22,B,172.168.1.8
      118,22/08/2019,18:38,B,172.168.1.8
      295,22/08/2019,18:39,B,172.168.1.8
      129,22/08/2019,18:39,B,172.168.1.8
      310,22/08/2019,18:39,B,172.168.1.8
      128,22/08/2019,18:42,B,172.168.1.8
      112,22/08/2019,20:16,B,172.168.1.8
      112,22/08/2019,20:26,B,172.168.1.8
      260,22/08/2019,20:26,B,172.168.1.8
      126,22/08/2019,20:26,B,172.168.1.8
      112,22/08/2019,20:26,B,172.168.1.8
      121,23/08/2019,06:36,B,172.168.1.8
      214,23/08/2019,07:13,B,172.168.1.8
      273,23/08/2019,07:20,B,172.168.1.8
      125,23/08/2019,07:26,B,172.168.1.8
      298,23/08/2019,07:45,B,172.168.1.8
       26,23/08/2019,07:50,B,172.168.1.8
      299,23/08/2019,07:54,B,172.168.1.8
      216,23/08/2019,07:58,B,172.168.1.8
      215,23/08/2019,07:58,B,172.168.1.8
      211,23/08/2019,08:03,B,172.168.1.8
      208,23/08/2019,08:12,B,172.168.1.8
       65,23/08/2019,08:13,B,172.168.1.8
      296,23/08/2019,08:15,B,172.168.1.8
      202,23/08/2019,08:16,B,172.168.1.8
      205,23/08/2019,08:17,B,172.168.1.8
      212,23/08/2019,08:18,B,172.168.1.8
       16,23/08/2019,08:29,B,172.168.1.8
       52,23/08/2019,08:29,B,172.168.1.8
      260,23/08/2019,08:32,B,172.168.1.8
      204,23/08/2019,08:34,B,172.168.1.8
      126,23/08/2019,08:35,B,172.168.1.8
      112,23/08/2019,08:38,B,172.168.1.8
       36,23/08/2019,08:44,B,172.168.1.8
      303,23/08/2019,08:44,B,172.168.1.8
      115,23/08/2019,08:49,B,172.168.1.8
      312,23/08/2019,08:50,B,172.168.1.8
       24,23/08/2019,08:51,B,172.168.1.8
       64,23/08/2019,08:53,B,172.168.1.8
      120,23/08/2019,08:56,B,172.168.1.8
      209,23/08/2019,08:58,B,172.168.1.8
      213,23/08/2019,08:58,B,172.168.1.8
       23,23/08/2019,08:58,B,172.168.1.8
       12,23/08/2019,08:58,B,172.168.1.8
      287,23/08/2019,08:59,B,172.168.1.8
       11,23/08/2019,09:01,B,172.168.1.8
       25,23/08/2019,09:06,B,172.168.1.8
       17,23/08/2019,09:09,B,172.168.1.8
      118,23/08/2019,09:13,B,172.168.1.8
      210,23/08/2019,09:20,B,172.168.1.8
      122,23/08/2019,09:22,B,172.168.1.8
      203,23/08/2019,09:25,B,172.168.1.8
      268,23/08/2019,09:29,B,172.168.1.8
       32,23/08/2019,09:30,B,172.168.1.8
      110,23/08/2019,09:38,B,172.168.1.8
      117,23/08/2019,09:39,B,172.168.1.8
      123,23/08/2019,09:41,B,172.168.1.8
      127,23/08/2019,09:42,B,172.168.1.8
      206,23/08/2019,09:47,B,172.168.1.8
      128,23/08/2019,09:48,B,172.168.1.8
       14,23/08/2019,09:48,B,172.168.1.8
        9,23/08/2019,09:52,B,172.168.1.8
       20,23/08/2019,09:53,B,172.168.1.8
       30,23/08/2019,09:54,B,172.168.1.8
      289,23/08/2019,09:55,B,172.168.1.8
      131,23/08/2019,09:58,B,172.168.1.8
      310,23/08/2019,09:58,B,172.168.1.8
      297,23/08/2019,10:00,B,172.168.1.8
        8,23/08/2019,10:01,B,172.168.1.8
      258,23/08/2019,10:02,B,172.168.1.8
      256,23/08/2019,10:03,B,172.168.1.8
      280,23/08/2019,10:04,B,172.168.1.8
       72,23/08/2019,10:07,B,172.168.1.8
      295,23/08/2019,10:12,B,172.168.1.8
      293,23/08/2019,10:16,B,172.168.1.8
      301,23/08/2019,10:17,B,172.168.1.8
      114,23/08/2019,10:24,B,172.168.1.8
        1,23/08/2019,10:24,B,172.168.1.8
      116,23/08/2019,10:27,B,172.168.1.8
        5,23/08/2019,10:29,B,172.168.1.8
       10,23/08/2019,10:29,B,172.168.1.8
       29,23/08/2019,10:29,B,172.168.1.8
      309,23/08/2019,10:36,B,172.168.1.8
      101,23/08/2019,10:37,B,172.168.1.8
      254,23/08/2019,10:42,B,172.168.1.8
      201,23/08/2019,10:44,B,172.168.1.8
      261,23/08/2019,10:46,B,172.168.1.8
       21,23/08/2019,10:49,B,172.168.1.8
      251,23/08/2019,10:51,B,172.168.1.8
      283,23/08/2019,10:51,B,172.168.1.8
       22,23/08/2019,10:52,B,172.168.1.8
       35,23/08/2019,11:16,B,172.168.1.8
      271,23/08/2019,11:23,B,172.168.1.8
       19,23/08/2019,11:29,B,172.168.1.8
        2,23/08/2019,11:36,B,172.168.1.8
       27,23/08/2019,11:50,B,172.168.1.8
      305,23/08/2019,11:53,B,172.168.1.8
       71,23/08/2019,12:16,B,172.168.1.8
       64,23/08/2019,12:19,B,172.168.1.8
      208,23/08/2019,13:03,B,172.168.1.8
      215,23/08/2019,13:06,B,172.168.1.8
      214,23/08/2019,13:07,B,172.168.1.8
      202,23/08/2019,13:25,B,172.168.1.8
      205,23/08/2019,13:25,B,172.168.1.8
      205,23/08/2019,13:25,B,172.168.1.8
      212,23/08/2019,13:25,B,172.168.1.8
      216,23/08/2019,13:26,B,172.168.1.8
      129,23/08/2019,13:30,B,172.168.1.8
      211,23/08/2019,13:43,B,172.168.1.8
       16,23/08/2019,14:06,B,172.168.1.8
       36,23/08/2019,14:16,B,172.168.1.8
      203,23/08/2019,14:17,B,172.168.1.8
      203,23/08/2019,14:17,B,172.168.1.8
      210,23/08/2019,14:22,B,172.168.1.8
      301,23/08/2019,14:23,B,172.168.1.8
       23,23/08/2019,14:37,B,172.168.1.8
      204,23/08/2019,14:38,B,172.168.1.8
      213,23/08/2019,14:38,B,172.168.1.8
      209,23/08/2019,14:40,B,172.168.1.8
      209,23/08/2019,14:40,B,172.168.1.8
      309,23/08/2019,14:42,B,172.168.1.8
      206,23/08/2019,14:50,B,172.168.1.8
        8,23/08/2019,15:06,B,172.168.1.8
      121,23/08/2019,15:18,B,172.168.1.8
      117,23/08/2019,15:19,B,172.168.1.8
      283,23/08/2019,15:20,B,172.168.1.8
       30,23/08/2019,15:24,B,172.168.1.8
      298,23/08/2019,15:24,B,172.168.1.8
       20,23/08/2019,15:26,B,172.168.1.8
      110,23/08/2019,15:31,B,172.168.1.8
      201,23/08/2019,15:32,B,172.168.1.8
       24,23/08/2019,15:32,B,172.168.1.8
      305,23/08/2019,15:42,B,172.168.1.8
      125,23/08/2019,15:46,B,172.168.1.8
      299,23/08/2019,16:04,B,172.168.1.8
       21,23/08/2019,16:21,B,172.168.1.8
       10,23/08/2019,16:21,B,172.168.1.8
       72,23/08/2019,16:22,B,172.168.1.8
       22,23/08/2019,16:24,B,172.168.1.8
      303,23/08/2019,16:36,B,172.168.1.8
       71,23/08/2019,16:37,B,172.168.1.8
       65,23/08/2019,16:38,B,172.168.1.8
       26,23/08/2019,16:43,B,172.168.1.8
        9,23/08/2019,16:44,B,172.168.1.8
       35,23/08/2019,16:48,B,172.168.1.8
       14,23/08/2019,16:49,B,172.168.1.8
       19,23/08/2019,16:57,B,172.168.1.8
       25,23/08/2019,17:00,B,172.168.1.8
       19,23/08/2019,17:03,B,172.168.1.8
      122,23/08/2019,17:05,B,172.168.1.8
       11,23/08/2019,17:07,B,172.168.1.8
      127,23/08/2019,17:13,B,172.168.1.8
      131,23/08/2019,17:15,B,172.168.1.8
        5,23/08/2019,17:19,B,172.168.1.8
      261,23/08/2019,17:20,B,172.168.1.8
       27,23/08/2019,17:20,B,172.168.1.8
      289,23/08/2019,17:20,B,172.168.1.8
      297,23/08/2019,17:20,B,172.168.1.8
      271,23/08/2019,17:21,B,172.168.1.8
      271,23/08/2019,17:22,B,172.168.1.8
      118,23/08/2019,17:23,B,172.168.1.8
       32,23/08/2019,17:25,B,172.168.1.8
       17,23/08/2019,17:28,B,172.168.1.8
      254,23/08/2019,17:30,B,172.168.1.8
       29,23/08/2019,17:33,B,172.168.1.8
      268,23/08/2019,17:34,B,172.168.1.8
        2,23/08/2019,17:43,B,172.168.1.8
       12,23/08/2019,17:44,B,172.168.1.8
      114,23/08/2019,17:45,B,172.168.1.8
      273,23/08/2019,17:46,B,172.168.1.8
      258,23/08/2019,17:46,B,172.168.1.8
      116,23/08/2019,17:47,B,172.168.1.8
      312,23/08/2019,17:47,B,172.168.1.8
      123,23/08/2019,17:47,B,172.168.1.8
      287,23/08/2019,17:48,B,172.168.1.8
      280,23/08/2019,17:48,B,172.168.1.8
      296,23/08/2019,17:50,B,172.168.1.8
      293,23/08/2019,17:50,B,172.168.1.8
      120,23/08/2019,17:56,B,172.168.1.8
      115,23/08/2019,18:16,B,172.168.1.8
      251,23/08/2019,18:16,B,172.168.1.8
      101,23/08/2019,18:17,B,172.168.1.8
      295,23/08/2019,18:18,B,172.168.1.8
      310,23/08/2019,18:23,B,172.168.1.8
      128,23/08/2019,18:23,B,172.168.1.8
      129,23/08/2019,18:23,B,172.168.1.8
      129,23/08/2019,18:24,B,172.168.1.8
      310,23/08/2019,18:25,B,172.168.1.8
      310,23/08/2019,18:28,B,172.168.1.8
        1,23/08/2019,18:38,B,172.168.1.8
      256,23/08/2019,19:31,B,172.168.1.8
      112,23/08/2019,20:22,B,172.168.1.8
      126,23/08/2019,20:23,B,172.168.1.8
      260,23/08/2019,20:23,B,172.168.1.8
      126,24/08/2019,09:39,B,172.168.1.8
      260,24/08/2019,09:39,B,172.168.1.8
      128,24/08/2019,10:14,B,172.168.1.8
      112,24/08/2019,10:52,B,172.168.1.8
      260,24/08/2019,15:45,B,172.168.1.8
      112,24/08/2019,18:20,B,172.168.1.8
      112,24/08/2019,18:21,B,172.168.1.8
      126,24/08/2019,19:20,B,172.168.1.8
      112,25/08/2019,09:25,B,172.168.1.8
      126,25/08/2019,10:36,B,172.168.1.8
      112,25/08/2019,16:08,B,172.168.1.8
      112,25/08/2019,16:13,B,172.168.1.8
      126,25/08/2019,18:10,B,172.168.1.8
      126,25/08/2019,18:20,B,172.168.1.8
      121,26/08/2019,06:46,B,172.168.1.8
      214,26/08/2019,07:11,B,172.168.1.8
      298,26/08/2019,07:13,B,172.168.1.8
      273,26/08/2019,07:19,B,172.168.1.8
      299,26/08/2019,07:42,B,172.168.1.8
      215,26/08/2019,07:54,B,172.168.1.8
      255,26/08/2019,07:56,B,172.168.1.8
      209,26/08/2019,07:57,B,172.168.1.8
      208,26/08/2019,07:58,B,172.168.1.8
      204,26/08/2019,07:58,B,172.168.1.8
      205,26/08/2019,07:58,B,172.168.1.8
      125,26/08/2019,07:59,B,172.168.1.8
      216,26/08/2019,08:01,B,172.168.1.8
      112,26/08/2019,08:01,B,172.168.1.8
      211,26/08/2019,08:03,B,172.168.1.8
      296,26/08/2019,08:07,B,172.168.1.8
      287,26/08/2019,08:13,B,172.168.1.8
      212,26/08/2019,08:14,B,172.168.1.8
      213,26/08/2019,08:14,B,172.168.1.8
      126,26/08/2019,08:15,B,172.168.1.8
      260,26/08/2019,08:28,B,172.168.1.8
      303,26/08/2019,08:43,B,172.168.1.8
      115,26/08/2019,08:46,B,172.168.1.8
       17,26/08/2019,08:46,B,172.168.1.8
       32,26/08/2019,08:48,B,172.168.1.8
      202,26/08/2019,08:49,B,172.168.1.8
       23,26/08/2019,08:55,B,172.168.1.8
      268,26/08/2019,08:56,B,172.168.1.8
      268,26/08/2019,08:57,B,172.168.1.8
       72,26/08/2019,08:58,B,172.168.1.8
       18,26/08/2019,08:59,B,172.168.1.8
      120,26/08/2019,08:59,B,172.168.1.8
      210,26/08/2019,09:09,B,172.168.1.8
       25,26/08/2019,09:22,B,172.168.1.8
       16,26/08/2019,09:24,B,172.168.1.8
       36,26/08/2019,09:24,B,172.168.1.8
      118,26/08/2019,09:26,B,172.168.1.8
      122,26/08/2019,09:26,B,172.168.1.8
      118,26/08/2019,09:30,B,172.168.1.8
      283,26/08/2019,09:33,B,172.168.1.8
      206,26/08/2019,09:39,B,172.168.1.8
       14,26/08/2019,09:44,B,172.168.1.8
      258,26/08/2019,09:45,B,172.168.1.8
      116,26/08/2019,09:52,B,172.168.1.8
      128,26/08/2019,09:53,B,172.168.1.8
      127,26/08/2019,09:54,B,172.168.1.8
      201,26/08/2019,09:57,B,172.168.1.8
      271,26/08/2019,09:58,B,172.168.1.8
      297,26/08/2019,09:58,B,172.168.1.8
       12,26/08/2019,09:59,B,172.168.1.8
      289,26/08/2019,09:59,B,172.168.1.8
      117,26/08/2019,10:00,B,172.168.1.8
      310,26/08/2019,10:00,B,172.168.1.8
      131,26/08/2019,10:00,B,172.168.1.8
      256,26/08/2019,10:01,B,172.168.1.8
      203,26/08/2019,10:01,B,172.168.1.8
      109,26/08/2019,10:02,B,172.168.1.8
        5,26/08/2019,10:03,B,172.168.1.8
       10,26/08/2019,10:03,B,172.168.1.8
      280,26/08/2019,10:08,B,172.168.1.8
      114,26/08/2019,10:08,B,172.168.1.8
      129,26/08/2019,10:13,B,172.168.1.8
       11,26/08/2019,10:15,B,172.168.1.8
       35,26/08/2019,10:16,B,172.168.1.8
      295,26/08/2019,10:17,B,172.168.1.8
      293,26/08/2019,10:19,B,172.168.1.8
      261,26/08/2019,10:23,B,172.168.1.8
      106,26/08/2019,10:34,B,172.168.1.8
      251,26/08/2019,10:34,B,172.168.1.8
        8,26/08/2019,10:35,B,172.168.1.8
       71,26/08/2019,10:37,B,172.168.1.8
      254,26/08/2019,10:39,B,172.168.1.8
        1,26/08/2019,10:43,B,172.168.1.8
       22,26/08/2019,10:46,B,172.168.1.8
       21,26/08/2019,10:54,B,172.168.1.8
        2,26/08/2019,10:57,B,172.168.1.8
        9,26/08/2019,11:03,B,172.168.1.8
       28,26/08/2019,11:08,B,172.168.1.8
       27,26/08/2019,11:14,B,172.168.1.8
       73,26/08/2019,11:25,B,172.168.1.8
       73,26/08/2019,11:25,B,172.168.1.8
       73,26/08/2019,11:25,B,172.168.1.8
       19,26/08/2019,11:26,B,172.168.1.8
      311,26/08/2019,11:46,B,172.168.1.8
       26,26/08/2019,11:59,B,172.168.1.8
      110,26/08/2019,12:24,B,172.168.1.8
      309,26/08/2019,12:45,B,172.168.1.8
      208,26/08/2019,12:59,B,172.168.1.8
      215,26/08/2019,13:00,B,172.168.1.8
      204,26/08/2019,13:03,B,172.168.1.8
      209,26/08/2019,13:04,B,172.168.1.8
      204,26/08/2019,13:04,B,172.168.1.8
      209,26/08/2019,13:04,B,172.168.1.8
      214,26/08/2019,13:08,B,172.168.1.8
      212,26/08/2019,13:14,B,172.168.1.8
      216,26/08/2019,13:14,B,172.168.1.8
      211,26/08/2019,13:21,B,172.168.1.8
      205,26/08/2019,13:21,B,172.168.1.8
      205,26/08/2019,13:21,B,172.168.1.8
      211,26/08/2019,13:24,B,172.168.1.8
      297,26/08/2019,13:24,B,172.168.1.8
      202,26/08/2019,13:27,B,172.168.1.8
      311,26/08/2019,13:33,B,172.168.1.8
       31,26/08/2019,13:38,B,172.168.1.8
      213,26/08/2019,13:44,B,172.168.1.8
       69,26/08/2019,13:56,B,172.168.1.8
      210,26/08/2019,14:10,B,172.168.1.8
       18,26/08/2019,14:34,B,172.168.1.8
      206,26/08/2019,14:40,B,172.168.1.8
       16,26/08/2019,14:53,B,172.168.1.8
      203,26/08/2019,14:59,B,172.168.1.8
      201,26/08/2019,14:59,B,172.168.1.8
      201,26/08/2019,14:59,B,172.168.1.8
      298,26/08/2019,15:02,B,172.168.1.8
       29,26/08/2019,15:19,B,172.168.1.8
      256,26/08/2019,15:30,B,172.168.1.8
       23,26/08/2019,15:36,B,172.168.1.8
       71,26/08/2019,15:38,B,172.168.1.8
      121,26/08/2019,15:39,B,172.168.1.8
      309,26/08/2019,15:42,B,172.168.1.8
       72,26/08/2019,15:44,B,172.168.1.8
        9,26/08/2019,15:48,B,172.168.1.8
       36,26/08/2019,15:51,B,172.168.1.8
        5,26/08/2019,15:58,B,172.168.1.8
      299,26/08/2019,16:03,B,172.168.1.8
       10,26/08/2019,16:11,B,172.168.1.8
      125,26/08/2019,16:11,B,172.168.1.8
      126,26/08/2019,16:25,B,172.168.1.8
       22,26/08/2019,16:26,B,172.168.1.8
       28,26/08/2019,16:36,B,172.168.1.8
       14,26/08/2019,16:43,B,172.168.1.8
       73,26/08/2019,16:45,B,172.168.1.8
        8,26/08/2019,16:46,B,172.168.1.8
       19,26/08/2019,16:47,B,172.168.1.8
       35,26/08/2019,16:48,B,172.168.1.8
        2,26/08/2019,16:48,B,172.168.1.8
       27,26/08/2019,16:48,B,172.168.1.8
       17,26/08/2019,16:49,B,172.168.1.8
       26,26/08/2019,16:50,B,172.168.1.8
       12,26/08/2019,16:54,B,172.168.1.8
       25,26/08/2019,17:00,B,172.168.1.8
       11,26/08/2019,17:01,B,172.168.1.8
       32,26/08/2019,17:04,B,172.168.1.8
       32,26/08/2019,17:04,B,172.168.1.8
      127,26/08/2019,17:10,B,172.168.1.8
      289,26/08/2019,17:11,B,172.168.1.8
      261,26/08/2019,17:12,B,172.168.1.8
      110,26/08/2019,17:15,B,172.168.1.8
      109,26/08/2019,17:15,B,172.168.1.8
      122,26/08/2019,17:20,B,172.168.1.8
      131,26/08/2019,17:21,B,172.168.1.8
      120,26/08/2019,17:21,B,172.168.1.8
      271,26/08/2019,17:25,B,172.168.1.8
      295,26/08/2019,17:28,B,172.168.1.8
      287,26/08/2019,17:32,B,172.168.1.8
      283,26/08/2019,17:32,B,172.168.1.8
      118,26/08/2019,17:33,B,172.168.1.8
      123,26/08/2019,17:34,B,172.168.1.8
      268,26/08/2019,17:34,B,172.168.1.8
      283,26/08/2019,17:34,B,172.168.1.8
      273,26/08/2019,17:36,B,172.168.1.8
      254,26/08/2019,17:40,B,172.168.1.8
      115,26/08/2019,17:40,B,172.168.1.8
      251,26/08/2019,17:41,B,172.168.1.8
      114,26/08/2019,17:43,B,172.168.1.8
        1,26/08/2019,17:47,B,172.168.1.8
      258,26/08/2019,17:47,B,172.168.1.8
      280,26/08/2019,17:47,B,172.168.1.8
      116,26/08/2019,17:48,B,172.168.1.8
      116,26/08/2019,17:51,B,172.168.1.8
      280,26/08/2019,17:51,B,172.168.1.8
      258,26/08/2019,17:51,B,172.168.1.8
      106,26/08/2019,17:57,B,172.168.1.8
      296,26/08/2019,18:02,B,172.168.1.8
      293,26/08/2019,18:10,B,172.168.1.8
      117,26/08/2019,18:12,B,172.168.1.8
      310,26/08/2019,18:12,B,172.168.1.8
      255,26/08/2019,18:22,B,172.168.1.8
      128,26/08/2019,20:15,B,172.168.1.8
      112,26/08/2019,20:31,B,172.168.1.8
      260,26/08/2019,20:32,B,172.168.1.8
      121,27/08/2019,06:43,B,172.168.1.8
      298,27/08/2019,07:19,B,172.168.1.8
      273,27/08/2019,07:19,B,172.168.1.8
      287,27/08/2019,07:40,B,172.168.1.8
      205,27/08/2019,07:48,B,172.168.1.8
      125,27/08/2019,07:50,B,172.168.1.8
      299,27/08/2019,07:52,B,172.168.1.8
      208,27/08/2019,07:56,B,172.168.1.8
      255,27/08/2019,07:56,B,172.168.1.8
      216,27/08/2019,08:00,B,172.168.1.8
      212,27/08/2019,08:00,B,172.168.1.8
      215,27/08/2019,08:02,B,172.168.1.8
      213,27/08/2019,08:16,B,172.168.1.8
      296,27/08/2019,08:16,B,172.168.1.8
      214,27/08/2019,08:19,B,172.168.1.8
      260,27/08/2019,08:27,B,172.168.1.8
      202,27/08/2019,08:30,B,172.168.1.8
       52,27/08/2019,08:30,B,172.168.1.8
       14,27/08/2019,08:40,B,172.168.1.8
       16,27/08/2019,08:43,B,172.168.1.8
      115,27/08/2019,08:45,B,172.168.1.8
       72,27/08/2019,08:47,B,172.168.1.8
       35,27/08/2019,08:48,B,172.168.1.8
      204,27/08/2019,08:55,B,172.168.1.8
      120,27/08/2019,09:02,B,172.168.1.8
      210,27/08/2019,09:03,B,172.168.1.8
      312,27/08/2019,09:07,B,172.168.1.8
       36,27/08/2019,09:07,B,172.168.1.8
       17,27/08/2019,09:09,B,172.168.1.8
      206,27/08/2019,09:10,B,172.168.1.8
      112,27/08/2019,09:13,B,172.168.1.8
      268,27/08/2019,09:17,B,172.168.1.8
       18,27/08/2019,09:18,B,172.168.1.8
       25,27/08/2019,09:21,B,172.168.1.8
        8,27/08/2019,09:21,B,172.168.1.8
       32,27/08/2019,09:21,B,172.168.1.8
       21,27/08/2019,09:24,B,172.168.1.8
      211,27/08/2019,09:25,B,172.168.1.8
       23,27/08/2019,09:26,B,172.168.1.8
      203,27/08/2019,09:27,B,172.168.1.8
      117,27/08/2019,09:33,B,172.168.1.8
      118,27/08/2019,09:38,B,172.168.1.8
      303,27/08/2019,09:39,B,172.168.1.8
      283,27/08/2019,09:39,B,172.168.1.8
      123,27/08/2019,09:40,B,172.168.1.8
      209,27/08/2019,09:42,B,172.168.1.8
      201,27/08/2019,09:42,B,172.168.1.8
      303,27/08/2019,09:44,B,172.168.1.8
      255,27/08/2019,09:45,B,172.168.1.8
      122,27/08/2019,09:47,B,172.168.1.8
      271,27/08/2019,09:47,B,172.168.1.8
      258,27/08/2019,09:47,B,172.168.1.8
      110,27/08/2019,09:49,B,172.168.1.8
       26,27/08/2019,09:50,B,172.168.1.8
       11,27/08/2019,09:51,B,172.168.1.8
      256,27/08/2019,09:51,B,172.168.1.8
      127,27/08/2019,09:51,B,172.168.1.8
      109,27/08/2019,09:53,B,172.168.1.8
      116,27/08/2019,09:56,B,172.168.1.8
       12,27/08/2019,09:57,B,172.168.1.8
      114,27/08/2019,09:59,B,172.168.1.8
      297,27/08/2019,10:00,B,172.168.1.8
        9,27/08/2019,10:01,B,172.168.1.8
      131,27/08/2019,10:09,B,172.168.1.8
      289,27/08/2019,10:10,B,172.168.1.8
      310,27/08/2019,10:11,B,172.168.1.8
      280,27/08/2019,10:15,B,172.168.1.8
        5,27/08/2019,10:19,B,172.168.1.8
       10,27/08/2019,10:19,B,172.168.1.8
      295,27/08/2019,10:20,B,172.168.1.8
       28,27/08/2019,10:21,B,172.168.1.8
      106,27/08/2019,10:27,B,172.168.1.8
      261,27/08/2019,10:27,B,172.168.1.8
      293,27/08/2019,10:31,B,172.168.1.8
      254,27/08/2019,10:34,B,172.168.1.8
      251,27/08/2019,10:41,B,172.168.1.8
        1,27/08/2019,10:43,B,172.168.1.8
       22,27/08/2019,11:08,B,172.168.1.8
        2,27/08/2019,11:13,B,172.168.1.8
       27,27/08/2019,11:13,B,172.168.1.8
       24,27/08/2019,11:17,B,172.168.1.8
       19,27/08/2019,11:26,B,172.168.1.8
      213,27/08/2019,11:55,B,172.168.1.8
      305,27/08/2019,12:06,B,172.168.1.8
       65,27/08/2019,12:46,B,172.168.1.8
      205,27/08/2019,12:51,B,172.168.1.8
      205,27/08/2019,12:51,B,172.168.1.8
      208,27/08/2019,13:05,B,172.168.1.8
      212,27/08/2019,13:05,B,172.168.1.8
      216,27/08/2019,13:05,B,172.168.1.8
      215,27/08/2019,13:06,B,172.168.1.8
       11,27/08/2019,13:09,B,172.168.1.8
      128,27/08/2019,13:21,B,172.168.1.8
      202,27/08/2019,13:35,B,172.168.1.8
       52,27/08/2019,13:39,B,172.168.1.8
      210,27/08/2019,14:05,B,172.168.1.8
      210,27/08/2019,14:10,B,172.168.1.8
      204,27/08/2019,14:10,B,172.168.1.8
      206,27/08/2019,14:10,B,172.168.1.8
      214,27/08/2019,14:16,B,172.168.1.8
       35,27/08/2019,14:23,B,172.168.1.8
      211,27/08/2019,14:25,B,172.168.1.8
       16,27/08/2019,14:31,B,172.168.1.8
      203,27/08/2019,14:32,B,172.168.1.8
      201,27/08/2019,14:32,B,172.168.1.8
       72,27/08/2019,14:34,B,172.168.1.8
       18,27/08/2019,14:35,B,172.168.1.8
       21,27/08/2019,14:44,B,172.168.1.8
      209,27/08/2019,14:46,B,172.168.1.8
       23,27/08/2019,15:22,B,172.168.1.8
       33,27/08/2019,15:23,B,172.168.1.8
      303,27/08/2019,15:24,B,172.168.1.8
      303,27/08/2019,15:24,B,172.168.1.8
        5,27/08/2019,15:25,B,172.168.1.8
      298,27/08/2019,15:40,B,172.168.1.8
      305,27/08/2019,15:40,B,172.168.1.8
        9,27/08/2019,15:43,B,172.168.1.8
      125,27/08/2019,15:45,B,172.168.1.8
      299,27/08/2019,16:01,B,172.168.1.8
       28,27/08/2019,16:03,B,172.168.1.8
       22,27/08/2019,16:06,B,172.168.1.8
       65,27/08/2019,16:16,B,172.168.1.8
       17,27/08/2019,16:22,B,172.168.1.8
      312,27/08/2019,16:30,B,172.168.1.8
       26,27/08/2019,16:30,B,172.168.1.8
       36,27/08/2019,16:33,B,172.168.1.8
       29,27/08/2019,16:36,B,172.168.1.8
       14,27/08/2019,16:38,B,172.168.1.8
       10,27/08/2019,16:51,B,172.168.1.8
       27,27/08/2019,17:00,B,172.168.1.8
       19,27/08/2019,17:03,B,172.168.1.8
       24,27/08/2019,17:12,B,172.168.1.8
      110,27/08/2019,17:15,B,172.168.1.8
      109,27/08/2019,17:15,B,172.168.1.8
      289,27/08/2019,17:15,B,172.168.1.8
      261,27/08/2019,17:16,B,172.168.1.8
        8,27/08/2019,17:16,B,172.168.1.8
      297,27/08/2019,17:17,B,172.168.1.8
        2,27/08/2019,17:18,B,172.168.1.8
       12,27/08/2019,17:19,B,172.168.1.8
      122,27/08/2019,17:20,B,172.168.1.8
       32,27/08/2019,17:20,B,172.168.1.8
      297,27/08/2019,17:21,B,172.168.1.8
      120,27/08/2019,17:22,B,172.168.1.8
      268,27/08/2019,17:23,B,172.168.1.8
      131,27/08/2019,17:25,B,172.168.1.8
      295,27/08/2019,17:25,B,172.168.1.8
      271,27/08/2019,17:25,B,172.168.1.8
      283,27/08/2019,17:32,B,172.168.1.8
      123,27/08/2019,17:34,B,172.168.1.8
       25,27/08/2019,17:37,B,172.168.1.8
      118,27/08/2019,17:37,B,172.168.1.8
      254,27/08/2019,17:42,B,172.168.1.8
      251,27/08/2019,17:43,B,172.168.1.8
      114,27/08/2019,17:46,B,172.168.1.8
      280,27/08/2019,17:46,B,172.168.1.8
      273,27/08/2019,17:47,B,172.168.1.8
      258,27/08/2019,17:51,B,172.168.1.8
      268,27/08/2019,17:52,B,172.168.1.8
      287,27/08/2019,17:52,B,172.168.1.8
      296,27/08/2019,18:01,B,172.168.1.8
      293,27/08/2019,18:03,B,172.168.1.8
      106,27/08/2019,18:03,B,172.168.1.8
      116,27/08/2019,18:21,B,172.168.1.8
      117,27/08/2019,18:22,B,172.168.1.8
      296,27/08/2019,18:22,B,172.168.1.8
      310,27/08/2019,18:23,B,172.168.1.8
      310,27/08/2019,18:30,B,172.168.1.8
      296,27/08/2019,18:30,B,172.168.1.8
      256,27/08/2019,18:40,B,172.168.1.8
      112,27/08/2019,19:50,B,172.168.1.8
      112,27/08/2019,19:51,B,172.168.1.8
      260,27/08/2019,20:31,B,172.168.1.8
      115,27/08/2019,20:31,B,172.168.1.8
      121,28/08/2019,06:44,B,172.168.1.8
      273,28/08/2019,07:26,B,172.168.1.8
      298,28/08/2019,07:29,B,172.168.1.8
      299,28/08/2019,07:37,B,172.168.1.8
      205,28/08/2019,07:43,B,172.168.1.8
      215,28/08/2019,07:43,B,172.168.1.8
      206,28/08/2019,07:45,B,172.168.1.8
      202,28/08/2019,07:58,B,172.168.1.8
      213,28/08/2019,07:58,B,172.168.1.8
      212,28/08/2019,07:59,B,172.168.1.8
      216,28/08/2019,07:59,B,172.168.1.8
      296,28/08/2019,08:04,B,172.168.1.8
      287,28/08/2019,08:15,B,172.168.1.8
      214,28/08/2019,08:19,B,172.168.1.8
      260,28/08/2019,08:31,B,172.168.1.8
      260,28/08/2019,08:31,B,172.168.1.8
       36,28/08/2019,08:39,B,172.168.1.8
      303,28/08/2019,08:41,B,172.168.1.8
      303,28/08/2019,08:42,B,172.168.1.8
       32,28/08/2019,08:48,B,172.168.1.8
      115,28/08/2019,08:49,B,172.168.1.8
      309,28/08/2019,08:50,B,172.168.1.8
       26,28/08/2019,08:52,B,172.168.1.8
       72,28/08/2019,08:56,B,172.168.1.8
      204,28/08/2019,08:57,B,172.168.1.8
      312,28/08/2019,08:57,B,172.168.1.8
      120,28/08/2019,08:59,B,172.168.1.8
       12,28/08/2019,09:08,B,172.168.1.8
      112,28/08/2019,09:08,B,172.168.1.8
      268,28/08/2019,09:12,B,172.168.1.8
       23,28/08/2019,09:14,B,172.168.1.8
       25,28/08/2019,09:21,B,172.168.1.8
       18,28/08/2019,09:23,B,172.168.1.8
       18,28/08/2019,09:23,B,172.168.1.8
      122,28/08/2019,09:28,B,172.168.1.8
      211,28/08/2019,09:29,B,172.168.1.8
      123,28/08/2019,09:38,B,172.168.1.8
      283,28/08/2019,09:40,B,172.168.1.8
      310,28/08/2019,09:40,B,172.168.1.8
       58,28/08/2019,09:40,B,172.168.1.8
       16,28/08/2019,09:41,B,172.168.1.8
      280,28/08/2019,09:42,B,172.168.1.8
       29,28/08/2019,09:43,B,172.168.1.8
       28,28/08/2019,09:45,B,172.168.1.8
       24,28/08/2019,09:46,B,172.168.1.8
      118,28/08/2019,09:47,B,172.168.1.8
      210,28/08/2019,09:49,B,172.168.1.8
       14,28/08/2019,09:51,B,172.168.1.8
      209,28/08/2019,09:51,B,172.168.1.8
      109,28/08/2019,09:52,B,172.168.1.8
      110,28/08/2019,09:52,B,172.168.1.8
      208,28/08/2019,09:53,B,172.168.1.8
      127,28/08/2019,09:56,B,172.168.1.8
      271,28/08/2019,09:56,B,172.168.1.8
      116,28/08/2019,09:57,B,172.168.1.8
      203,28/08/2019,09:58,B,172.168.1.8
      289,28/08/2019,09:58,B,172.168.1.8
      106,28/08/2019,09:58,B,172.168.1.8
      256,28/08/2019,10:00,B,172.168.1.8
        1,28/08/2019,10:00,B,172.168.1.8
      128,28/08/2019,10:05,B,172.168.1.8
      261,28/08/2019,10:06,B,172.168.1.8
       17,28/08/2019,10:06,B,172.168.1.8
      114,28/08/2019,10:07,B,172.168.1.8
        5,28/08/2019,10:08,B,172.168.1.8
       10,28/08/2019,10:09,B,172.168.1.8
        8,28/08/2019,10:17,B,172.168.1.8
      295,28/08/2019,10:20,B,172.168.1.8
      293,28/08/2019,10:22,B,172.168.1.8
      201,28/08/2019,10:23,B,172.168.1.8
       22,28/08/2019,10:25,B,172.168.1.8
        9,28/08/2019,10:26,B,172.168.1.8
      129,28/08/2019,10:28,B,172.168.1.8
      254,28/08/2019,10:34,B,172.168.1.8
       35,28/08/2019,10:41,B,172.168.1.8
      251,28/08/2019,10:42,B,172.168.1.8
      297,28/08/2019,10:46,B,172.168.1.8
        2,28/08/2019,10:49,B,172.168.1.8
       27,28/08/2019,10:59,B,172.168.1.8
       19,28/08/2019,11:08,B,172.168.1.8
      258,28/08/2019,12:14,B,172.168.1.8
      309,28/08/2019,12:42,B,172.168.1.8
      205,28/08/2019,12:44,B,172.168.1.8
      205,28/08/2019,12:44,B,172.168.1.8
      206,28/08/2019,12:52,B,172.168.1.8
      202,28/08/2019,12:58,B,172.168.1.8
      212,28/08/2019,13:01,B,172.168.1.8
      216,28/08/2019,13:04,B,172.168.1.8
      215,28/08/2019,13:04,B,172.168.1.8
      131,28/08/2019,13:09,B,172.168.1.8
      204,28/08/2019,14:05,B,172.168.1.8
      213,28/08/2019,14:05,B,172.168.1.8
      208,28/08/2019,14:16,B,172.168.1.8
      214,28/08/2019,14:16,B,172.168.1.8
      211,28/08/2019,14:38,B,172.168.1.8
      298,28/08/2019,14:44,B,172.168.1.8
      204,28/08/2019,14:45,B,172.168.1.8
      213,28/08/2019,14:50,B,172.168.1.8
      210,28/08/2019,14:51,B,172.168.1.8
      209,28/08/2019,14:52,B,172.168.1.8
       36,28/08/2019,14:52,B,172.168.1.8
      303,28/08/2019,14:56,B,172.168.1.8
       18,28/08/2019,15:07,B,172.168.1.8
       16,28/08/2019,15:07,B,172.168.1.8
      203,28/08/2019,15:07,B,172.168.1.8
      121,28/08/2019,15:18,B,172.168.1.8
      201,28/08/2019,15:27,B,172.168.1.8
       24,28/08/2019,15:27,B,172.168.1.8
       72,28/08/2019,15:30,B,172.168.1.8
       23,28/08/2019,15:33,B,172.168.1.8
       29,28/08/2019,15:47,B,172.168.1.8
        5,28/08/2019,15:50,B,172.168.1.8
      312,28/08/2019,15:54,B,172.168.1.8
      299,28/08/2019,15:58,B,172.168.1.8
       28,28/08/2019,16:02,B,172.168.1.8
       26,28/08/2019,16:08,B,172.168.1.8
       21,28/08/2019,16:13,B,172.168.1.8
       21,28/08/2019,16:15,B,172.168.1.8
       35,28/08/2019,16:25,B,172.168.1.8
       10,28/08/2019,16:30,B,172.168.1.8
       25,28/08/2019,16:43,B,172.168.1.8
      258,28/08/2019,16:45,B,172.168.1.8
       19,28/08/2019,16:49,B,172.168.1.8
        9,28/08/2019,16:49,B,172.168.1.8
       14,28/08/2019,16:50,B,172.168.1.8
        8,28/08/2019,16:50,B,172.168.1.8
       32,28/08/2019,16:51,B,172.168.1.8
       11,28/08/2019,16:52,B,172.168.1.8
       17,28/08/2019,16:53,B,172.168.1.8
       12,28/08/2019,16:55,B,172.168.1.8
        2,28/08/2019,16:59,B,172.168.1.8
       22,28/08/2019,16:59,B,172.168.1.8
       27,28/08/2019,17:06,B,172.168.1.8
      127,28/08/2019,17:07,B,172.168.1.8
      261,28/08/2019,17:10,B,172.168.1.8
      128,28/08/2019,17:15,B,172.168.1.8
      110,28/08/2019,17:15,B,172.168.1.8
      289,28/08/2019,17:15,B,172.168.1.8
      109,28/08/2019,17:15,B,172.168.1.8
      122,28/08/2019,17:16,B,172.168.1.8
      131,28/08/2019,17:16,B,172.168.1.8
      295,28/08/2019,17:16,B,172.168.1.8
      297,28/08/2019,17:17,B,172.168.1.8
      120,28/08/2019,17:17,B,172.168.1.8
      268,28/08/2019,17:18,B,172.168.1.8
      268,28/08/2019,17:18,B,172.168.1.8
      271,28/08/2019,17:21,B,172.168.1.8
      118,28/08/2019,17:23,B,172.168.1.8
      123,28/08/2019,17:30,B,172.168.1.8
      251,28/08/2019,17:34,B,172.168.1.8
      106,28/08/2019,17:34,B,172.168.1.8
      283,28/08/2019,17:34,B,172.168.1.8
      254,28/08/2019,17:35,B,172.168.1.8
      129,28/08/2019,17:43,B,172.168.1.8
      268,28/08/2019,17:43,B,172.168.1.8
      287,28/08/2019,17:44,B,172.168.1.8
      280,28/08/2019,17:45,B,172.168.1.8
      296,28/08/2019,17:45,B,172.168.1.8
      273,28/08/2019,17:45,B,172.168.1.8
      114,28/08/2019,17:53,B,172.168.1.8
      116,28/08/2019,17:57,B,172.168.1.8
      256,28/08/2019,18:02,B,172.168.1.8
      117,28/08/2019,18:09,B,172.168.1.8
      310,28/08/2019,18:10,B,172.168.1.8
      293,28/08/2019,18:10,B,172.168.1.8
      112,28/08/2019,18:11,B,172.168.1.8
      115,28/08/2019,20:38,B,172.168.1.8
      260,28/08/2019,20:38,B,172.168.1.8
      121,29/08/2019,06:40,B,172.168.1.8
      126,29/08/2019,07:11,B,172.168.1.8
      298,29/08/2019,07:20,B,172.168.1.8
      273,29/08/2019,07:21,B,172.168.1.8
      296,29/08/2019,07:41,B,172.168.1.8
      203,29/08/2019,07:45,B,172.168.1.8
      215,29/08/2019,07:46,B,172.168.1.8
      299,29/08/2019,07:48,B,172.168.1.8
      204,29/08/2019,07:52,B,172.168.1.8
      255,29/08/2019,07:55,B,172.168.1.8
      287,29/08/2019,07:55,B,172.168.1.8
      122,29/08/2019,07:58,B,172.168.1.8
      216,29/08/2019,08:01,B,172.168.1.8
      210,29/08/2019,08:06,B,172.168.1.8
      202,29/08/2019,08:17,B,172.168.1.8
      212,29/08/2019,08:18,B,172.168.1.8
      209,29/08/2019,08:20,B,172.168.1.8
      209,29/08/2019,08:21,B,172.168.1.8
      214,29/08/2019,08:23,B,172.168.1.8
      260,29/08/2019,08:24,B,172.168.1.8
      301,29/08/2019,08:37,B,172.168.1.8
      303,29/08/2019,08:40,B,172.168.1.8
       22,29/08/2019,08:44,B,172.168.1.8
       32,29/08/2019,08:45,B,172.168.1.8
      115,29/08/2019,08:51,B,172.168.1.8
      312,29/08/2019,08:51,B,172.168.1.8
      309,29/08/2019,08:54,B,172.168.1.8
      120,29/08/2019,08:58,B,172.168.1.8
       23,29/08/2019,08:59,B,172.168.1.8
      211,29/08/2019,08:59,B,172.168.1.8
       72,29/08/2019,09:05,B,172.168.1.8
       18,29/08/2019,09:06,B,172.168.1.8
      268,29/08/2019,09:11,B,172.168.1.8
      118,29/08/2019,09:11,B,172.168.1.8
      118,29/08/2019,09:12,B,172.168.1.8
       20,29/08/2019,09:13,B,172.168.1.8
       11,29/08/2019,09:16,B,172.168.1.8
      290,29/08/2019,09:23,B,172.168.1.8
       36,29/08/2019,09:24,B,172.168.1.8
       25,29/08/2019,09:26,B,172.168.1.8
      112,29/08/2019,09:27,B,172.168.1.8
       12,29/08/2019,09:28,B,172.168.1.8
      283,29/08/2019,09:38,B,172.168.1.8
       16,29/08/2019,09:38,B,172.168.1.8
       28,29/08/2019,09:39,B,172.168.1.8
      206,29/08/2019,09:44,B,172.168.1.8
      123,29/08/2019,09:45,B,172.168.1.8
      117,29/08/2019,09:46,B,172.168.1.8
       26,29/08/2019,09:50,B,172.168.1.8
      110,29/08/2019,09:51,B,172.168.1.8
      109,29/08/2019,09:51,B,172.168.1.8
       24,29/08/2019,09:51,B,172.168.1.8
      127,29/08/2019,09:53,B,172.168.1.8
      201,29/08/2019,09:55,B,172.168.1.8
      271,29/08/2019,09:55,B,172.168.1.8
      289,29/08/2019,09:55,B,172.168.1.8
      280,29/08/2019,09:58,B,172.168.1.8
      297,29/08/2019,09:58,B,172.168.1.8
       17,29/08/2019,10:00,B,172.168.1.8
      293,29/08/2019,10:00,B,172.168.1.8
      310,29/08/2019,10:02,B,172.168.1.8
       35,29/08/2019,10:03,B,172.168.1.8
      258,29/08/2019,10:07,B,172.168.1.8
       14,29/08/2019,10:07,B,172.168.1.8
        5,29/08/2019,10:09,B,172.168.1.8
       10,29/08/2019,10:09,B,172.168.1.8
       21,29/08/2019,10:15,B,172.168.1.8
      101,29/08/2019,10:20,B,172.168.1.8
      261,29/08/2019,10:22,B,172.168.1.8
      106,29/08/2019,10:22,B,172.168.1.8
        8,29/08/2019,10:29,B,172.168.1.8
        9,29/08/2019,10:29,B,172.168.1.8
      131,29/08/2019,10:33,B,172.168.1.8
      114,29/08/2019,10:34,B,172.168.1.8
      129,29/08/2019,10:35,B,172.168.1.8
      254,29/08/2019,10:38,B,172.168.1.8
      295,29/08/2019,10:39,B,172.168.1.8
        2,29/08/2019,10:46,B,172.168.1.8
      251,29/08/2019,10:51,B,172.168.1.8
       19,29/08/2019,11:19,B,172.168.1.8
       27,29/08/2019,11:24,B,172.168.1.8
      305,29/08/2019,11:51,B,172.168.1.8
      203,29/08/2019,12:45,B,172.168.1.8
      215,29/08/2019,12:58,B,172.168.1.8
      210,29/08/2019,13:11,B,172.168.1.8
      254,29/08/2019,13:14,B,172.168.1.8
      216,29/08/2019,13:17,B,172.168.1.8
      202,29/08/2019,13:18,B,172.168.1.8
      216,29/08/2019,13:18,B,172.168.1.8
      212,29/08/2019,13:18,B,172.168.1.8
      204,29/08/2019,13:19,B,172.168.1.8
      209,29/08/2019,13:21,B,172.168.1.8
      209,29/08/2019,13:21,B,172.168.1.8
      211,29/08/2019,13:59,B,172.168.1.8
      206,29/08/2019,14:00,B,172.168.1.8
      201,29/08/2019,14:01,B,172.168.1.8
      214,29/08/2019,14:07,B,172.168.1.8
      309,29/08/2019,14:53,B,172.168.1.8
      298,29/08/2019,15:01,B,172.168.1.8
      303,29/08/2019,15:03,B,172.168.1.8
       72,29/08/2019,15:03,B,172.168.1.8
      121,29/08/2019,15:12,B,172.168.1.8
      110,29/08/2019,15:16,B,172.168.1.8
      123,29/08/2019,15:17,B,172.168.1.8
      122,29/08/2019,15:19,B,172.168.1.8
       16,29/08/2019,15:21,B,172.168.1.8
      120,29/08/2019,15:27,B,172.168.1.8
      126,29/08/2019,15:35,B,172.168.1.8
       35,29/08/2019,15:36,B,172.168.1.8
        5,29/08/2019,15:36,B,172.168.1.8
       20,29/08/2019,15:40,B,172.168.1.8
      305,29/08/2019,15:40,B,172.168.1.8
       21,29/08/2019,15:42,B,172.168.1.8
      101,29/08/2019,15:52,B,172.168.1.8
      301,29/08/2019,16:00,B,172.168.1.8
      129,29/08/2019,16:00,B,172.168.1.8
      299,29/08/2019,16:02,B,172.168.1.8
       23,29/08/2019,16:16,B,172.168.1.8
       26,29/08/2019,16:20,B,172.168.1.8
       28,29/08/2019,16:20,B,172.168.1.8
       18,29/08/2019,16:27,B,172.168.1.8
       24,29/08/2019,16:45,B,172.168.1.8
      271,29/08/2019,16:50,B,172.168.1.8
       19,29/08/2019,16:50,B,172.168.1.8
       10,29/08/2019,16:51,B,172.168.1.8
      295,29/08/2019,16:51,B,172.168.1.8
      251,29/08/2019,16:51,B,172.168.1.8
      115,29/08/2019,16:51,B,172.168.1.8
       19,29/08/2019,16:52,B,172.168.1.8
       17,29/08/2019,16:56,B,172.168.1.8
       14,29/08/2019,16:58,B,172.168.1.8
       25,29/08/2019,17:01,B,172.168.1.8
       32,29/08/2019,17:03,B,172.168.1.8
       22,29/08/2019,17:04,B,172.168.1.8
        9,29/08/2019,17:05,B,172.168.1.8
        2,29/08/2019,17:05,B,172.168.1.8
        8,29/08/2019,17:08,B,172.168.1.8
       11,29/08/2019,17:08,B,172.168.1.8
       12,29/08/2019,17:10,B,172.168.1.8
      290,29/08/2019,17:11,B,172.168.1.8
      268,29/08/2019,17:12,B,172.168.1.8
      297,29/08/2019,17:14,B,172.168.1.8
      290,29/08/2019,17:15,B,172.168.1.8
      131,29/08/2019,17:15,B,172.168.1.8
      289,29/08/2019,17:17,B,172.168.1.8
      118,29/08/2019,17:20,B,172.168.1.8
      261,29/08/2019,17:23,B,172.168.1.8
      127,29/08/2019,17:24,B,172.168.1.8
      127,29/08/2019,17:25,B,172.168.1.8
      273,29/08/2019,17:25,B,172.168.1.8
      268,29/08/2019,17:30,B,172.168.1.8
      258,29/08/2019,17:33,B,172.168.1.8
      283,29/08/2019,17:33,B,172.168.1.8
      283,29/08/2019,17:34,B,172.168.1.8
      287,29/08/2019,17:34,B,172.168.1.8
      296,29/08/2019,17:35,B,172.168.1.8
      280,29/08/2019,17:59,B,172.168.1.8
      255,29/08/2019,18:01,B,172.168.1.8
      310,29/08/2019,18:01,B,172.168.1.8
      117,29/08/2019,18:01,B,172.168.1.8
      293,29/08/2019,18:15,B,172.168.1.8
      112,29/08/2019,20:12,B,172.168.1.8
      114,29/08/2019,20:12,B,172.168.1.8
      260,29/08/2019,20:13,B,172.168.1.8
      121,30/08/2019,06:39,B,172.168.1.8
      273,30/08/2019,07:19,B,172.168.1.8
      298,30/08/2019,07:28,B,172.168.1.8
      214,30/08/2019,07:36,B,172.168.1.8
      299,30/08/2019,07:50,B,172.168.1.8
      215,30/08/2019,07:50,B,172.168.1.8
      208,30/08/2019,07:52,B,172.168.1.8
      296,30/08/2019,07:56,B,172.168.1.8
      255,30/08/2019,07:58,B,172.168.1.8
      287,30/08/2019,07:59,B,172.168.1.8
      205,30/08/2019,07:59,B,172.168.1.8
      216,30/08/2019,08:00,B,172.168.1.8
      212,30/08/2019,08:01,B,172.168.1.8
      211,30/08/2019,08:06,B,172.168.1.8
      210,30/08/2019,08:07,B,172.168.1.8
      122,30/08/2019,08:08,B,172.168.1.8
      260,30/08/2019,08:30,B,172.168.1.8
      260,30/08/2019,08:30,B,172.168.1.8
      126,30/08/2019,08:38,B,172.168.1.8
       36,30/08/2019,08:47,B,172.168.1.8
      303,30/08/2019,08:48,B,172.168.1.8
      115,30/08/2019,08:52,B,172.168.1.8
      301,30/08/2019,08:52,B,172.168.1.8
      204,30/08/2019,08:54,B,172.168.1.8
      120,30/08/2019,08:55,B,172.168.1.8
      312,30/08/2019,08:56,B,172.168.1.8
      112,30/08/2019,08:57,B,172.168.1.8
       26,30/08/2019,09:06,B,172.168.1.8
       72,30/08/2019,09:11,B,172.168.1.8
       25,30/08/2019,09:11,B,172.168.1.8
       30,30/08/2019,09:16,B,172.168.1.8
      206,30/08/2019,09:16,B,172.168.1.8
       18,30/08/2019,09:16,B,172.168.1.8
      202,30/08/2019,09:17,B,172.168.1.8
       11,30/08/2019,09:19,B,172.168.1.8
       32,30/08/2019,09:19,B,172.168.1.8
       23,30/08/2019,09:21,B,172.168.1.8
      268,30/08/2019,09:22,B,172.168.1.8
       12,30/08/2019,09:32,B,172.168.1.8
      117,30/08/2019,09:38,B,172.168.1.8
      268,30/08/2019,09:40,B,172.168.1.8
       16,30/08/2019,09:41,B,172.168.1.8
       28,30/08/2019,09:41,B,172.168.1.8
      290,30/08/2019,09:42,B,172.168.1.8
      123,30/08/2019,09:42,B,172.168.1.8
       22,30/08/2019,09:45,B,172.168.1.8
      209,30/08/2019,09:45,B,172.168.1.8
      283,30/08/2019,09:47,B,172.168.1.8
       20,30/08/2019,09:48,B,172.168.1.8
      118,30/08/2019,09:51,B,172.168.1.8
      203,30/08/2019,09:52,B,172.168.1.8
      203,30/08/2019,09:52,B,172.168.1.8
       24,30/08/2019,09:53,B,172.168.1.8
       24,30/08/2019,09:53,B,172.168.1.8
      289,30/08/2019,09:55,B,172.168.1.8
      128,30/08/2019,09:55,B,172.168.1.8
      297,30/08/2019,09:58,B,172.168.1.8
      256,30/08/2019,10:00,B,172.168.1.8
      271,30/08/2019,10:00,B,172.168.1.8
      109,30/08/2019,10:03,B,172.168.1.8
      131,30/08/2019,10:03,B,172.168.1.8
       27,30/08/2019,10:03,B,172.168.1.8
       14,30/08/2019,10:04,B,172.168.1.8
      295,30/08/2019,10:07,B,172.168.1.8
      127,30/08/2019,10:08,B,172.168.1.8
      310,30/08/2019,10:09,B,172.168.1.8
      258,30/08/2019,10:09,B,172.168.1.8
       17,30/08/2019,10:12,B,172.168.1.8
      116,30/08/2019,10:13,B,172.168.1.8
        5,30/08/2019,10:14,B,172.168.1.8
       10,30/08/2019,10:14,B,172.168.1.8
       35,30/08/2019,10:15,B,172.168.1.8
      114,30/08/2019,10:21,B,172.168.1.8
      309,30/08/2019,10:24,B,172.168.1.8
      101,30/08/2019,10:25,B,172.168.1.8
        9,30/08/2019,10:28,B,172.168.1.8
      280,30/08/2019,10:29,B,172.168.1.8
        1,30/08/2019,10:30,B,172.168.1.8
      254,30/08/2019,10:37,B,172.168.1.8
      261,30/08/2019,10:37,B,172.168.1.8
        8,30/08/2019,10:39,B,172.168.1.8
      293,30/08/2019,10:40,B,172.168.1.8
        2,30/08/2019,10:52,B,172.168.1.8
      251,30/08/2019,10:55,B,172.168.1.8
       19,30/08/2019,11:21,B,172.168.1.8
       29,30/08/2019,11:34,B,172.168.1.8
       29,30/08/2019,11:34,B,172.168.1.8
      305,30/08/2019,11:46,B,172.168.1.8
      309,30/08/2019,12:42,B,172.168.1.8
      215,30/08/2019,12:46,B,172.168.1.8
      212,30/08/2019,12:46,B,172.168.1.8
      216,30/08/2019,12:46,B,172.168.1.8
      208,30/08/2019,12:54,B,172.168.1.8
      214,30/08/2019,13:05,B,172.168.1.8
      214,30/08/2019,13:06,B,172.168.1.8
      211,30/08/2019,13:08,B,172.168.1.8
      210,30/08/2019,13:09,B,172.168.1.8
      205,30/08/2019,13:19,B,172.168.1.8
      205,30/08/2019,13:19,B,172.168.1.8
      202,30/08/2019,13:29,B,172.168.1.8
      204,30/08/2019,13:33,B,172.168.1.8
      209,30/08/2019,13:33,B,172.168.1.8
      203,30/08/2019,14:09,B,172.168.1.8
      206,30/08/2019,14:10,B,172.168.1.8
      303,30/08/2019,15:11,B,172.168.1.8
      298,30/08/2019,15:12,B,172.168.1.8
       72,30/08/2019,15:15,B,172.168.1.8
      121,30/08/2019,15:17,B,172.168.1.8
       16,30/08/2019,15:18,B,172.168.1.8
       23,30/08/2019,15:22,B,172.168.1.8
      305,30/08/2019,15:37,B,172.168.1.8
       20,30/08/2019,15:38,B,172.168.1.8
        5,30/08/2019,15:38,B,172.168.1.8
       24,30/08/2019,15:43,B,172.168.1.8
       24,30/08/2019,15:44,B,172.168.1.8
      299,30/08/2019,16:05,B,172.168.1.8
      122,30/08/2019,16:06,B,172.168.1.8
       35,30/08/2019,16:06,B,172.168.1.8
       28,30/08/2019,16:11,B,172.168.1.8
       29,30/08/2019,16:28,B,172.168.1.8
       26,30/08/2019,16:33,B,172.168.1.8
      126,30/08/2019,16:35,B,172.168.1.8
      312,30/08/2019,16:38,B,172.168.1.8
      114,30/08/2019,16:47,B,172.168.1.8
       14,30/08/2019,16:50,B,172.168.1.8
       17,30/08/2019,16:53,B,172.168.1.8
       25,30/08/2019,17:00,B,172.168.1.8
       14,30/08/2019,17:02,B,172.168.1.8
        9,30/08/2019,17:05,B,172.168.1.8
       11,30/08/2019,17:08,B,172.168.1.8
       12,30/08/2019,17:10,B,172.168.1.8
      117,30/08/2019,17:11,B,172.168.1.8
      127,30/08/2019,17:14,B,172.168.1.8
      109,30/08/2019,17:14,B,172.168.1.8
        8,30/08/2019,17:14,B,172.168.1.8
      131,30/08/2019,17:14,B,172.168.1.8
       10,30/08/2019,17:15,B,172.168.1.8
      261,30/08/2019,17:16,B,172.168.1.8
      273,30/08/2019,17:16,B,172.168.1.8
      289,30/08/2019,17:18,B,172.168.1.8
      120,30/08/2019,17:19,B,172.168.1.8
      297,30/08/2019,17:19,B,172.168.1.8
      295,30/08/2019,17:19,B,172.168.1.8
      271,30/08/2019,17:20,B,172.168.1.8
       22,30/08/2019,17:24,B,172.168.1.8
        2,30/08/2019,17:25,B,172.168.1.8
       19,30/08/2019,17:25,B,172.168.1.8
       71,30/08/2019,17:30,B,172.168.1.8
       32,30/08/2019,17:30,B,172.168.1.8
      254,30/08/2019,17:30,B,172.168.1.8
      268,30/08/2019,17:31,B,172.168.1.8
      287,30/08/2019,17:32,B,172.168.1.8
      280,30/08/2019,17:34,B,172.168.1.8
      268,30/08/2019,17:34,B,172.168.1.8
      296,30/08/2019,17:37,B,172.168.1.8
      258,30/08/2019,17:38,B,172.168.1.8
      290,30/08/2019,17:39,B,172.168.1.8
      118,30/08/2019,17:40,B,172.168.1.8
      258,30/08/2019,17:40,B,172.168.1.8
      283,30/08/2019,17:40,B,172.168.1.8
      280,30/08/2019,17:41,B,172.168.1.8
      287,30/08/2019,17:42,B,172.168.1.8
       30,30/08/2019,17:47,B,172.168.1.8
      255,30/08/2019,18:00,B,172.168.1.8
      310,30/08/2019,18:07,B,172.168.1.8
      101,30/08/2019,18:10,B,172.168.1.8
      310,30/08/2019,18:12,B,172.168.1.8
      116,30/08/2019,18:13,B,172.168.1.8
      115,30/08/2019,18:14,B,172.168.1.8
      251,30/08/2019,18:14,B,172.168.1.8
      293,30/08/2019,18:23,B,172.168.1.8
      112,30/08/2019,19:20,B,172.168.1.8
        1,30/08/2019,19:28,B,172.168.1.8
      256,30/08/2019,19:31,B,172.168.1.8
      112,30/08/2019,19:36,B,172.168.1.8
      112,30/08/2019,19:37,B,172.168.1.8
      260,30/08/2019,19:37,B,172.168.1.8
      121,31/08/2019,06:43,B,172.168.1.8
      214,31/08/2019,07:18,B,172.168.1.8
      273,31/08/2019,07:23,B,172.168.1.8
      126,31/08/2019,07:27,B,172.168.1.8
      299,31/08/2019,07:48,B,172.168.1.8
      207,31/08/2019,07:54,B,172.168.1.8
      210,31/08/2019,07:56,B,172.168.1.8
      298,31/08/2019,07:59,B,172.168.1.8
      213,31/08/2019,08:01,B,172.168.1.8
      296,31/08/2019,08:05,B,172.168.1.8
      255,31/08/2019,08:06,B,172.168.1.8
      205,31/08/2019,08:06,B,172.168.1.8
      211,31/08/2019,08:07,B,172.168.1.8
      287,31/08/2019,08:08,B,172.168.1.8
      208,31/08/2019,08:08,B,172.168.1.8
      203,31/08/2019,08:16,B,172.168.1.8
      260,31/08/2019,08:28,B,172.168.1.8
      216,31/08/2019,08:31,B,172.168.1.8
      212,31/08/2019,08:32,B,172.168.1.8
      115,31/08/2019,08:48,B,172.168.1.8
      209,31/08/2019,08:53,B,172.168.1.8
       26,31/08/2019,08:53,B,172.168.1.8
      202,31/08/2019,08:56,B,172.168.1.8
       12,31/08/2019,08:56,B,172.168.1.8
      120,31/08/2019,09:04,B,172.168.1.8
      312,31/08/2019,09:06,B,172.168.1.8
       18,31/08/2019,09:07,B,172.168.1.8
       20,31/08/2019,09:10,B,172.168.1.8
       72,31/08/2019,09:12,B,172.168.1.8
      122,31/08/2019,09:18,B,172.168.1.8
      110,31/08/2019,09:21,B,172.168.1.8
      268,31/08/2019,09:23,B,172.168.1.8
       11,31/08/2019,09:24,B,172.168.1.8
      127,31/08/2019,09:25,B,172.168.1.8
      215,31/08/2019,09:25,B,172.168.1.8
      303,31/08/2019,09:26,B,172.168.1.8
       25,31/08/2019,09:27,B,172.168.1.8
       32,31/08/2019,09:28,B,172.168.1.8
       24,31/08/2019,09:28,B,172.168.1.8
      118,31/08/2019,09:28,B,172.168.1.8
       14,31/08/2019,09:36,B,172.168.1.8
      309,31/08/2019,09:37,B,172.168.1.8
      290,31/08/2019,09:39,B,172.168.1.8
      206,31/08/2019,09:40,B,172.168.1.8
      280,31/08/2019,09:41,B,172.168.1.8
       16,31/08/2019,09:46,B,172.168.1.8
       16,31/08/2019,09:46,B,172.168.1.8
      128,31/08/2019,09:48,B,172.168.1.8
      117,31/08/2019,09:48,B,172.168.1.8
      123,31/08/2019,09:48,B,172.168.1.8
       23,31/08/2019,09:50,B,172.168.1.8
      256,31/08/2019,09:51,B,172.168.1.8
      283,31/08/2019,09:52,B,172.168.1.8
      271,31/08/2019,09:54,B,172.168.1.8
      289,31/08/2019,09:54,B,172.168.1.8
       27,31/08/2019,09:58,B,172.168.1.8
      297,31/08/2019,10:00,B,172.168.1.8
      295,31/08/2019,10:00,B,172.168.1.8
      112,31/08/2019,10:00,B,172.168.1.8
       36,31/08/2019,10:04,B,172.168.1.8
       22,31/08/2019,10:05,B,172.168.1.8
      114,31/08/2019,10:07,B,172.168.1.8
      310,31/08/2019,10:08,B,172.168.1.8
       17,31/08/2019,10:12,B,172.168.1.8
       29,31/08/2019,10:19,B,172.168.1.8
      261,31/08/2019,10:20,B,172.168.1.8
      258,31/08/2019,10:20,B,172.168.1.8
      205,31/08/2019,10:21,B,172.168.1.8
      109,31/08/2019,10:23,B,172.168.1.8
       30,31/08/2019,10:26,B,172.168.1.8
       21,31/08/2019,10:32,B,172.168.1.8
      214,31/08/2019,10:34,B,172.168.1.8
        9,31/08/2019,10:35,B,172.168.1.8
        2,31/08/2019,10:38,B,172.168.1.8
        8,31/08/2019,10:43,B,172.168.1.8
      116,31/08/2019,10:44,B,172.168.1.8
      211,31/08/2019,10:46,B,172.168.1.8
      210,31/08/2019,10:48,B,172.168.1.8
      203,31/08/2019,10:49,B,172.168.1.8
      101,31/08/2019,10:53,B,172.168.1.8
        1,31/08/2019,10:54,B,172.168.1.8
      208,31/08/2019,10:58,B,172.168.1.8
       35,31/08/2019,11:03,B,172.168.1.8
       10,31/08/2019,11:08,B,172.168.1.8
      251,31/08/2019,11:09,B,172.168.1.8
       28,31/08/2019,11:11,B,172.168.1.8
      213,31/08/2019,11:12,B,172.168.1.8
      209,31/08/2019,11:14,B,172.168.1.8
      207,31/08/2019,11:19,B,172.168.1.8
      216,31/08/2019,11:26,B,172.168.1.8
      207,31/08/2019,11:26,B,172.168.1.8
       19,31/08/2019,11:36,B,172.168.1.8
       65,31/08/2019,11:51,B,172.168.1.8
      215,31/08/2019,11:52,B,172.168.1.8
      202,31/08/2019,11:59,B,172.168.1.8
      212,31/08/2019,12:03,B,172.168.1.8
      206,31/08/2019,12:05,B,172.168.1.8
       24,31/08/2019,12:06,B,172.168.1.8
      122,31/08/2019,12:20,B,172.168.1.8
      293,31/08/2019,12:55,B,172.168.1.8
       35,31/08/2019,12:57,B,172.168.1.8
      309,31/08/2019,13:09,B,172.168.1.8
       23,31/08/2019,13:18,B,172.168.1.8
       12,31/08/2019,13:29,B,172.168.1.8
      303,31/08/2019,13:40,B,172.168.1.8
       72,31/08/2019,13:41,B,172.168.1.8
       18,31/08/2019,14:16,B,172.168.1.8
       18,31/08/2019,14:16,B,172.168.1.8
       29,31/08/2019,14:18,B,172.168.1.8
       16,31/08/2019,14:19,B,172.168.1.8
       16,31/08/2019,14:19,B,172.168.1.8
       10,31/08/2019,14:36,B,172.168.1.8
       21,31/08/2019,14:41,B,172.168.1.8
        9,31/08/2019,14:50,B,172.168.1.8
       30,31/08/2019,15:08,B,172.168.1.8
      271,31/08/2019,15:08,B,172.168.1.8
      271,31/08/2019,15:08,B,172.168.1.8
       17,31/08/2019,15:13,B,172.168.1.8
       20,31/08/2019,15:21,B,172.168.1.8
       27,31/08/2019,15:21,B,172.168.1.8
       22,31/08/2019,15:22,B,172.168.1.8
        2,31/08/2019,15:23,B,172.168.1.8
       32,31/08/2019,15:27,B,172.168.1.8
      121,31/08/2019,15:30,B,172.168.1.8
      312,31/08/2019,15:32,B,172.168.1.8
      258,31/08/2019,15:38,B,172.168.1.8
      126,31/08/2019,15:48,B,172.168.1.8
       28,31/08/2019,15:49,B,172.168.1.8
      126,31/08/2019,15:51,B,172.168.1.8
        8,31/08/2019,15:52,B,172.168.1.8
      299,31/08/2019,16:01,B,172.168.1.8
       11,31/08/2019,16:04,B,172.168.1.8
       32,31/08/2019,16:05,B,172.168.1.8
       14,31/08/2019,16:07,B,172.168.1.8
       65,31/08/2019,16:16,B,172.168.1.8
       19,31/08/2019,16:20,B,172.168.1.8
      127,31/08/2019,16:35,B,172.168.1.8
      127,31/08/2019,16:36,B,172.168.1.8
      295,31/08/2019,16:36,B,172.168.1.8
       25,31/08/2019,17:01,B,172.168.1.8
      116,31/08/2019,17:04,B,172.168.1.8
      123,31/08/2019,17:10,B,172.168.1.8
      110,31/08/2019,17:10,B,172.168.1.8
      109,31/08/2019,17:10,B,172.168.1.8
      118,31/08/2019,17:14,B,172.168.1.8
      297,31/08/2019,17:16,B,172.168.1.8
      261,31/08/2019,17:17,B,172.168.1.8
      128,31/08/2019,17:17,B,172.168.1.8
      120,31/08/2019,17:18,B,172.168.1.8
      289,31/08/2019,17:18,B,172.168.1.8
      268,31/08/2019,17:26,B,172.168.1.8
      280,31/08/2019,17:26,B,172.168.1.8
      273,31/08/2019,17:27,B,172.168.1.8
      296,31/08/2019,17:34,B,172.168.1.8
      290,31/08/2019,17:47,B,172.168.1.8
       26,31/08/2019,17:49,B,172.168.1.8
      112,31/08/2019,17:56,B,172.168.1.8
      112,31/08/2019,18:01,B,172.168.1.8
      117,31/08/2019,18:04,B,172.168.1.8
      283,31/08/2019,18:04,B,172.168.1.8
      310,31/08/2019,18:04,B,172.168.1.8
      112,31/08/2019,18:04,B,172.168.1.8
      255,31/08/2019,18:06,B,172.168.1.8
      293,31/08/2019,18:07,B,172.168.1.8
      101,31/08/2019,18:50,B,172.168.1.8
      260,31/08/2019,19:38,B,172.168.1.8
        1,31/08/2019,19:40,B,172.168.1.8
      256,31/08/2019,20:00,B,172.168.1.8
      114,31/08/2019,22:17,B,172.168.1.8
      117,01/09/2019,08:56,B,172.168.1.8
      126,01/09/2019,11:03,B,172.168.1.8
      117,01/09/2019,13:36,B,172.168.1.8
      117,01/09/2019,13:37,B,172.168.1.8
      126,01/09/2019,22:21,B,172.168.1.8
       58,02/09/2019,09:02,B,172.168.1.8
      112,02/09/2019,11:09,B,172.168.1.8
      126,02/09/2019,11:17,B,172.168.1.8
      117,02/09/2019,13:09,B,172.168.1.8
      112,02/09/2019,17:19,B,172.168.1.8
      112,02/09/2019,17:23,B,172.168.1.8
      112,02/09/2019,17:24,B,172.168.1.8
      121,03/09/2019,06:44,B,172.168.1.8
      125,03/09/2019,07:24,B,172.168.1.8
      273,03/09/2019,07:57,B,172.168.1.8
      299,03/09/2019,08:00,B,172.168.1.8
      287,03/09/2019,08:06,B,172.168.1.8
      287,03/09/2019,08:07,B,172.168.1.8
       52,03/09/2019,08:58,B,172.168.1.8
      120,03/09/2019,09:00,B,172.168.1.8
       72,03/09/2019,09:02,B,172.168.1.8
       23,03/09/2019,09:04,B,172.168.1.8
       51,03/09/2019,09:16,B,172.168.1.8
       25,03/09/2019,09:24,B,172.168.1.8
       14,03/09/2019,09:26,B,172.168.1.8
      303,03/09/2019,09:30,B,172.168.1.8
      290,03/09/2019,09:32,B,172.168.1.8
      122,03/09/2019,09:33,B,172.168.1.8
      123,03/09/2019,09:35,B,172.168.1.8
      268,03/09/2019,09:35,B,172.168.1.8
       32,03/09/2019,09:36,B,172.168.1.8
       11,03/09/2019,09:41,B,172.168.1.8
      312,03/09/2019,09:43,B,172.168.1.8
      109,03/09/2019,09:51,B,172.168.1.8
      110,03/09/2019,09:51,B,172.168.1.8
      112,03/09/2019,09:51,B,172.168.1.8
       24,03/09/2019,09:52,B,172.168.1.8
      128,03/09/2019,09:54,B,172.168.1.8
       20,03/09/2019,09:59,B,172.168.1.8
      297,03/09/2019,10:00,B,172.168.1.8
        5,03/09/2019,10:00,B,172.168.1.8
       10,03/09/2019,10:01,B,172.168.1.8
      297,03/09/2019,10:01,B,172.168.1.8
      289,03/09/2019,10:04,B,172.168.1.8
      310,03/09/2019,10:13,B,172.168.1.8
      116,03/09/2019,10:15,B,172.168.1.8
      131,03/09/2019,10:16,B,172.168.1.8
      114,03/09/2019,10:19,B,172.168.1.8
       26,03/09/2019,10:22,B,172.168.1.8
       28,03/09/2019,10:22,B,172.168.1.8
      127,03/09/2019,10:27,B,172.168.1.8
      101,03/09/2019,10:28,B,172.168.1.8
      280,03/09/2019,10:30,B,172.168.1.8
      293,03/09/2019,10:32,B,172.168.1.8
      117,03/09/2019,10:35,B,172.168.1.8
      255,03/09/2019,10:35,B,172.168.1.8
        1,03/09/2019,10:39,B,172.168.1.8
      261,03/09/2019,10:41,B,172.168.1.8
      251,03/09/2019,10:58,B,172.168.1.8
       35,03/09/2019,11:01,B,172.168.1.8
        9,03/09/2019,11:10,B,172.168.1.8
        8,03/09/2019,11:12,B,172.168.1.8
       16,03/09/2019,11:21,B,172.168.1.8
       16,03/09/2019,11:21,B,172.168.1.8
       18,03/09/2019,11:22,B,172.168.1.8
       51,03/09/2019,11:32,B,172.168.1.8
       30,03/09/2019,11:38,B,172.168.1.8
       22,03/09/2019,11:39,B,172.168.1.8
       17,03/09/2019,11:40,B,172.168.1.8
      106,03/09/2019,11:54,B,172.168.1.8
      305,03/09/2019,12:01,B,172.168.1.8
       65,03/09/2019,12:23,B,172.168.1.8
      122,03/09/2019,12:34,B,172.168.1.8
      312,03/09/2019,12:50,B,172.168.1.8
        9,03/09/2019,13:24,B,172.168.1.8
      311,03/09/2019,13:46,B,172.168.1.8
       72,03/09/2019,14:16,B,172.168.1.8
       30,03/09/2019,14:46,B,172.168.1.8
      128,03/09/2019,14:52,B,172.168.1.8
      128,03/09/2019,14:52,B,172.168.1.8
      128,03/09/2019,14:53,B,172.168.1.8
      110,03/09/2019,14:59,B,172.168.1.8
      127,03/09/2019,15:00,B,172.168.1.8
       16,03/09/2019,15:00,B,172.168.1.8
       20,03/09/2019,15:00,B,172.168.1.8
      297,03/09/2019,15:01,B,172.168.1.8
       35,03/09/2019,15:03,B,172.168.1.8
      127,03/09/2019,15:03,B,172.168.1.8
        5,03/09/2019,15:03,B,172.168.1.8
        5,03/09/2019,15:03,B,172.168.1.8
      289,03/09/2019,15:04,B,172.168.1.8
      121,03/09/2019,15:04,B,172.168.1.8
       22,03/09/2019,15:05,B,172.168.1.8
      120,03/09/2019,15:05,B,172.168.1.8
       23,03/09/2019,15:05,B,172.168.1.8
      303,03/09/2019,15:06,B,172.168.1.8
      303,03/09/2019,15:06,B,172.168.1.8
       17,03/09/2019,15:07,B,172.168.1.8
       18,03/09/2019,15:08,B,172.168.1.8
       11,03/09/2019,15:08,B,172.168.1.8
      101,03/09/2019,15:09,B,172.168.1.8
      299,03/09/2019,15:09,B,172.168.1.8
       14,03/09/2019,15:11,B,172.168.1.8
      117,03/09/2019,15:11,B,172.168.1.8
      251,03/09/2019,15:11,B,172.168.1.8
       28,03/09/2019,15:12,B,172.168.1.8
       32,03/09/2019,15:12,B,172.168.1.8
      131,03/09/2019,15:12,B,172.168.1.8
      311,03/09/2019,15:12,B,172.168.1.8
       25,03/09/2019,15:13,B,172.168.1.8
      268,03/09/2019,15:14,B,172.168.1.8
       10,03/09/2019,15:16,B,172.168.1.8
       24,03/09/2019,15:17,B,172.168.1.8
      273,03/09/2019,15:17,B,172.168.1.8
        8,03/09/2019,15:20,B,172.168.1.8
      261,03/09/2019,15:20,B,172.168.1.8
      114,03/09/2019,15:20,B,172.168.1.8
       65,03/09/2019,15:22,B,172.168.1.8
      305,03/09/2019,15:22,B,172.168.1.8
      106,03/09/2019,15:22,B,172.168.1.8
       26,03/09/2019,15:26,B,172.168.1.8
      112,03/09/2019,15:27,B,172.168.1.8
      290,03/09/2019,15:27,B,172.168.1.8
      280,03/09/2019,15:30,B,172.168.1.8
      268,03/09/2019,15:30,B,172.168.1.8
      287,03/09/2019,15:30,B,172.168.1.8
      112,03/09/2019,15:31,B,172.168.1.8
      116,03/09/2019,15:32,B,172.168.1.8
      255,03/09/2019,15:32,B,172.168.1.8
      112,03/09/2019,15:32,B,172.168.1.8
      293,03/09/2019,15:35,B,172.168.1.8
        1,03/09/2019,16:00,B,172.168.1.8
      125,03/09/2019,16:07,B,172.168.1.8
      310,03/09/2019,16:07,B,172.168.1.8
      123,03/09/2019,20:33,B,172.168.1.8
      121,04/09/2019,06:41,B,172.168.1.8
      273,04/09/2019,07:45,B,172.168.1.8
      125,04/09/2019,07:59,B,172.168.1.8
      299,04/09/2019,08:09,B,172.168.1.8
       65,04/09/2019,08:15,B,172.168.1.8
      126,04/09/2019,08:24,B,172.168.1.8
       14,04/09/2019,08:38,B,172.168.1.8
       52,04/09/2019,08:40,B,172.168.1.8
      303,04/09/2019,08:44,B,172.168.1.8
       36,04/09/2019,08:45,B,172.168.1.8
      301,04/09/2019,08:47,B,172.168.1.8
      120,04/09/2019,08:51,B,172.168.1.8
       11,04/09/2019,08:51,B,172.168.1.8
      309,04/09/2019,08:57,B,172.168.1.8
      312,04/09/2019,09:02,B,172.168.1.8
        5,04/09/2019,09:03,B,172.168.1.8
        5,04/09/2019,09:04,B,172.168.1.8
      112,04/09/2019,09:08,B,172.168.1.8
       17,04/09/2019,09:11,B,172.168.1.8
      255,04/09/2019,09:12,B,172.168.1.8
       32,04/09/2019,09:13,B,172.168.1.8
      118,04/09/2019,09:19,B,172.168.1.8
      122,04/09/2019,09:22,B,172.168.1.8
       72,04/09/2019,09:24,B,172.168.1.8
       25,04/09/2019,09:29,B,172.168.1.8
      268,04/09/2019,09:29,B,172.168.1.8
      290,04/09/2019,09:36,B,172.168.1.8
       16,04/09/2019,09:45,B,172.168.1.8
       24,04/09/2019,09:56,B,172.168.1.8
      256,04/09/2019,10:00,B,172.168.1.8
      289,04/09/2019,10:00,B,172.168.1.8
       23,04/09/2019,10:00,B,172.168.1.8
       20,04/09/2019,10:03,B,172.168.1.8
      110,04/09/2019,10:03,B,172.168.1.8
      283,04/09/2019,10:04,B,172.168.1.8
      297,04/09/2019,10:06,B,172.168.1.8
      297,04/09/2019,10:07,B,172.168.1.8
      128,04/09/2019,10:17,B,172.168.1.8
        1,04/09/2019,10:20,B,172.168.1.8
      127,04/09/2019,10:21,B,172.168.1.8
      116,04/09/2019,10:22,B,172.168.1.8
       12,04/09/2019,10:25,B,172.168.1.8
       28,04/09/2019,10:35,B,172.168.1.8
       26,04/09/2019,10:35,B,172.168.1.8
      293,04/09/2019,10:38,B,172.168.1.8
      310,04/09/2019,10:38,B,172.168.1.8
      131,04/09/2019,10:38,B,172.168.1.8
      261,04/09/2019,10:57,B,172.168.1.8
      123,04/09/2019,10:57,B,172.168.1.8
       10,04/09/2019,10:58,B,172.168.1.8
        2,04/09/2019,11:02,B,172.168.1.8
        2,04/09/2019,11:02,B,172.168.1.8
      114,04/09/2019,11:07,B,172.168.1.8
       73,04/09/2019,11:16,B,172.168.1.8
      101,04/09/2019,11:19,B,172.168.1.8
        9,04/09/2019,11:23,B,172.168.1.8
       52,04/09/2019,11:37,B,172.168.1.8
      251,04/09/2019,11:38,B,172.168.1.8
       23,04/09/2019,12:04,B,172.168.1.8
       18,04/09/2019,12:04,B,172.168.1.8
       16,04/09/2019,12:09,B,172.168.1.8
      122,04/09/2019,12:10,B,172.168.1.8
       22,04/09/2019,12:13,B,172.168.1.8
        9,04/09/2019,12:17,B,172.168.1.8
       19,04/09/2019,12:19,B,172.168.1.8
      128,04/09/2019,12:22,B,172.168.1.8
      110,04/09/2019,12:23,B,172.168.1.8
      125,04/09/2019,12:23,B,172.168.1.8
      116,04/09/2019,12:23,B,172.168.1.8
       65,04/09/2019,12:23,B,172.168.1.8
      297,04/09/2019,12:23,B,172.168.1.8
        5,04/09/2019,12:24,B,172.168.1.8
       11,04/09/2019,12:25,B,172.168.1.8
       10,04/09/2019,12:26,B,172.168.1.8
      297,04/09/2019,12:26,B,172.168.1.8
      289,04/09/2019,12:29,B,172.168.1.8
        8,04/09/2019,12:30,B,172.168.1.8
      303,04/09/2019,12:30,B,172.168.1.8
       72,04/09/2019,12:33,B,172.168.1.8
      121,04/09/2019,12:35,B,172.168.1.8
      268,04/09/2019,12:37,B,172.168.1.8
      127,04/09/2019,12:40,B,172.168.1.8
      131,04/09/2019,12:40,B,172.168.1.8
       12,04/09/2019,12:40,B,172.168.1.8
       26,04/09/2019,12:40,B,172.168.1.8
      310,04/09/2019,12:41,B,172.168.1.8
      290,04/09/2019,12:41,B,172.168.1.8
       22,04/09/2019,12:41,B,172.168.1.8
       17,04/09/2019,12:42,B,172.168.1.8
       28,04/09/2019,12:43,B,172.168.1.8
      127,04/09/2019,12:43,B,172.168.1.8
      118,04/09/2019,12:43,B,172.168.1.8
      261,04/09/2019,12:44,B,172.168.1.8
       25,04/09/2019,12:45,B,172.168.1.8
      312,04/09/2019,12:45,B,172.168.1.8
       24,04/09/2019,12:45,B,172.168.1.8
      101,04/09/2019,12:45,B,172.168.1.8
      101,04/09/2019,12:46,B,172.168.1.8
       24,04/09/2019,12:47,B,172.168.1.8
       36,04/09/2019,12:48,B,172.168.1.8
       14,04/09/2019,12:48,B,172.168.1.8
       12,04/09/2019,12:48,B,172.168.1.8
       22,04/09/2019,12:48,B,172.168.1.8
      283,04/09/2019,12:50,B,172.168.1.8
       32,04/09/2019,12:50,B,172.168.1.8
        2,04/09/2019,12:50,B,172.168.1.8
       73,04/09/2019,12:51,B,172.168.1.8
      120,04/09/2019,12:53,B,172.168.1.8
      273,04/09/2019,12:53,B,172.168.1.8
      114,04/09/2019,12:53,B,172.168.1.8
      112,04/09/2019,12:56,B,172.168.1.8
      112,04/09/2019,12:57,B,172.168.1.8
      112,04/09/2019,12:58,B,172.168.1.8
      299,04/09/2019,13:06,B,172.168.1.8
      287,04/09/2019,13:09,B,172.168.1.8
        1,04/09/2019,13:10,B,172.168.1.8
      293,04/09/2019,13:10,B,172.168.1.8
      255,04/09/2019,13:11,B,172.168.1.8
      301,04/09/2019,13:25,B,172.168.1.8
      126,04/09/2019,13:26,B,172.168.1.8
      256,04/09/2019,13:51,B,172.168.1.8
      123,04/09/2019,16:50,B,172.168.1.8
      126,04/09/2019,17:05,B,172.168.1.8
      126,04/09/2019,17:06,B,172.168.1.8
      121,05/09/2019,06:41,B,172.168.1.8
      273,05/09/2019,07:38,B,172.168.1.8
      126,05/09/2019,08:02,B,172.168.1.8
      299,05/09/2019,08:08,B,172.168.1.8
       52,05/09/2019,08:23,B,172.168.1.8
      255,05/09/2019,08:31,B,172.168.1.8
      287,05/09/2019,08:31,B,172.168.1.8
      301,05/09/2019,08:31,B,172.168.1.8
      303,05/09/2019,08:43,B,172.168.1.8
      309,05/09/2019,08:55,B,172.168.1.8
      312,05/09/2019,09:13,B,172.168.1.8
      312,05/09/2019,09:13,B,172.168.1.8
      268,05/09/2019,09:18,B,172.168.1.8
      268,05/09/2019,09:25,B,172.168.1.8
       25,05/09/2019,09:33,B,172.168.1.8
       30,05/09/2019,09:37,B,172.168.1.8
      290,05/09/2019,09:39,B,172.168.1.8
      114,05/09/2019,09:46,B,172.168.1.8
      280,05/09/2019,09:47,B,172.168.1.8
       14,05/09/2019,09:47,B,172.168.1.8
       65,05/09/2019,09:51,B,172.168.1.8
      256,05/09/2019,10:03,B,172.168.1.8
      297,05/09/2019,10:05,B,172.168.1.8
       10,05/09/2019,10:09,B,172.168.1.8
       10,05/09/2019,10:09,B,172.168.1.8
        5,05/09/2019,10:12,B,172.168.1.8
        9,05/09/2019,10:14,B,172.168.1.8
       72,05/09/2019,10:20,B,172.168.1.8
      116,05/09/2019,10:20,B,172.168.1.8
      293,05/09/2019,10:22,B,172.168.1.8
      110,05/09/2019,10:23,B,172.168.1.8
       36,05/09/2019,10:23,B,172.168.1.8
       24,05/09/2019,10:37,B,172.168.1.8
      125,05/09/2019,10:39,B,172.168.1.8
      101,05/09/2019,10:48,B,172.168.1.8
      261,05/09/2019,10:54,B,172.168.1.8
       28,05/09/2019,10:58,B,172.168.1.8
        1,05/09/2019,10:59,B,172.168.1.8
       26,05/09/2019,11:05,B,172.168.1.8
       35,05/09/2019,11:10,B,172.168.1.8
      106,05/09/2019,11:20,B,172.168.1.8
       16,05/09/2019,11:21,B,172.168.1.8
       20,05/09/2019,11:21,B,172.168.1.8
       18,05/09/2019,11:25,B,172.168.1.8
       17,05/09/2019,11:42,B,172.168.1.8
      112,05/09/2019,11:51,B,172.168.1.8
       52,05/09/2019,12:19,B,172.168.1.8
      305,05/09/2019,12:21,B,172.168.1.8
      125,05/09/2019,13:36,B,172.168.1.8
      309,05/09/2019,13:52,B,172.168.1.8
      303,05/09/2019,14:20,B,172.168.1.8
       35,05/09/2019,14:20,B,172.168.1.8
      312,05/09/2019,14:37,B,172.168.1.8
      301,05/09/2019,14:38,B,172.168.1.8
       72,05/09/2019,14:46,B,172.168.1.8
      121,05/09/2019,14:53,B,172.168.1.8
      121,05/09/2019,14:58,B,172.168.1.8
        5,05/09/2019,15:18,B,172.168.1.8
      126,05/09/2019,15:20,B,172.168.1.8
       24,05/09/2019,15:49,B,172.168.1.8
      268,05/09/2019,15:50,B,172.168.1.8
        9,05/09/2019,15:51,B,172.168.1.8
      305,05/09/2019,15:54,B,172.168.1.8
      299,05/09/2019,16:00,B,172.168.1.8
       14,05/09/2019,16:11,B,172.168.1.8
       65,05/09/2019,16:11,B,172.168.1.8
       16,05/09/2019,16:22,B,172.168.1.8
       18,05/09/2019,16:22,B,172.168.1.8
       20,05/09/2019,16:25,B,172.168.1.8
      255,05/09/2019,16:30,B,172.168.1.8
       26,05/09/2019,16:34,B,172.168.1.8
       28,05/09/2019,16:54,B,172.168.1.8
       10,05/09/2019,16:54,B,172.168.1.8
       25,05/09/2019,16:59,B,172.168.1.8
       29,05/09/2019,16:59,B,172.168.1.8
      110,05/09/2019,17:04,B,172.168.1.8
       30,05/09/2019,17:13,B,172.168.1.8
      261,05/09/2019,17:14,B,172.168.1.8
      297,05/09/2019,17:15,B,172.168.1.8
        1,05/09/2019,17:21,B,172.168.1.8
      273,05/09/2019,17:27,B,172.168.1.8
      114,05/09/2019,17:28,B,172.168.1.8
      256,05/09/2019,17:28,B,172.168.1.8
      287,05/09/2019,17:29,B,172.168.1.8
      280,05/09/2019,17:29,B,172.168.1.8
      106,05/09/2019,17:30,B,172.168.1.8
      287,05/09/2019,17:31,B,172.168.1.8
      268,05/09/2019,17:31,B,172.168.1.8
      293,05/09/2019,17:35,B,172.168.1.8
      101,05/09/2019,17:39,B,172.168.1.8
      251,05/09/2019,17:40,B,172.168.1.8
      116,05/09/2019,18:00,B,172.168.1.8
      112,05/09/2019,20:23,B,172.168.1.8
      290,05/09/2019,20:24,B,172.168.1.8
      121,06/09/2019,06:38,B,172.168.1.8
      273,06/09/2019,07:28,B,172.168.1.8
      126,06/09/2019,08:00,B,172.168.1.8
      299,06/09/2019,08:09,B,172.168.1.8
       16,06/09/2019,08:29,B,172.168.1.8
       65,06/09/2019,08:31,B,172.168.1.8
      260,06/09/2019,08:32,B,172.168.1.8
       52,06/09/2019,08:42,B,172.168.1.8
      287,06/09/2019,08:43,B,172.168.1.8
      112,06/09/2019,08:43,B,172.168.1.8
       64,06/09/2019,08:44,B,172.168.1.8
      255,06/09/2019,08:48,B,172.168.1.8
       23,06/09/2019,08:49,B,172.168.1.8
       24,06/09/2019,08:53,B,172.168.1.8
      120,06/09/2019,08:58,B,172.168.1.8
      303,06/09/2019,09:04,B,172.168.1.8
       12,06/09/2019,09:08,B,172.168.1.8
      312,06/09/2019,09:08,B,172.168.1.8
       11,06/09/2019,09:15,B,172.168.1.8
       36,06/09/2019,09:24,B,172.168.1.8
       30,06/09/2019,09:28,B,172.168.1.8
       32,06/09/2019,09:30,B,172.168.1.8
       25,06/09/2019,09:31,B,172.168.1.8
      290,06/09/2019,09:38,B,172.168.1.8
       58,06/09/2019,09:39,B,172.168.1.8
       20,06/09/2019,09:41,B,172.168.1.8
       14,06/09/2019,09:49,B,172.168.1.8
      128,06/09/2019,09:53,B,172.168.1.8
      101,06/09/2019,09:55,B,172.168.1.8
      131,06/09/2019,09:55,B,172.168.1.8
      110,06/09/2019,09:56,B,172.168.1.8
      109,06/09/2019,09:57,B,172.168.1.8
      256,06/09/2019,10:00,B,172.168.1.8
      127,06/09/2019,10:03,B,172.168.1.8
      297,06/09/2019,10:05,B,172.168.1.8
      289,06/09/2019,10:10,B,172.168.1.8
      258,06/09/2019,10:10,B,172.168.1.8
       72,06/09/2019,10:11,B,172.168.1.8
      114,06/09/2019,10:13,B,172.168.1.8
       29,06/09/2019,10:23,B,172.168.1.8
      283,06/09/2019,10:23,B,172.168.1.8
      301,06/09/2019,10:26,B,172.168.1.8
      254,06/09/2019,10:29,B,172.168.1.8
       35,06/09/2019,10:29,B,172.168.1.8
      293,06/09/2019,10:30,B,172.168.1.8
        1,06/09/2019,10:31,B,172.168.1.8
      309,06/09/2019,10:36,B,172.168.1.8
       28,06/09/2019,10:36,B,172.168.1.8
        5,06/09/2019,10:43,B,172.168.1.8
       26,06/09/2019,10:45,B,172.168.1.8
       74,06/09/2019,10:45,B,172.168.1.8
        8,06/09/2019,10:58,B,172.168.1.8
        9,06/09/2019,11:05,B,172.168.1.8
       31,06/09/2019,11:06,B,172.168.1.8
       27,06/09/2019,11:12,B,172.168.1.8
       18,06/09/2019,11:20,B,172.168.1.8
      251,06/09/2019,11:20,B,172.168.1.8
      106,06/09/2019,11:25,B,172.168.1.8
       52,06/09/2019,11:45,B,172.168.1.8
       19,06/09/2019,11:49,B,172.168.1.8
      305,06/09/2019,11:59,B,172.168.1.8
       64,06/09/2019,12:19,B,172.168.1.8
      116,06/09/2019,12:48,B,172.168.1.8
      268,06/09/2019,13:05,B,172.168.1.8
      311,06/09/2019,13:24,B,172.168.1.8
       16,06/09/2019,13:56,B,172.168.1.8
      309,06/09/2019,14:08,B,172.168.1.8
      311,06/09/2019,14:13,B,172.168.1.8
      301,06/09/2019,14:31,B,172.168.1.8
       72,06/09/2019,15:07,B,172.168.1.8
       72,06/09/2019,15:12,B,172.168.1.8
      121,06/09/2019,15:17,B,172.168.1.8
      303,06/09/2019,15:18,B,172.168.1.8
       20,06/09/2019,15:32,B,172.168.1.8
       35,06/09/2019,15:45,B,172.168.1.8
       11,06/09/2019,15:45,B,172.168.1.8
       36,06/09/2019,15:46,B,172.168.1.8
       14,06/09/2019,16:08,B,172.168.1.8
       28,06/09/2019,16:09,B,172.168.1.8
       65,06/09/2019,16:10,B,172.168.1.8
       23,06/09/2019,16:10,B,172.168.1.8
      299,06/09/2019,16:19,B,172.168.1.8
       24,06/09/2019,16:22,B,172.168.1.8
      305,06/09/2019,16:24,B,172.168.1.8
      312,06/09/2019,16:25,B,172.168.1.8
      114,06/09/2019,16:34,B,172.168.1.8
        5,06/09/2019,16:38,B,172.168.1.8
       29,06/09/2019,16:45,B,172.168.1.8
       22,06/09/2019,16:45,B,172.168.1.8
       32,06/09/2019,16:49,B,172.168.1.8
       22,06/09/2019,16:49,B,172.168.1.8
       12,06/09/2019,17:02,B,172.168.1.8
       25,06/09/2019,17:02,B,172.168.1.8
       10,06/09/2019,17:05,B,172.168.1.8
       19,06/09/2019,17:06,B,172.168.1.8
       18,06/09/2019,17:07,B,172.168.1.8
      128,06/09/2019,17:11,B,172.168.1.8
      110,06/09/2019,17:13,B,172.168.1.8
      109,06/09/2019,17:13,B,172.168.1.8
       26,06/09/2019,17:13,B,172.168.1.8
      297,06/09/2019,17:15,B,172.168.1.8
      127,06/09/2019,17:17,B,172.168.1.8
      127,06/09/2019,17:19,B,172.168.1.8
      289,06/09/2019,17:22,B,172.168.1.8
       27,06/09/2019,17:22,B,172.168.1.8
      116,06/09/2019,17:24,B,172.168.1.8
      120,06/09/2019,17:25,B,172.168.1.8
      287,06/09/2019,17:30,B,172.168.1.8
      287,06/09/2019,17:32,B,172.168.1.8
       30,06/09/2019,17:32,B,172.168.1.8
        1,06/09/2019,17:34,B,172.168.1.8
      290,06/09/2019,17:35,B,172.168.1.8
      254,06/09/2019,17:36,B,172.168.1.8
      251,06/09/2019,17:36,B,172.168.1.8
      287,06/09/2019,17:37,B,172.168.1.8
      268,06/09/2019,17:37,B,172.168.1.8
      256,06/09/2019,17:40,B,172.168.1.8
      101,06/09/2019,17:46,B,172.168.1.8
      273,06/09/2019,17:47,B,172.168.1.8
      258,06/09/2019,17:49,B,172.168.1.8
      106,06/09/2019,17:50,B,172.168.1.8
      117,06/09/2019,17:55,B,172.168.1.8
      117,06/09/2019,18:16,B,172.168.1.8
      283,06/09/2019,18:17,B,172.168.1.8
        8,06/09/2019,18:22,B,172.168.1.8
      293,06/09/2019,18:31,B,172.168.1.8
      255,06/09/2019,18:35,B,172.168.1.8
      255,06/09/2019,18:38,B,172.168.1.8
      112,06/09/2019,19:00,B,172.168.1.8
      112,06/09/2019,19:02,B,172.168.1.8
      260,06/09/2019,20:05,B,172.168.1.8
      260,06/09/2019,20:05,B,172.168.1.8
      126,06/09/2019,20:21,B,172.168.1.8
      121,07/09/2019,06:44,B,172.168.1.8
      273,07/09/2019,07:14,B,172.168.1.8
      125,07/09/2019,08:04,B,172.168.1.8
       65,07/09/2019,08:11,B,172.168.1.8
      301,07/09/2019,08:18,B,172.168.1.8
       16,07/09/2019,08:22,B,172.168.1.8
      260,07/09/2019,08:27,B,172.168.1.8
      260,07/09/2019,08:27,B,172.168.1.8
      312,07/09/2019,08:35,B,172.168.1.8
      126,07/09/2019,08:36,B,172.168.1.8
      299,07/09/2019,08:46,B,172.168.1.8
        5,07/09/2019,08:50,B,172.168.1.8
       27,07/09/2019,08:52,B,172.168.1.8
      255,07/09/2019,08:52,B,172.168.1.8
      120,07/09/2019,08:52,B,172.168.1.8
      303,07/09/2019,09:01,B,172.168.1.8
      303,07/09/2019,09:01,B,172.168.1.8
       12,07/09/2019,09:08,B,172.168.1.8
       12,07/09/2019,09:08,B,172.168.1.8
      268,07/09/2019,09:21,B,172.168.1.8
       18,07/09/2019,09:23,B,172.168.1.8
       20,07/09/2019,09:24,B,172.168.1.8
      112,07/09/2019,09:28,B,172.168.1.8
      287,07/09/2019,09:31,B,172.168.1.8
      112,07/09/2019,09:32,B,172.168.1.8
      290,07/09/2019,09:33,B,172.168.1.8
      287,07/09/2019,09:36,B,172.168.1.8
      283,07/09/2019,09:38,B,172.168.1.8
      117,07/09/2019,09:38,B,172.168.1.8
       11,07/09/2019,09:40,B,172.168.1.8
       32,07/09/2019,09:41,B,172.168.1.8
       30,07/09/2019,09:43,B,172.168.1.8
       23,07/09/2019,09:47,B,172.168.1.8
      110,07/09/2019,09:49,B,172.168.1.8
      109,07/09/2019,09:49,B,172.168.1.8
      118,07/09/2019,09:49,B,172.168.1.8
      128,07/09/2019,09:50,B,172.168.1.8
      256,07/09/2019,09:52,B,172.168.1.8
      116,07/09/2019,09:55,B,172.168.1.8
       26,07/09/2019,09:56,B,172.168.1.8
       72,07/09/2019,09:57,B,172.168.1.8
       36,07/09/2019,10:00,B,172.168.1.8
      289,07/09/2019,10:02,B,172.168.1.8
      297,07/09/2019,10:03,B,172.168.1.8
      258,07/09/2019,10:09,B,172.168.1.8
      114,07/09/2019,10:15,B,172.168.1.8
        1,07/09/2019,10:15,B,172.168.1.8
       21,07/09/2019,10:21,B,172.168.1.8
      310,07/09/2019,10:22,B,172.168.1.8
      101,07/09/2019,10:27,B,172.168.1.8
       19,07/09/2019,10:30,B,172.168.1.8
       24,07/09/2019,10:34,B,172.168.1.8
       17,07/09/2019,10:40,B,172.168.1.8
       10,07/09/2019,10:40,B,172.168.1.8
      254,07/09/2019,10:41,B,172.168.1.8
       22,07/09/2019,10:44,B,172.168.1.8
      261,07/09/2019,10:48,B,172.168.1.8
       35,07/09/2019,10:49,B,172.168.1.8
      251,07/09/2019,10:53,B,172.168.1.8
       16,07/09/2019,10:55,B,172.168.1.8
      293,07/09/2019,10:56,B,172.168.1.8
        2,07/09/2019,11:18,B,172.168.1.8
        5,07/09/2019,11:34,B,172.168.1.8
       28,07/09/2019,11:38,B,172.168.1.8
        9,07/09/2019,11:43,B,172.168.1.8
       29,07/09/2019,11:48,B,172.168.1.8
       18,07/09/2019,12:25,B,172.168.1.8
      299,07/09/2019,12:30,B,172.168.1.8
       27,07/09/2019,12:40,B,172.168.1.8
       21,07/09/2019,12:45,B,172.168.1.8
       36,07/09/2019,12:46,B,172.168.1.8
       35,07/09/2019,12:49,B,172.168.1.8
       17,07/09/2019,13:16,B,172.168.1.8
       11,07/09/2019,13:17,B,172.168.1.8
       72,07/09/2019,13:21,B,172.168.1.8
       26,07/09/2019,13:56,B,172.168.1.8
       12,07/09/2019,14:03,B,172.168.1.8
       24,07/09/2019,14:10,B,172.168.1.8
      301,07/09/2019,14:17,B,172.168.1.8
      121,07/09/2019,14:24,B,172.168.1.8
      121,07/09/2019,14:25,B,172.168.1.8
       29,07/09/2019,14:28,B,172.168.1.8
       29,07/09/2019,14:29,B,172.168.1.8
        9,07/09/2019,14:29,B,172.168.1.8
       65,07/09/2019,14:32,B,172.168.1.8
       19,07/09/2019,14:37,B,172.168.1.8
       37,07/09/2019,14:42,B,172.168.1.8
      125,07/09/2019,14:44,B,172.168.1.8
       23,07/09/2019,14:52,B,172.168.1.8
      128,07/09/2019,14:55,B,172.168.1.8
      110,07/09/2019,14:58,B,172.168.1.8
      109,07/09/2019,14:58,B,172.168.1.8
      297,07/09/2019,15:00,B,172.168.1.8
      289,07/09/2019,15:02,B,172.168.1.8
      261,07/09/2019,15:07,B,172.168.1.8
        2,07/09/2019,15:09,B,172.168.1.8
      120,07/09/2019,15:09,B,172.168.1.8
       10,07/09/2019,15:10,B,172.168.1.8
       28,07/09/2019,15:11,B,172.168.1.8
      254,07/09/2019,15:12,B,172.168.1.8
      251,07/09/2019,15:13,B,172.168.1.8
       22,07/09/2019,15:13,B,172.168.1.8
      101,07/09/2019,15:13,B,172.168.1.8
      101,07/09/2019,15:14,B,172.168.1.8
        8,07/09/2019,15:16,B,172.168.1.8
      258,07/09/2019,15:19,B,172.168.1.8
      268,07/09/2019,15:20,B,172.168.1.8
       32,07/09/2019,15:24,B,172.168.1.8
      117,07/09/2019,15:26,B,172.168.1.8
      283,07/09/2019,15:26,B,172.168.1.8
      290,07/09/2019,15:26,B,172.168.1.8
      290,07/09/2019,15:26,B,172.168.1.8
      268,07/09/2019,15:30,B,172.168.1.8
      287,07/09/2019,15:35,B,172.168.1.8
      287,07/09/2019,15:35,B,172.168.1.8
      268,07/09/2019,15:36,B,172.168.1.8
      114,07/09/2019,15:38,B,172.168.1.8
      116,07/09/2019,15:39,B,172.168.1.8
      310,07/09/2019,15:39,B,172.168.1.8
      273,07/09/2019,15:42,B,172.168.1.8
      293,07/09/2019,16:03,B,172.168.1.8
      293,07/09/2019,16:04,B,172.168.1.8
      255,07/09/2019,16:07,B,172.168.1.8
      112,07/09/2019,16:17,B,172.168.1.8
      112,07/09/2019,16:25,B,172.168.1.8
      126,07/09/2019,19:20,B,172.168.1.8
        1,07/09/2019,20:24,B,172.168.1.8
      256,07/09/2019,20:50,B,172.168.1.8
      260,07/09/2019,20:50,B,172.168.1.8
      126,08/09/2019,09:21,B,172.168.1.8
      126,08/09/2019,09:28,B,172.168.1.8
      260,08/09/2019,09:56,B,172.168.1.8
      112,08/09/2019,10:06,B,172.168.1.8
      112,08/09/2019,14:17,B,172.168.1.8
      112,08/09/2019,14:22,B,172.168.1.8
      260,08/09/2019,14:22,B,172.168.1.8
      126,08/09/2019,18:20,B,172.168.1.8
      121,09/09/2019,06:46,B,172.168.1.8
      273,09/09/2019,07:12,B,172.168.1.8
      299,09/09/2019,07:42,B,172.168.1.8
      208,09/09/2019,07:44,B,172.168.1.8
      204,09/09/2019,07:50,B,172.168.1.8
      215,09/09/2019,07:52,B,172.168.1.8
      125,09/09/2019,07:54,B,172.168.1.8
      209,09/09/2019,07:58,B,172.168.1.8
      216,09/09/2019,08:03,B,172.168.1.8
      255,09/09/2019,08:03,B,172.168.1.8
      212,09/09/2019,08:04,B,172.168.1.8
      211,09/09/2019,08:05,B,172.168.1.8
      205,09/09/2019,08:17,B,172.168.1.8
      210,09/09/2019,08:19,B,172.168.1.8
       52,09/09/2019,08:22,B,172.168.1.8
      287,09/09/2019,08:22,B,172.168.1.8
       65,09/09/2019,08:25,B,172.168.1.8
      260,09/09/2019,08:39,B,172.168.1.8
       16,09/09/2019,08:39,B,172.168.1.8
      303,09/09/2019,08:45,B,172.168.1.8
       36,09/09/2019,08:46,B,172.168.1.8
      207,09/09/2019,08:54,B,172.168.1.8
       18,09/09/2019,08:55,B,172.168.1.8
      120,09/09/2019,08:58,B,172.168.1.8
       17,09/09/2019,08:59,B,172.168.1.8
       64,09/09/2019,09:01,B,172.168.1.8
      312,09/09/2019,09:02,B,172.168.1.8
       72,09/09/2019,09:07,B,172.168.1.8
       23,09/09/2019,09:08,B,172.168.1.8
      122,09/09/2019,09:21,B,172.168.1.8
      268,09/09/2019,09:22,B,172.168.1.8
       25,09/09/2019,09:25,B,172.168.1.8
      280,09/09/2019,09:30,B,172.168.1.8
      283,09/09/2019,09:31,B,172.168.1.8
      203,09/09/2019,09:37,B,172.168.1.8
       32,09/09/2019,09:38,B,172.168.1.8
      112,09/09/2019,09:40,B,172.168.1.8
      123,09/09/2019,09:40,B,172.168.1.8
       21,09/09/2019,09:42,B,172.168.1.8
      117,09/09/2019,09:43,B,172.168.1.8
       29,09/09/2019,09:47,B,172.168.1.8
      116,09/09/2019,09:47,B,172.168.1.8
      118,09/09/2019,09:47,B,172.168.1.8
      256,09/09/2019,09:50,B,172.168.1.8
      206,09/09/2019,09:52,B,172.168.1.8
      110,09/09/2019,09:56,B,172.168.1.8
      109,09/09/2019,09:56,B,172.168.1.8
       24,09/09/2019,09:58,B,172.168.1.8
      290,09/09/2019,09:59,B,172.168.1.8
      297,09/09/2019,10:03,B,172.168.1.8
      258,09/09/2019,10:04,B,172.168.1.8
      128,09/09/2019,10:04,B,172.168.1.8
      289,09/09/2019,10:04,B,172.168.1.8
      127,09/09/2019,10:05,B,172.168.1.8
       12,09/09/2019,10:07,B,172.168.1.8
      201,09/09/2019,10:07,B,172.168.1.8
      131,09/09/2019,10:12,B,172.168.1.8
      293,09/09/2019,10:17,B,172.168.1.8
        8,09/09/2019,10:21,B,172.168.1.8
      101,09/09/2019,10:23,B,172.168.1.8
        5,09/09/2019,10:28,B,172.168.1.8
        5,09/09/2019,10:28,B,172.168.1.8
       10,09/09/2019,10:28,B,172.168.1.8
      251,09/09/2019,10:30,B,172.168.1.8
      310,09/09/2019,10:30,B,172.168.1.8
      261,09/09/2019,10:33,B,172.168.1.8
      114,09/09/2019,10:39,B,172.168.1.8
      254,09/09/2019,10:43,B,172.168.1.8
        2,09/09/2019,10:45,B,172.168.1.8
       73,09/09/2019,10:46,B,172.168.1.8
       74,09/09/2019,10:55,B,172.168.1.8
       28,09/09/2019,10:57,B,172.168.1.8
       27,09/09/2019,11:16,B,172.168.1.8
       19,09/09/2019,11:24,B,172.168.1.8
       11,09/09/2019,11:29,B,172.168.1.8
        9,09/09/2019,11:36,B,172.168.1.8
       22,09/09/2019,11:40,B,172.168.1.8
       35,09/09/2019,11:45,B,172.168.1.8
      129,09/09/2019,12:02,B,172.168.1.8
      309,09/09/2019,12:12,B,172.168.1.8
       64,09/09/2019,12:19,B,172.168.1.8
      290,09/09/2019,12:57,B,172.168.1.8
      215,09/09/2019,13:02,B,172.168.1.8
      208,09/09/2019,13:06,B,172.168.1.8
        1,09/09/2019,13:08,B,172.168.1.8
       65,09/09/2019,13:13,B,172.168.1.8
      204,09/09/2019,13:15,B,172.168.1.8
      209,09/09/2019,13:15,B,172.168.1.8
      216,09/09/2019,13:21,B,172.168.1.8
      212,09/09/2019,13:21,B,172.168.1.8
       52,09/09/2019,13:22,B,172.168.1.8
      211,09/09/2019,13:23,B,172.168.1.8
      210,09/09/2019,13:23,B,172.168.1.8
      205,09/09/2019,13:26,B,172.168.1.8
      205,09/09/2019,13:26,B,172.168.1.8
      254,09/09/2019,13:47,B,172.168.1.8
       16,09/09/2019,14:14,B,172.168.1.8
       74,09/09/2019,14:22,B,172.168.1.8
      203,09/09/2019,14:42,B,172.168.1.8
      309,09/09/2019,14:47,B,172.168.1.8
      206,09/09/2019,14:52,B,172.168.1.8
       36,09/09/2019,14:58,B,172.168.1.8
       18,09/09/2019,15:12,B,172.168.1.8
      201,09/09/2019,15:12,B,172.168.1.8
       69,09/09/2019,15:15,B,172.168.1.8
       21,09/09/2019,15:25,B,172.168.1.8
      309,09/09/2019,15:30,B,172.168.1.8
      303,09/09/2019,15:30,B,172.168.1.8
       72,09/09/2019,15:31,B,172.168.1.8
       29,09/09/2019,15:37,B,172.168.1.8
      125,09/09/2019,15:50,B,172.168.1.8
      312,09/09/2019,15:52,B,172.168.1.8
       24,09/09/2019,15:54,B,172.168.1.8
      299,09/09/2019,16:13,B,172.168.1.8
      121,09/09/2019,16:14,B,172.168.1.8
       20,09/09/2019,16:28,B,172.168.1.8
       35,09/09/2019,16:45,B,172.168.1.8
       27,09/09/2019,16:52,B,172.168.1.8
       28,09/09/2019,16:55,B,172.168.1.8
       23,09/09/2019,16:55,B,172.168.1.8
       19,09/09/2019,16:56,B,172.168.1.8
       10,09/09/2019,16:56,B,172.168.1.8
       12,09/09/2019,17:02,B,172.168.1.8
       25,09/09/2019,17:07,B,172.168.1.8
       73,09/09/2019,17:08,B,172.168.1.8
       73,09/09/2019,17:08,B,172.168.1.8
        2,09/09/2019,17:08,B,172.168.1.8
       22,09/09/2019,17:09,B,172.168.1.8
        9,09/09/2019,17:09,B,172.168.1.8
      109,09/09/2019,17:12,B,172.168.1.8
      110,09/09/2019,17:13,B,172.168.1.8
      110,09/09/2019,17:13,B,172.168.1.8
      128,09/09/2019,17:13,B,172.168.1.8
      261,09/09/2019,17:18,B,172.168.1.8
      122,09/09/2019,17:18,B,172.168.1.8
      297,09/09/2019,17:18,B,172.168.1.8
      289,09/09/2019,17:19,B,172.168.1.8
       17,09/09/2019,17:19,B,172.168.1.8
      131,09/09/2019,17:19,B,172.168.1.8
       11,09/09/2019,17:19,B,172.168.1.8
      127,09/09/2019,17:20,B,172.168.1.8
      120,09/09/2019,17:21,B,172.168.1.8
      120,09/09/2019,17:21,B,172.168.1.8
      268,09/09/2019,17:22,B,172.168.1.8
      118,09/09/2019,17:22,B,172.168.1.8
       32,09/09/2019,17:40,B,172.168.1.8
      123,09/09/2019,17:41,B,172.168.1.8
       32,09/09/2019,17:51,B,172.168.1.8
      293,09/09/2019,17:51,B,172.168.1.8
      280,09/09/2019,17:52,B,172.168.1.8
      114,09/09/2019,17:57,B,172.168.1.8
      273,09/09/2019,17:58,B,172.168.1.8
      256,09/09/2019,18:04,B,172.168.1.8
      112,09/09/2019,18:04,B,172.168.1.8
      129,09/09/2019,18:06,B,172.168.1.8
      251,09/09/2019,18:07,B,172.168.1.8
        8,09/09/2019,18:11,B,172.168.1.8
      101,09/09/2019,18:14,B,172.168.1.8
      116,09/09/2019,18:16,B,172.168.1.8
      256,09/09/2019,18:18,B,172.168.1.8
      117,09/09/2019,18:18,B,172.168.1.8
      283,09/09/2019,18:19,B,172.168.1.8
      117,09/09/2019,18:20,B,172.168.1.8
      283,09/09/2019,18:20,B,172.168.1.8
      258,09/09/2019,18:27,B,172.168.1.8
      255,09/09/2019,18:30,B,172.168.1.8
      268,09/09/2019,19:03,B,172.168.1.8
      290,09/09/2019,19:09,B,172.168.1.8
      260,09/09/2019,20:16,B,172.168.1.8
        1,09/09/2019,20:41,B,172.168.1.8
      256,09/09/2019,20:57,B,172.168.1.8
      287,09/09/2019,22:06,B,172.168.1.8
      112,09/09/2019,22:06,B,172.168.1.8
      112,10/09/2019,09:09,B,172.168.1.8
      260,10/09/2019,09:09,B,172.168.1.8
      287,10/09/2019,09:41,B,172.168.1.8
      128,10/09/2019,10:11,B,172.168.1.8
      254,10/09/2019,10:41,B,172.168.1.8
      251,10/09/2019,11:03,B,172.168.1.8
      256,10/09/2019,11:14,B,172.168.1.8
       37,10/09/2019,11:32,B,172.168.1.8
      101,10/09/2019,12:29,B,172.168.1.8
        1,10/09/2019,12:43,B,172.168.1.8
      128,10/09/2019,16:45,B,172.168.1.8
      254,10/09/2019,16:45,B,172.168.1.8
      251,10/09/2019,16:46,B,172.168.1.8
      101,10/09/2019,17:26,B,172.168.1.8
        1,10/09/2019,17:31,B,172.168.1.8
      112,10/09/2019,20:28,B,172.168.1.8
      260,10/09/2019,20:45,B,172.168.1.8
      256,10/09/2019,21:13,B,172.168.1.8
      287,10/09/2019,21:13,B,172.168.1.8
      112,10/09/2019,21:14,B,172.168.1.8
      121,11/09/2019,06:48,B,172.168.1.8
      298,11/09/2019,07:30,B,172.168.1.8
      119,11/09/2019,07:35,B,172.168.1.8
      215,11/09/2019,07:46,B,172.168.1.8
      299,11/09/2019,07:51,B,172.168.1.8
      255,11/09/2019,07:53,B,172.168.1.8
      296,11/09/2019,07:55,B,172.168.1.8
      213,11/09/2019,07:56,B,172.168.1.8
      125,11/09/2019,07:57,B,172.168.1.8
      206,11/09/2019,08:02,B,172.168.1.8
      207,11/09/2019,08:02,B,172.168.1.8
      212,11/09/2019,08:03,B,172.168.1.8
      202,11/09/2019,08:03,B,172.168.1.8
      301,11/09/2019,08:04,B,172.168.1.8
      205,11/09/2019,08:05,B,172.168.1.8
       65,11/09/2019,08:12,B,172.168.1.8
       52,11/09/2019,08:23,B,172.168.1.8
      126,11/09/2019,08:35,B,172.168.1.8
      112,11/09/2019,08:39,B,172.168.1.8
      303,11/09/2019,08:43,B,172.168.1.8
       36,11/09/2019,08:43,B,172.168.1.8
      260,11/09/2019,08:46,B,172.168.1.8
      214,11/09/2019,08:50,B,172.168.1.8
      309,11/09/2019,08:51,B,172.168.1.8
      208,11/09/2019,08:52,B,172.168.1.8
      120,11/09/2019,08:58,B,172.168.1.8
      204,11/09/2019,09:00,B,172.168.1.8
       11,11/09/2019,09:05,B,172.168.1.8
       17,11/09/2019,09:06,B,172.168.1.8
      312,11/09/2019,09:07,B,172.168.1.8
       23,11/09/2019,09:12,B,172.168.1.8
       72,11/09/2019,09:16,B,172.168.1.8
      122,11/09/2019,09:22,B,172.168.1.8
      268,11/09/2019,09:28,B,172.168.1.8
       14,11/09/2019,09:31,B,172.168.1.8
      211,11/09/2019,09:34,B,172.168.1.8
      123,11/09/2019,09:35,B,172.168.1.8
      290,11/09/2019,09:36,B,172.168.1.8
       12,11/09/2019,09:41,B,172.168.1.8
       12,11/09/2019,09:41,B,172.168.1.8
      203,11/09/2019,09:41,B,172.168.1.8
       16,11/09/2019,09:43,B,172.168.1.8
      117,11/09/2019,09:43,B,172.168.1.8
      209,11/09/2019,09:46,B,172.168.1.8
      114,11/09/2019,09:50,B,172.168.1.8
      280,11/09/2019,09:51,B,172.168.1.8
      201,11/09/2019,09:52,B,172.168.1.8
      109,11/09/2019,09:55,B,172.168.1.8
       18,11/09/2019,09:55,B,172.168.1.8
      110,11/09/2019,09:55,B,172.168.1.8
      297,11/09/2019,10:01,B,172.168.1.8
      128,11/09/2019,10:01,B,172.168.1.8
      271,11/09/2019,10:01,B,172.168.1.8
      310,11/09/2019,10:01,B,172.168.1.8
      256,11/09/2019,10:02,B,172.168.1.8
        5,11/09/2019,10:02,B,172.168.1.8
       10,11/09/2019,10:02,B,172.168.1.8
      258,11/09/2019,10:06,B,172.168.1.8
      251,11/09/2019,10:08,B,172.168.1.8
      131,11/09/2019,10:09,B,172.168.1.8
      283,11/09/2019,10:10,B,172.168.1.8
       21,11/09/2019,10:11,B,172.168.1.8
       24,11/09/2019,10:13,B,172.168.1.8
      116,11/09/2019,10:14,B,172.168.1.8
      127,11/09/2019,10:15,B,172.168.1.8
      210,11/09/2019,10:17,B,172.168.1.8
       35,11/09/2019,10:28,B,172.168.1.8
        8,11/09/2019,10:28,B,172.168.1.8
      293,11/09/2019,10:31,B,172.168.1.8
       22,11/09/2019,10:34,B,172.168.1.8
      261,11/09/2019,10:37,B,172.168.1.8
      101,11/09/2019,10:37,B,172.168.1.8
       30,11/09/2019,10:38,B,172.168.1.8
        1,11/09/2019,10:51,B,172.168.1.8
        9,11/09/2019,10:52,B,172.168.1.8
      254,11/09/2019,10:54,B,172.168.1.8
       28,11/09/2019,11:07,B,172.168.1.8
       27,11/09/2019,11:17,B,172.168.1.8
       73,11/09/2019,11:19,B,172.168.1.8
        2,11/09/2019,11:20,B,172.168.1.8
       19,11/09/2019,11:28,B,172.168.1.8
       52,11/09/2019,11:29,B,172.168.1.8
       32,11/09/2019,11:41,B,172.168.1.8
      106,11/09/2019,12:12,B,172.168.1.8
      280,11/09/2019,12:12,B,172.168.1.8
      215,11/09/2019,13:04,B,172.168.1.8
      205,11/09/2019,13:05,B,172.168.1.8
      205,11/09/2019,13:05,B,172.168.1.8
      205,11/09/2019,13:06,B,172.168.1.8
      202,11/09/2019,13:12,B,172.168.1.8
      204,11/09/2019,13:26,B,172.168.1.8
      212,11/09/2019,13:26,B,172.168.1.8
      207,11/09/2019,13:26,B,172.168.1.8
      206,11/09/2019,13:26,B,172.168.1.8
      206,11/09/2019,13:28,B,172.168.1.8
      204,11/09/2019,13:28,B,172.168.1.8
      209,11/09/2019,13:28,B,172.168.1.8
      213,11/09/2019,13:28,B,172.168.1.8
      311,11/09/2019,13:44,B,172.168.1.8
       64,11/09/2019,14:01,B,172.168.1.8
      208,11/09/2019,14:09,B,172.168.1.8
      214,11/09/2019,14:23,B,172.168.1.8
      211,11/09/2019,14:35,B,172.168.1.8
      210,11/09/2019,14:45,B,172.168.1.8
       36,11/09/2019,14:52,B,172.168.1.8
      203,11/09/2019,14:53,B,172.168.1.8
      201,11/09/2019,14:55,B,172.168.1.8
      301,11/09/2019,15:08,B,172.168.1.8
       20,11/09/2019,15:30,B,172.168.1.8
      303,11/09/2019,15:41,B,172.168.1.8
       16,11/09/2019,15:50,B,172.168.1.8
       72,11/09/2019,15:51,B,172.168.1.8
        5,11/09/2019,15:55,B,172.168.1.8
       69,11/09/2019,15:56,B,172.168.1.8
       18,11/09/2019,16:00,B,172.168.1.8
       16,11/09/2019,16:00,B,172.168.1.8
      125,11/09/2019,16:08,B,172.168.1.8
      121,11/09/2019,16:17,B,172.168.1.8
      312,11/09/2019,16:17,B,172.168.1.8
      311,11/09/2019,16:19,B,172.168.1.8
       35,11/09/2019,16:29,B,172.168.1.8
       21,11/09/2019,16:29,B,172.168.1.8
      109,11/09/2019,16:30,B,172.168.1.8
      119,11/09/2019,16:38,B,172.168.1.8
       23,11/09/2019,16:42,B,172.168.1.8
       17,11/09/2019,16:50,B,172.168.1.8
       28,11/09/2019,16:51,B,172.168.1.8
       19,11/09/2019,16:56,B,172.168.1.8
      298,11/09/2019,16:58,B,172.168.1.8
      298,11/09/2019,16:59,B,172.168.1.8
      298,11/09/2019,17:01,B,172.168.1.8
       12,11/09/2019,17:02,B,172.168.1.8
      299,11/09/2019,17:04,B,172.168.1.8
       24,11/09/2019,17:04,B,172.168.1.8
       10,11/09/2019,17:04,B,172.168.1.8
       31,11/09/2019,17:05,B,172.168.1.8
       29,11/09/2019,17:07,B,172.168.1.8
        9,11/09/2019,17:08,B,172.168.1.8
      128,11/09/2019,17:12,B,172.168.1.8
      110,11/09/2019,17:13,B,172.168.1.8
      273,11/09/2019,17:14,B,172.168.1.8
       22,11/09/2019,17:14,B,172.168.1.8
      297,11/09/2019,17:18,B,172.168.1.8
      122,11/09/2019,17:20,B,172.168.1.8
      271,11/09/2019,17:20,B,172.168.1.8
      131,11/09/2019,17:20,B,172.168.1.8
      297,11/09/2019,17:21,B,172.168.1.8
      261,11/09/2019,17:28,B,172.168.1.8
      120,11/09/2019,17:29,B,172.168.1.8
      254,11/09/2019,17:32,B,172.168.1.8
      127,11/09/2019,17:33,B,172.168.1.8
       32,11/09/2019,17:35,B,172.168.1.8
       73,11/09/2019,17:35,B,172.168.1.8
        2,11/09/2019,17:35,B,172.168.1.8
       27,11/09/2019,17:37,B,172.168.1.8
       14,11/09/2019,17:41,B,172.168.1.8
      114,11/09/2019,17:46,B,172.168.1.8
      287,11/09/2019,17:57,B,172.168.1.8
      290,11/09/2019,17:57,B,172.168.1.8
      296,11/09/2019,17:58,B,172.168.1.8
      268,11/09/2019,17:58,B,172.168.1.8
       30,11/09/2019,17:58,B,172.168.1.8
      258,11/09/2019,18:01,B,172.168.1.8
      293,11/09/2019,18:06,B,172.168.1.8
      123,11/09/2019,18:12,B,172.168.1.8
      258,11/09/2019,18:13,B,172.168.1.8
      106,11/09/2019,18:14,B,172.168.1.8
      290,11/09/2019,18:14,B,172.168.1.8
      116,11/09/2019,18:18,B,172.168.1.8
      283,11/09/2019,18:18,B,172.168.1.8
      117,11/09/2019,18:18,B,172.168.1.8
      310,11/09/2019,18:19,B,172.168.1.8
      255,11/09/2019,18:27,B,172.168.1.8
        1,11/09/2019,19:09,B,172.168.1.8
      251,11/09/2019,19:17,B,172.168.1.8
      101,11/09/2019,19:17,B,172.168.1.8
        8,11/09/2019,19:20,B,172.168.1.8
      256,11/09/2019,19:50,B,172.168.1.8
      260,11/09/2019,22:06,B,172.168.1.8
      112,11/09/2019,23:24,B,172.168.1.8
      126,11/09/2019,23:24,B,172.168.1.8
      126,12/09/2019,10:43,B,172.168.1.8
      128,12/09/2019,10:43,B,172.168.1.8
      110,12/09/2019,10:43,B,172.168.1.8
      101,12/09/2019,10:43,B,172.168.1.8
      260,12/09/2019,10:44,B,172.168.1.8
      251,12/09/2019,11:06,B,172.168.1.8
      112,12/09/2019,11:18,B,172.168.1.8
      110,12/09/2019,14:54,B,172.168.1.8
      128,12/09/2019,14:54,B,172.168.1.8
      101,12/09/2019,15:49,B,172.168.1.8
      251,12/09/2019,15:49,B,172.168.1.8
      260,12/09/2019,17:17,B,172.168.1.8
      260,12/09/2019,17:17,B,172.168.1.8
      260,12/09/2019,17:17,B,172.168.1.8
      126,12/09/2019,17:56,B,172.168.1.8
      112,12/09/2019,17:56,B,172.168.1.8
      112,12/09/2019,17:57,B,172.168.1.8
      121,13/09/2019,06:50,B,172.168.1.8
      273,13/09/2019,07:27,B,172.168.1.8
      214,13/09/2019,07:30,B,172.168.1.8
      216,13/09/2019,07:31,B,172.168.1.8
      119,13/09/2019,07:31,B,172.168.1.8
      299,13/09/2019,07:50,B,172.168.1.8
      215,13/09/2019,07:52,B,172.168.1.8
      125,13/09/2019,07:55,B,172.168.1.8
      207,13/09/2019,07:56,B,172.168.1.8
      255,13/09/2019,07:57,B,172.168.1.8
      208,13/09/2019,07:59,B,172.168.1.8
      298,13/09/2019,08:02,B,172.168.1.8
      296,13/09/2019,08:02,B,172.168.1.8
      210,13/09/2019,08:03,B,172.168.1.8
      212,13/09/2019,08:04,B,172.168.1.8
      211,13/09/2019,08:04,B,172.168.1.8
      205,13/09/2019,08:05,B,172.168.1.8
      126,13/09/2019,08:19,B,172.168.1.8
       65,13/09/2019,08:26,B,172.168.1.8
       52,13/09/2019,08:30,B,172.168.1.8
       16,13/09/2019,08:37,B,172.168.1.8
       24,13/09/2019,08:40,B,172.168.1.8
      260,13/09/2019,08:43,B,172.168.1.8
       64,13/09/2019,08:43,B,172.168.1.8
      303,13/09/2019,08:46,B,172.168.1.8
       11,13/09/2019,08:50,B,172.168.1.8
       23,13/09/2019,08:53,B,172.168.1.8
      287,13/09/2019,08:54,B,172.168.1.8
      118,13/09/2019,08:58,B,172.168.1.8
      209,13/09/2019,09:01,B,172.168.1.8
      204,13/09/2019,09:01,B,172.168.1.8
      206,13/09/2019,09:01,B,172.168.1.8
       36,13/09/2019,09:14,B,172.168.1.8
       18,13/09/2019,09:21,B,172.168.1.8
       32,13/09/2019,09:25,B,172.168.1.8
      283,13/09/2019,09:26,B,172.168.1.8
       20,13/09/2019,09:29,B,172.168.1.8
      202,13/09/2019,09:29,B,172.168.1.8
      120,13/09/2019,09:30,B,172.168.1.8
       25,13/09/2019,09:30,B,172.168.1.8
      203,13/09/2019,09:32,B,172.168.1.8
      116,13/09/2019,09:37,B,172.168.1.8
      290,13/09/2019,09:37,B,172.168.1.8
       17,13/09/2019,09:39,B,172.168.1.8
      122,13/09/2019,09:41,B,172.168.1.8
       30,13/09/2019,09:41,B,172.168.1.8
      112,13/09/2019,09:42,B,172.168.1.8
      117,13/09/2019,09:48,B,172.168.1.8
      123,13/09/2019,09:51,B,172.168.1.8
       14,13/09/2019,09:52,B,172.168.1.8
      109,13/09/2019,09:52,B,172.168.1.8
      110,13/09/2019,09:52,B,172.168.1.8
      131,13/09/2019,09:53,B,172.168.1.8
      128,13/09/2019,09:53,B,172.168.1.8
      271,13/09/2019,09:55,B,172.168.1.8
      213,13/09/2019,09:56,B,172.168.1.8
      256,13/09/2019,09:56,B,172.168.1.8
      258,13/09/2019,09:58,B,172.168.1.8
      310,13/09/2019,09:59,B,172.168.1.8
      309,13/09/2019,10:04,B,172.168.1.8
      289,13/09/2019,10:06,B,172.168.1.8
       35,13/09/2019,10:07,B,172.168.1.8
      312,13/09/2019,10:07,B,172.168.1.8
      127,13/09/2019,10:08,B,172.168.1.8
      297,13/09/2019,10:10,B,172.168.1.8
      201,13/09/2019,10:16,B,172.168.1.8
      114,13/09/2019,10:18,B,172.168.1.8
      261,13/09/2019,10:19,B,172.168.1.8
      106,13/09/2019,10:22,B,172.168.1.8
       10,13/09/2019,10:23,B,172.168.1.8
        5,13/09/2019,10:23,B,172.168.1.8
       29,13/09/2019,10:25,B,172.168.1.8
      129,13/09/2019,10:26,B,172.168.1.8
       28,13/09/2019,10:29,B,172.168.1.8
      251,13/09/2019,10:31,B,172.168.1.8
      101,13/09/2019,10:31,B,172.168.1.8
       37,13/09/2019,10:32,B,172.168.1.8
      301,13/09/2019,10:37,B,172.168.1.8
      305,13/09/2019,10:39,B,172.168.1.8
       21,13/09/2019,10:40,B,172.168.1.8
      254,13/09/2019,10:41,B,172.168.1.8
        9,13/09/2019,10:41,B,172.168.1.8
        1,13/09/2019,10:43,B,172.168.1.8
       74,13/09/2019,10:53,B,172.168.1.8
       72,13/09/2019,10:57,B,172.168.1.8
        2,13/09/2019,11:12,B,172.168.1.8
       19,13/09/2019,11:28,B,172.168.1.8
        8,13/09/2019,11:29,B,172.168.1.8
       22,13/09/2019,11:34,B,172.168.1.8
       26,13/09/2019,11:38,B,172.168.1.8
       31,13/09/2019,11:44,B,172.168.1.8
       27,13/09/2019,11:58,B,172.168.1.8
       64,13/09/2019,12:20,B,172.168.1.8
      293,13/09/2019,12:52,B,172.168.1.8
      110,13/09/2019,12:55,B,172.168.1.8
      210,13/09/2019,13:05,B,172.168.1.8
      205,13/09/2019,13:08,B,172.168.1.8
      205,13/09/2019,13:08,B,172.168.1.8
      211,13/09/2019,13:12,B,172.168.1.8
      214,13/09/2019,13:12,B,172.168.1.8
      215,13/09/2019,13:13,B,172.168.1.8
      210,13/09/2019,13:13,B,172.168.1.8
      268,13/09/2019,13:18,B,172.168.1.8
      212,13/09/2019,13:22,B,172.168.1.8
      207,13/09/2019,13:22,B,172.168.1.8
      209,13/09/2019,14:11,B,172.168.1.8
      209,13/09/2019,14:11,B,172.168.1.8
      206,13/09/2019,14:11,B,172.168.1.8
       74,13/09/2019,14:17,B,172.168.1.8
      309,13/09/2019,14:24,B,172.168.1.8
       36,13/09/2019,14:27,B,172.168.1.8
      204,13/09/2019,14:32,B,172.168.1.8
      203,13/09/2019,14:33,B,172.168.1.8
       11,13/09/2019,14:38,B,172.168.1.8
      202,13/09/2019,14:55,B,172.168.1.8
        1,13/09/2019,14:55,B,172.168.1.8
      305,13/09/2019,15:11,B,172.168.1.8
      298,13/09/2019,15:12,B,172.168.1.8
      303,13/09/2019,15:15,B,172.168.1.8
      201,13/09/2019,15:17,B,172.168.1.8
       16,13/09/2019,15:19,B,172.168.1.8
       20,13/09/2019,15:24,B,172.168.1.8
       35,13/09/2019,15:32,B,172.168.1.8
       18,13/09/2019,15:36,B,172.168.1.8
      121,13/09/2019,15:46,B,172.168.1.8
      299,13/09/2019,16:00,B,172.168.1.8
      125,13/09/2019,16:01,B,172.168.1.8
       28,13/09/2019,16:14,B,172.168.1.8
        9,13/09/2019,16:22,B,172.168.1.8
       72,13/09/2019,16:34,B,172.168.1.8
       24,13/09/2019,16:35,B,172.168.1.8
       29,13/09/2019,16:36,B,172.168.1.8
      119,13/09/2019,16:37,B,172.168.1.8
      312,13/09/2019,16:48,B,172.168.1.8
      127,13/09/2019,16:49,B,172.168.1.8
       21,13/09/2019,16:51,B,172.168.1.8
      127,13/09/2019,16:54,B,172.168.1.8
       25,13/09/2019,17:00,B,172.168.1.8
        5,13/09/2019,17:03,B,172.168.1.8
       19,13/09/2019,17:05,B,172.168.1.8
       32,13/09/2019,17:10,B,172.168.1.8
      256,13/09/2019,17:11,B,172.168.1.8
      128,13/09/2019,17:11,B,172.168.1.8
       23,13/09/2019,17:13,B,172.168.1.8
      109,13/09/2019,17:13,B,172.168.1.8
      118,13/09/2019,17:15,B,172.168.1.8
       27,13/09/2019,17:16,B,172.168.1.8
      297,13/09/2019,17:16,B,172.168.1.8
      271,13/09/2019,17:16,B,172.168.1.8
      289,13/09/2019,17:17,B,172.168.1.8
      122,13/09/2019,17:18,B,172.168.1.8
      261,13/09/2019,17:19,B,172.168.1.8
       14,13/09/2019,17:20,B,172.168.1.8
       65,13/09/2019,17:23,B,172.168.1.8
       22,13/09/2019,17:23,B,172.168.1.8
      120,13/09/2019,17:26,B,172.168.1.8
       22,13/09/2019,17:26,B,172.168.1.8
        2,13/09/2019,17:26,B,172.168.1.8
       26,13/09/2019,17:32,B,172.168.1.8
       10,13/09/2019,17:33,B,172.168.1.8
      254,13/09/2019,17:40,B,172.168.1.8
      251,13/09/2019,17:40,B,172.168.1.8
      273,13/09/2019,17:40,B,172.168.1.8
       17,13/09/2019,17:46,B,172.168.1.8
      258,13/09/2019,17:50,B,172.168.1.8
      268,13/09/2019,18:00,B,172.168.1.8
       30,13/09/2019,18:00,B,172.168.1.8
      268,13/09/2019,18:00,B,172.168.1.8
      293,13/09/2019,18:03,B,172.168.1.8
      101,13/09/2019,18:04,B,172.168.1.8
        8,13/09/2019,18:07,B,172.168.1.8
      114,13/09/2019,18:08,B,172.168.1.8
      123,13/09/2019,18:19,B,172.168.1.8
      117,13/09/2019,18:20,B,172.168.1.8
      116,13/09/2019,18:21,B,172.168.1.8
      129,13/09/2019,18:25,B,172.168.1.8
      255,13/09/2019,18:31,B,172.168.1.8
      310,13/09/2019,19:04,B,172.168.1.8
      310,13/09/2019,19:06,B,172.168.1.8
      283,13/09/2019,19:06,B,172.168.1.8
      106,13/09/2019,19:06,B,172.168.1.8
      296,13/09/2019,19:07,B,172.168.1.8
      260,13/09/2019,21:22,B,172.168.1.8
      287,13/09/2019,23:00,B,172.168.1.8
      287,13/09/2019,23:20,B,172.168.1.8
      126,13/09/2019,23:20,B,172.168.1.8
      112,13/09/2019,23:20,B,172.168.1.8
      121,14/09/2019,06:45,B,172.168.1.8
      214,14/09/2019,07:10,B,172.168.1.8
      273,14/09/2019,07:25,B,172.168.1.8
      119,14/09/2019,07:31,B,172.168.1.8
      299,14/09/2019,07:44,B,172.168.1.8
      208,14/09/2019,07:53,B,172.168.1.8
      207,14/09/2019,07:55,B,172.168.1.8
      207,14/09/2019,07:55,B,172.168.1.8
      216,14/09/2019,08:00,B,172.168.1.8
       65,14/09/2019,08:00,B,172.168.1.8
      301,14/09/2019,08:01,B,172.168.1.8
      213,14/09/2019,08:01,B,172.168.1.8
      211,14/09/2019,08:02,B,172.168.1.8
      210,14/09/2019,08:03,B,172.168.1.8
      203,14/09/2019,08:05,B,172.168.1.8
      296,14/09/2019,08:06,B,172.168.1.8
      255,14/09/2019,08:08,B,172.168.1.8
      126,14/09/2019,08:25,B,172.168.1.8
       16,14/09/2019,08:40,B,172.168.1.8
      260,14/09/2019,08:46,B,172.168.1.8
      260,14/09/2019,08:46,B,172.168.1.8
      215,14/09/2019,08:47,B,172.168.1.8
      268,14/09/2019,08:54,B,172.168.1.8
        5,14/09/2019,08:55,B,172.168.1.8
      120,14/09/2019,08:56,B,172.168.1.8
      212,14/09/2019,08:56,B,172.168.1.8
       20,14/09/2019,08:57,B,172.168.1.8
      312,14/09/2019,08:58,B,172.168.1.8
       14,14/09/2019,09:01,B,172.168.1.8
      202,14/09/2019,09:03,B,172.168.1.8
       10,14/09/2019,09:04,B,172.168.1.8
       36,14/09/2019,09:04,B,172.168.1.8
      205,14/09/2019,09:06,B,172.168.1.8
       11,14/09/2019,09:14,B,172.168.1.8
       32,14/09/2019,09:19,B,172.168.1.8
       25,14/09/2019,09:21,B,172.168.1.8
      125,14/09/2019,09:23,B,172.168.1.8
      122,14/09/2019,09:25,B,172.168.1.8
      116,14/09/2019,09:25,B,172.168.1.8
      201,14/09/2019,09:30,B,172.168.1.8
      118,14/09/2019,09:34,B,172.168.1.8
      283,14/09/2019,09:35,B,172.168.1.8
      112,14/09/2019,09:36,B,172.168.1.8
      110,14/09/2019,09:37,B,172.168.1.8
      204,14/09/2019,09:41,B,172.168.1.8
      303,14/09/2019,09:42,B,172.168.1.8
      298,14/09/2019,09:44,B,172.168.1.8
       18,14/09/2019,09:49,B,172.168.1.8
       30,14/09/2019,09:50,B,172.168.1.8
      114,14/09/2019,09:51,B,172.168.1.8
       72,14/09/2019,09:51,B,172.168.1.8
       21,14/09/2019,09:54,B,172.168.1.8
       12,14/09/2019,09:55,B,172.168.1.8
      117,14/09/2019,09:55,B,172.168.1.8
      213,14/09/2019,10:00,B,172.168.1.8
      209,14/09/2019,10:01,B,172.168.1.8
      206,14/09/2019,10:01,B,172.168.1.8
      127,14/09/2019,10:01,B,172.168.1.8
      209,14/09/2019,10:01,B,172.168.1.8
      289,14/09/2019,10:03,B,172.168.1.8
      271,14/09/2019,10:08,B,172.168.1.8
      258,14/09/2019,10:08,B,172.168.1.8
       23,14/09/2019,10:09,B,172.168.1.8
      261,14/09/2019,10:13,B,172.168.1.8
       35,14/09/2019,10:23,B,172.168.1.8
       37,14/09/2019,10:24,B,172.168.1.8
       19,14/09/2019,10:24,B,172.168.1.8
      254,14/09/2019,10:26,B,172.168.1.8
      251,14/09/2019,10:28,B,172.168.1.8
      214,14/09/2019,10:30,B,172.168.1.8
       29,14/09/2019,10:30,B,172.168.1.8
       26,14/09/2019,10:33,B,172.168.1.8
      101,14/09/2019,10:33,B,172.168.1.8
      203,14/09/2019,10:35,B,172.168.1.8
       17,14/09/2019,10:39,B,172.168.1.8
      293,14/09/2019,10:41,B,172.168.1.8
      211,14/09/2019,10:42,B,172.168.1.8
      208,14/09/2019,10:42,B,172.168.1.8
      207,14/09/2019,10:43,B,172.168.1.8
      216,14/09/2019,10:43,B,172.168.1.8
      129,14/09/2019,10:44,B,172.168.1.8
       16,14/09/2019,10:46,B,172.168.1.8
       28,14/09/2019,10:47,B,172.168.1.8
       27,14/09/2019,10:51,B,172.168.1.8
        9,14/09/2019,10:55,B,172.168.1.8
      210,14/09/2019,11:01,B,172.168.1.8
      301,14/09/2019,11:04,B,172.168.1.8
       24,14/09/2019,11:10,B,172.168.1.8
        8,14/09/2019,11:12,B,172.168.1.8
      115,14/09/2019,11:32,B,172.168.1.8
       22,14/09/2019,11:34,B,172.168.1.8
        2,14/09/2019,11:41,B,172.168.1.8
      106,14/09/2019,11:44,B,172.168.1.8
      106,14/09/2019,11:44,B,172.168.1.8
      212,14/09/2019,11:55,B,172.168.1.8
      202,14/09/2019,11:59,B,172.168.1.8
      201,14/09/2019,11:59,B,172.168.1.8
      205,14/09/2019,12:01,B,172.168.1.8
      205,14/09/2019,12:01,B,172.168.1.8
      204,14/09/2019,12:05,B,172.168.1.8
        5,14/09/2019,12:06,B,172.168.1.8
      206,14/09/2019,12:08,B,172.168.1.8
      209,14/09/2019,12:09,B,172.168.1.8
      215,14/09/2019,12:19,B,172.168.1.8
      215,14/09/2019,12:20,B,172.168.1.8
       72,14/09/2019,12:23,B,172.168.1.8
      303,14/09/2019,12:26,B,172.168.1.8
       35,14/09/2019,12:45,B,172.168.1.8
       20,14/09/2019,12:47,B,172.168.1.8
       21,14/09/2019,13:21,B,172.168.1.8
       18,14/09/2019,13:26,B,172.168.1.8
       52,14/09/2019,13:51,B,172.168.1.8
       11,14/09/2019,14:42,B,172.168.1.8
       28,14/09/2019,14:44,B,172.168.1.8
       24,14/09/2019,14:52,B,172.168.1.8
      298,14/09/2019,15:14,B,172.168.1.8
       22,14/09/2019,15:17,B,172.168.1.8
       12,14/09/2019,15:17,B,172.168.1.8
       30,14/09/2019,15:22,B,172.168.1.8
       27,14/09/2019,15:25,B,172.168.1.8
      121,14/09/2019,15:28,B,172.168.1.8
      125,14/09/2019,15:30,B,172.168.1.8
      126,14/09/2019,15:40,B,172.168.1.8
       32,14/09/2019,15:48,B,172.168.1.8
        2,14/09/2019,15:48,B,172.168.1.8
      299,14/09/2019,15:57,B,172.168.1.8
       29,14/09/2019,15:58,B,172.168.1.8
       65,14/09/2019,16:00,B,172.168.1.8
       10,14/09/2019,16:09,B,172.168.1.8
      254,14/09/2019,16:10,B,172.168.1.8
      110,14/09/2019,16:12,B,172.168.1.8
       26,14/09/2019,16:13,B,172.168.1.8
       19,14/09/2019,16:18,B,172.168.1.8
      122,14/09/2019,16:24,B,172.168.1.8
      119,14/09/2019,16:24,B,172.168.1.8
       37,14/09/2019,16:31,B,172.168.1.8
       14,14/09/2019,16:37,B,172.168.1.8
      127,14/09/2019,16:40,B,172.168.1.8
        9,14/09/2019,16:40,B,172.168.1.8
       23,14/09/2019,16:44,B,172.168.1.8
      261,14/09/2019,16:45,B,172.168.1.8
      268,14/09/2019,16:48,B,172.168.1.8
      296,14/09/2019,16:48,B,172.168.1.8
      289,14/09/2019,16:48,B,172.168.1.8
      120,14/09/2019,16:50,B,172.168.1.8
       25,14/09/2019,17:02,B,172.168.1.8
      118,14/09/2019,17:11,B,172.168.1.8
      271,14/09/2019,17:11,B,172.168.1.8
      271,14/09/2019,17:12,B,172.168.1.8
      258,14/09/2019,17:12,B,172.168.1.8
      273,14/09/2019,17:16,B,172.168.1.8
       17,14/09/2019,17:20,B,172.168.1.8
      101,14/09/2019,17:21,B,172.168.1.8
      115,14/09/2019,17:30,B,172.168.1.8
      251,14/09/2019,17:30,B,172.168.1.8
      116,14/09/2019,17:32,B,172.168.1.8
      129,14/09/2019,17:33,B,172.168.1.8
      293,14/09/2019,17:46,B,172.168.1.8
      106,14/09/2019,17:53,B,172.168.1.8
      117,14/09/2019,17:53,B,172.168.1.8
      283,14/09/2019,17:54,B,172.168.1.8
      114,14/09/2019,18:32,B,172.168.1.8
      112,14/09/2019,18:34,B,172.168.1.8
      260,14/09/2019,20:56,B,172.168.1.8
      287,14/09/2019,22:07,B,172.168.1.8
      255,14/09/2019,22:09,B,172.168.1.8
      255,15/09/2019,08:12,B,172.168.1.8
      260,15/09/2019,08:45,B,172.168.1.8
        1,15/09/2019,10:07,B,172.168.1.8
      112,15/09/2019,10:22,B,172.168.1.8
      115,15/09/2019,10:27,B,172.168.1.8
        1,15/09/2019,13:08,B,172.168.1.8
        8,15/09/2019,13:09,B,172.168.1.8
      115,15/09/2019,16:11,B,172.168.1.8
      260,15/09/2019,21:43,B,172.168.1.8
      260,15/09/2019,21:50,B,172.168.1.8
      112,15/09/2019,22:06,B,172.168.1.8
      255,15/09/2019,22:06,B,172.168.1.8
      121,16/09/2019,06:49,B,172.168.1.8
      126,16/09/2019,07:11,B,172.168.1.8
      273,16/09/2019,07:15,B,172.168.1.8
      214,16/09/2019,07:22,B,172.168.1.8
      216,16/09/2019,07:35,B,172.168.1.8
      119,16/09/2019,07:36,B,172.168.1.8
      215,16/09/2019,07:39,B,172.168.1.8
      125,16/09/2019,07:52,B,172.168.1.8
      209,16/09/2019,07:53,B,172.168.1.8
      204,16/09/2019,07:53,B,172.168.1.8
      298,16/09/2019,07:55,B,172.168.1.8
      208,16/09/2019,08:00,B,172.168.1.8
       65,16/09/2019,08:03,B,172.168.1.8
      299,16/09/2019,08:04,B,172.168.1.8
       26,16/09/2019,08:12,B,172.168.1.8
       52,16/09/2019,08:17,B,172.168.1.8
      296,16/09/2019,08:20,B,172.168.1.8
      212,16/09/2019,08:22,B,172.168.1.8
      207,16/09/2019,08:22,B,172.168.1.8
      207,16/09/2019,08:22,B,172.168.1.8
      202,16/09/2019,08:28,B,172.168.1.8
      255,16/09/2019,08:40,B,172.168.1.8
       64,16/09/2019,08:42,B,172.168.1.8
      260,16/09/2019,08:43,B,172.168.1.8
       18,16/09/2019,08:43,B,172.168.1.8
      211,16/09/2019,08:47,B,172.168.1.8
      205,16/09/2019,08:48,B,172.168.1.8
      115,16/09/2019,08:49,B,172.168.1.8
      303,16/09/2019,08:52,B,172.168.1.8
      120,16/09/2019,08:56,B,172.168.1.8
       36,16/09/2019,09:02,B,172.168.1.8
      210,16/09/2019,09:03,B,172.168.1.8
      312,16/09/2019,09:05,B,172.168.1.8
      112,16/09/2019,09:06,B,172.168.1.8
       72,16/09/2019,09:07,B,172.168.1.8
       23,16/09/2019,09:08,B,172.168.1.8
      268,16/09/2019,09:11,B,172.168.1.8
       12,16/09/2019,09:11,B,172.168.1.8
       17,16/09/2019,09:13,B,172.168.1.8
      122,16/09/2019,09:24,B,172.168.1.8
       25,16/09/2019,09:27,B,172.168.1.8
       73,16/09/2019,09:28,B,172.168.1.8
       29,16/09/2019,09:30,B,172.168.1.8
      283,16/09/2019,09:31,B,172.168.1.8
      290,16/09/2019,09:31,B,172.168.1.8
       32,16/09/2019,09:31,B,172.168.1.8
      117,16/09/2019,09:34,B,172.168.1.8
      203,16/09/2019,09:39,B,172.168.1.8
      206,16/09/2019,09:39,B,172.168.1.8
      127,16/09/2019,09:44,B,172.168.1.8
      123,16/09/2019,09:45,B,172.168.1.8
      116,16/09/2019,09:45,B,172.168.1.8
       14,16/09/2019,09:46,B,172.168.1.8
      109,16/09/2019,09:51,B,172.168.1.8
      258,16/09/2019,09:51,B,172.168.1.8
      256,16/09/2019,09:56,B,172.168.1.8
      271,16/09/2019,09:57,B,172.168.1.8
      131,16/09/2019,09:57,B,172.168.1.8
      289,16/09/2019,09:58,B,172.168.1.8
      114,16/09/2019,10:00,B,172.168.1.8
       20,16/09/2019,10:02,B,172.168.1.8
      297,16/09/2019,10:04,B,172.168.1.8
      213,16/09/2019,10:06,B,172.168.1.8
      310,16/09/2019,10:06,B,172.168.1.8
       28,16/09/2019,10:12,B,172.168.1.8
       11,16/09/2019,10:12,B,172.168.1.8
      118,16/09/2019,10:15,B,172.168.1.8
       52,16/09/2019,10:17,B,172.168.1.8
      261,16/09/2019,10:26,B,172.168.1.8
      101,16/09/2019,10:27,B,172.168.1.8
       21,16/09/2019,10:28,B,172.168.1.8
      293,16/09/2019,10:30,B,172.168.1.8
        5,16/09/2019,10:31,B,172.168.1.8
       10,16/09/2019,10:31,B,172.168.1.8
      295,16/09/2019,10:35,B,172.168.1.8
      129,16/09/2019,10:35,B,172.168.1.8
      254,16/09/2019,10:40,B,172.168.1.8
      106,16/09/2019,10:40,B,172.168.1.8
      251,16/09/2019,10:42,B,172.168.1.8
        1,16/09/2019,10:51,B,172.168.1.8
      309,16/09/2019,10:52,B,172.168.1.8
       24,16/09/2019,10:55,B,172.168.1.8
        9,16/09/2019,11:01,B,172.168.1.8
       35,16/09/2019,11:02,B,172.168.1.8
       74,16/09/2019,11:03,B,172.168.1.8
       27,16/09/2019,11:15,B,172.168.1.8
       19,16/09/2019,11:16,B,172.168.1.8
        2,16/09/2019,11:20,B,172.168.1.8
       30,16/09/2019,11:25,B,172.168.1.8
       30,16/09/2019,11:27,B,172.168.1.8
       22,16/09/2019,11:27,B,172.168.1.8
      311,16/09/2019,11:32,B,172.168.1.8
      305,16/09/2019,11:47,B,172.168.1.8
       64,16/09/2019,12:15,B,172.168.1.8
        8,16/09/2019,12:32,B,172.168.1.8
      208,16/09/2019,12:45,B,172.168.1.8
      216,16/09/2019,12:48,B,172.168.1.8
       23,16/09/2019,12:55,B,172.168.1.8
      215,16/09/2019,12:58,B,172.168.1.8
      214,16/09/2019,12:58,B,172.168.1.8
      212,16/09/2019,13:26,B,172.168.1.8
      205,16/09/2019,13:35,B,172.168.1.8
      205,16/09/2019,13:35,B,172.168.1.8
      202,16/09/2019,13:36,B,172.168.1.8
      301,16/09/2019,13:39,B,172.168.1.8
      211,16/09/2019,14:01,B,172.168.1.8
       69,16/09/2019,14:04,B,172.168.1.8
      210,16/09/2019,14:05,B,172.168.1.8
      213,16/09/2019,14:20,B,172.168.1.8
      204,16/09/2019,14:21,B,172.168.1.8
       74,16/09/2019,14:25,B,172.168.1.8
      209,16/09/2019,14:27,B,172.168.1.8
      207,16/09/2019,14:38,B,172.168.1.8
      203,16/09/2019,14:40,B,172.168.1.8
      206,16/09/2019,14:40,B,172.168.1.8
       65,16/09/2019,15:05,B,172.168.1.8
      309,16/09/2019,15:15,B,172.168.1.8
       72,16/09/2019,15:24,B,172.168.1.8
      298,16/09/2019,15:25,B,172.168.1.8
      121,16/09/2019,15:26,B,172.168.1.8
      303,16/09/2019,15:28,B,172.168.1.8
       36,16/09/2019,15:30,B,172.168.1.8
      305,16/09/2019,15:36,B,172.168.1.8
       29,16/09/2019,15:42,B,172.168.1.8
       26,16/09/2019,15:50,B,172.168.1.8
      311,16/09/2019,16:00,B,172.168.1.8
       20,16/09/2019,16:02,B,172.168.1.8
       69,16/09/2019,16:04,B,172.168.1.8
      299,16/09/2019,16:10,B,172.168.1.8
      125,16/09/2019,16:10,B,172.168.1.8
       28,16/09/2019,16:13,B,172.168.1.8
        5,16/09/2019,16:14,B,172.168.1.8
        5,16/09/2019,16:15,B,172.168.1.8
      119,16/09/2019,16:35,B,172.168.1.8
       18,16/09/2019,16:40,B,172.168.1.8
       35,16/09/2019,16:40,B,172.168.1.8
       24,16/09/2019,16:43,B,172.168.1.8
       24,16/09/2019,16:44,B,172.168.1.8
        9,16/09/2019,16:47,B,172.168.1.8
       21,16/09/2019,16:53,B,172.168.1.8
       25,16/09/2019,17:02,B,172.168.1.8
       19,16/09/2019,17:02,B,172.168.1.8
      312,16/09/2019,17:09,B,172.168.1.8
      127,16/09/2019,17:10,B,172.168.1.8
       10,16/09/2019,17:13,B,172.168.1.8
       32,16/09/2019,17:13,B,172.168.1.8
       12,16/09/2019,17:17,B,172.168.1.8
       12,16/09/2019,17:17,B,172.168.1.8
       14,16/09/2019,17:18,B,172.168.1.8
      118,16/09/2019,17:18,B,172.168.1.8
      271,16/09/2019,17:19,B,172.168.1.8
       14,16/09/2019,17:20,B,172.168.1.8
      271,16/09/2019,17:20,B,172.168.1.8
      261,16/09/2019,17:20,B,172.168.1.8
      289,16/09/2019,17:21,B,172.168.1.8
       22,16/09/2019,17:22,B,172.168.1.8
      120,16/09/2019,17:26,B,172.168.1.8
      122,16/09/2019,17:28,B,172.168.1.8
      301,16/09/2019,17:30,B,172.168.1.8
      109,16/09/2019,17:31,B,172.168.1.8
       10,16/09/2019,17:32,B,172.168.1.8
      295,16/09/2019,17:34,B,172.168.1.8
      254,16/09/2019,17:34,B,172.168.1.8
      297,16/09/2019,17:34,B,172.168.1.8
      268,16/09/2019,17:44,B,172.168.1.8
      296,16/09/2019,17:45,B,172.168.1.8
      106,16/09/2019,17:47,B,172.168.1.8
      296,16/09/2019,17:47,B,172.168.1.8
       17,16/09/2019,17:55,B,172.168.1.8
       11,16/09/2019,17:56,B,172.168.1.8
       27,16/09/2019,17:58,B,172.168.1.8
      114,16/09/2019,18:00,B,172.168.1.8
      273,16/09/2019,18:02,B,172.168.1.8
      293,16/09/2019,18:03,B,172.168.1.8
      129,16/09/2019,18:04,B,172.168.1.8
       30,16/09/2019,18:07,B,172.168.1.8
      123,16/09/2019,18:29,B,172.168.1.8
      116,16/09/2019,18:41,B,172.168.1.8
        2,16/09/2019,18:48,B,172.168.1.8
      116,16/09/2019,18:51,B,172.168.1.8
      114,16/09/2019,19:03,B,172.168.1.8
        8,16/09/2019,19:09,B,172.168.1.8
      131,16/09/2019,19:21,B,172.168.1.8
        8,16/09/2019,19:23,B,172.168.1.8
      255,16/09/2019,19:36,B,172.168.1.8
        1,16/09/2019,20:27,B,172.168.1.8
      126,16/09/2019,20:49,B,172.168.1.8
      256,16/09/2019,20:56,B,172.168.1.8
      101,16/09/2019,20:57,B,172.168.1.8
      251,16/09/2019,20:57,B,172.168.1.8
      290,16/09/2019,20:59,B,172.168.1.8
      258,16/09/2019,21:00,B,172.168.1.8
      310,16/09/2019,21:00,B,172.168.1.8
      117,16/09/2019,21:22,B,172.168.1.8
      283,16/09/2019,21:23,B,172.168.1.8
      115,16/09/2019,21:23,B,172.168.1.8
      260,16/09/2019,22:25,B,172.168.1.8
      112,16/09/2019,23:56,B,172.168.1.8
      287,16/09/2019,23:57,B,172.168.1.8
      126,16/09/2019,23:57,B,172.168.1.8
      126,17/09/2019,00:04,B,172.168.1.8
      112,17/09/2019,00:04,B,172.168.1.8
      126,17/09/2019,00:28,B,172.168.1.8
      287,17/09/2019,00:28,B,172.168.1.8
      121,17/09/2019,06:41,B,172.168.1.8
      287,17/09/2019,07:00,B,172.168.1.8
      273,17/09/2019,07:21,B,172.168.1.8
      216,17/09/2019,07:34,B,172.168.1.8
      119,17/09/2019,07:35,B,172.168.1.8
      216,17/09/2019,07:35,B,172.168.1.8
      298,17/09/2019,07:46,B,172.168.1.8
      207,17/09/2019,07:54,B,172.168.1.8
      215,17/09/2019,07:55,B,172.168.1.8
      125,17/09/2019,07:57,B,172.168.1.8
      212,17/09/2019,08:02,B,172.168.1.8
       51,17/09/2019,08:03,B,172.168.1.8
      296,17/09/2019,08:08,B,172.168.1.8
      208,17/09/2019,08:09,B,172.168.1.8
       26,17/09/2019,08:12,B,172.168.1.8
      214,17/09/2019,08:19,B,172.168.1.8
       65,17/09/2019,08:19,B,172.168.1.8
       11,17/09/2019,08:20,B,172.168.1.8
      205,17/09/2019,08:21,B,172.168.1.8
      255,17/09/2019,08:24,B,172.168.1.8
      268,17/09/2019,08:26,B,172.168.1.8
      260,17/09/2019,08:31,B,172.168.1.8
       52,17/09/2019,08:31,B,172.168.1.8
      202,17/09/2019,08:40,B,172.168.1.8
       72,17/09/2019,08:47,B,172.168.1.8
       18,17/09/2019,08:49,B,172.168.1.8
      115,17/09/2019,08:50,B,172.168.1.8
       32,17/09/2019,08:51,B,172.168.1.8
       23,17/09/2019,08:51,B,172.168.1.8
       17,17/09/2019,08:56,B,172.168.1.8
      206,17/09/2019,08:56,B,172.168.1.8
      120,17/09/2019,08:59,B,172.168.1.8
      312,17/09/2019,09:02,B,172.168.1.8
       12,17/09/2019,09:06,B,172.168.1.8
       36,17/09/2019,09:08,B,172.168.1.8
      203,17/09/2019,09:08,B,172.168.1.8
      204,17/09/2019,09:12,B,172.168.1.8
        8,17/09/2019,09:12,B,172.168.1.8
      210,17/09/2019,09:15,B,172.168.1.8
      303,17/09/2019,09:18,B,172.168.1.8
      303,17/09/2019,09:18,B,172.168.1.8
      303,17/09/2019,09:18,B,172.168.1.8
       20,17/09/2019,09:21,B,172.168.1.8
      122,17/09/2019,09:23,B,172.168.1.8
       25,17/09/2019,09:24,B,172.168.1.8
      112,17/09/2019,09:31,B,172.168.1.8
       14,17/09/2019,09:33,B,172.168.1.8
      118,17/09/2019,09:34,B,172.168.1.8
      211,17/09/2019,09:35,B,172.168.1.8
      117,17/09/2019,09:37,B,172.168.1.8
      116,17/09/2019,09:40,B,172.168.1.8
      290,17/09/2019,09:45,B,172.168.1.8
      201,17/09/2019,09:46,B,172.168.1.8
      109,17/09/2019,09:46,B,172.168.1.8
      110,17/09/2019,09:47,B,172.168.1.8
      209,17/09/2019,09:49,B,172.168.1.8
      256,17/09/2019,09:51,B,172.168.1.8
      123,17/09/2019,09:51,B,172.168.1.8
       24,17/09/2019,09:55,B,172.168.1.8
      128,17/09/2019,09:58,B,172.168.1.8
      297,17/09/2019,10:00,B,172.168.1.8
       30,17/09/2019,10:05,B,172.168.1.8
      101,17/09/2019,10:07,B,172.168.1.8
        1,17/09/2019,10:07,B,172.168.1.8
      127,17/09/2019,10:08,B,172.168.1.8
      289,17/09/2019,10:08,B,172.168.1.8
      271,17/09/2019,10:08,B,172.168.1.8
      251,17/09/2019,10:12,B,172.168.1.8
      283,17/09/2019,10:13,B,172.168.1.8
      310,17/09/2019,10:16,B,172.168.1.8
      131,17/09/2019,10:16,B,172.168.1.8
      261,17/09/2019,10:22,B,172.168.1.8
      293,17/09/2019,10:23,B,172.168.1.8
      106,17/09/2019,10:28,B,172.168.1.8
       21,17/09/2019,10:28,B,172.168.1.8
       35,17/09/2019,10:36,B,172.168.1.8
      254,17/09/2019,10:47,B,172.168.1.8
      129,17/09/2019,10:48,B,172.168.1.8
        5,17/09/2019,10:49,B,172.168.1.8
       10,17/09/2019,10:49,B,172.168.1.8
        9,17/09/2019,10:53,B,172.168.1.8
      295,17/09/2019,10:56,B,172.168.1.8
       29,17/09/2019,10:57,B,172.168.1.8
       27,17/09/2019,11:17,B,172.168.1.8
       19,17/09/2019,11:20,B,172.168.1.8
        2,17/09/2019,11:24,B,172.168.1.8
       22,17/09/2019,11:27,B,172.168.1.8
      258,17/09/2019,12:05,B,172.168.1.8
      305,17/09/2019,12:05,B,172.168.1.8
       52,17/09/2019,12:07,B,172.168.1.8
      114,17/09/2019,12:29,B,172.168.1.8
      216,17/09/2019,12:43,B,172.168.1.8
      212,17/09/2019,13:00,B,172.168.1.8
      207,17/09/2019,13:00,B,172.168.1.8
      208,17/09/2019,13:00,B,172.168.1.8
      122,17/09/2019,13:16,B,172.168.1.8
      215,17/09/2019,13:21,B,172.168.1.8
      205,17/09/2019,13:22,B,172.168.1.8
      205,17/09/2019,13:22,B,172.168.1.8
      311,17/09/2019,13:51,B,172.168.1.8
      206,17/09/2019,13:59,B,172.168.1.8
      202,17/09/2019,13:59,B,172.168.1.8
      203,17/09/2019,14:10,B,172.168.1.8
      210,17/09/2019,14:16,B,172.168.1.8
       65,17/09/2019,14:22,B,172.168.1.8
      211,17/09/2019,14:35,B,172.168.1.8
      214,17/09/2019,14:42,B,172.168.1.8
       72,17/09/2019,14:49,B,172.168.1.8
      204,17/09/2019,14:53,B,172.168.1.8
      201,17/09/2019,14:55,B,172.168.1.8
      209,17/09/2019,14:56,B,172.168.1.8
      121,17/09/2019,15:28,B,172.168.1.8
      298,17/09/2019,15:33,B,172.168.1.8
      303,17/09/2019,15:38,B,172.168.1.8
       20,17/09/2019,15:48,B,172.168.1.8
      311,17/09/2019,15:50,B,172.168.1.8
      305,17/09/2019,15:50,B,172.168.1.8
        5,17/09/2019,15:55,B,172.168.1.8
       35,17/09/2019,15:55,B,172.168.1.8
      125,17/09/2019,16:02,B,172.168.1.8
      312,17/09/2019,16:17,B,172.168.1.8
       26,17/09/2019,16:20,B,172.168.1.8
       21,17/09/2019,16:29,B,172.168.1.8
      256,17/09/2019,16:29,B,172.168.1.8
       36,17/09/2019,16:33,B,172.168.1.8
       12,17/09/2019,16:42,B,172.168.1.8
      119,17/09/2019,16:43,B,172.168.1.8
       22,17/09/2019,16:44,B,172.168.1.8
       24,17/09/2019,16:45,B,172.168.1.8
       23,17/09/2019,16:45,B,172.168.1.8
       18,17/09/2019,16:47,B,172.168.1.8
       22,17/09/2019,16:54,B,172.168.1.8
       19,17/09/2019,16:55,B,172.168.1.8
       10,17/09/2019,16:57,B,172.168.1.8
       27,17/09/2019,16:58,B,172.168.1.8
       25,17/09/2019,16:58,B,172.168.1.8
       14,17/09/2019,17:00,B,172.168.1.8
      110,17/09/2019,17:12,B,172.168.1.8
      109,17/09/2019,17:12,B,172.168.1.8
      128,17/09/2019,17:12,B,172.168.1.8
      127,17/09/2019,17:16,B,172.168.1.8
      297,17/09/2019,17:17,B,172.168.1.8
      295,17/09/2019,17:17,B,172.168.1.8
      271,17/09/2019,17:18,B,172.168.1.8
      271,17/09/2019,17:19,B,172.168.1.8
      131,17/09/2019,17:19,B,172.168.1.8
      261,17/09/2019,17:19,B,172.168.1.8
      289,17/09/2019,17:22,B,172.168.1.8
      120,17/09/2019,17:22,B,172.168.1.8
       17,17/09/2019,17:23,B,172.168.1.8
      254,17/09/2019,17:31,B,172.168.1.8
       11,17/09/2019,17:37,B,172.168.1.8
       32,17/09/2019,17:57,B,172.168.1.8
      255,17/09/2019,18:01,B,172.168.1.8
       30,17/09/2019,18:03,B,172.168.1.8
      255,17/09/2019,18:04,B,172.168.1.8
      116,17/09/2019,18:04,B,172.168.1.8
      293,17/09/2019,18:05,B,172.168.1.8
      273,17/09/2019,18:14,B,172.168.1.8
      123,17/09/2019,18:17,B,172.168.1.8
      114,17/09/2019,18:46,B,172.168.1.8
      106,17/09/2019,18:49,B,172.168.1.8
      258,17/09/2019,18:49,B,172.168.1.8
      290,17/09/2019,19:30,B,172.168.1.8
      268,17/09/2019,19:31,B,172.168.1.8
      118,17/09/2019,19:31,B,172.168.1.8
      310,17/09/2019,19:48,B,172.168.1.8
        2,17/09/2019,19:48,B,172.168.1.8
      296,17/09/2019,19:50,B,172.168.1.8
        1,17/09/2019,19:52,B,172.168.1.8
      101,17/09/2019,20:38,B,172.168.1.8
      251,17/09/2019,20:38,B,172.168.1.8
      129,17/09/2019,20:39,B,172.168.1.8
      115,17/09/2019,20:39,B,172.168.1.8
      260,17/09/2019,20:46,B,172.168.1.8
      260,17/09/2019,20:46,B,172.168.1.8
      117,17/09/2019,21:10,B,172.168.1.8
      283,17/09/2019,21:10,B,172.168.1.8
      287,17/09/2019,21:19,B,172.168.1.8
      117,17/09/2019,21:20,B,172.168.1.8
      283,17/09/2019,21:20,B,172.168.1.8
      112,17/09/2019,21:30,B,172.168.1.8
      112,17/09/2019,21:30,B,172.168.1.8
      126,17/09/2019,21:31,B,172.168.1.8
      121,18/09/2019,06:46,B,172.168.1.8
      298,18/09/2019,07:05,B,172.168.1.8
      273,18/09/2019,07:20,B,172.168.1.8
      216,18/09/2019,07:33,B,172.168.1.8
      119,18/09/2019,07:33,B,172.168.1.8
      202,18/09/2019,07:57,B,172.168.1.8
      125,18/09/2019,07:59,B,172.168.1.8
      215,18/09/2019,07:59,B,172.168.1.8
      212,18/09/2019,08:00,B,172.168.1.8
      206,18/09/2019,08:08,B,172.168.1.8
       65,18/09/2019,08:14,B,172.168.1.8
      299,18/09/2019,08:19,B,172.168.1.8
      296,18/09/2019,08:24,B,172.168.1.8
      214,18/09/2019,08:28,B,172.168.1.8
      207,18/09/2019,08:29,B,172.168.1.8
       52,18/09/2019,08:34,B,172.168.1.8
      260,18/09/2019,08:39,B,172.168.1.8
      126,18/09/2019,08:44,B,172.168.1.8
      115,18/09/2019,08:49,B,172.168.1.8
      303,18/09/2019,08:50,B,172.168.1.8
      301,18/09/2019,08:52,B,172.168.1.8
       12,18/09/2019,08:54,B,172.168.1.8
       14,18/09/2019,08:56,B,172.168.1.8
      120,18/09/2019,08:57,B,172.168.1.8
      309,18/09/2019,08:57,B,172.168.1.8
       32,18/09/2019,08:58,B,172.168.1.8
      255,18/09/2019,08:59,B,172.168.1.8
       36,18/09/2019,09:00,B,172.168.1.8
       11,18/09/2019,09:01,B,172.168.1.8
       17,18/09/2019,09:01,B,172.168.1.8
      312,18/09/2019,09:02,B,172.168.1.8
      287,18/09/2019,09:07,B,172.168.1.8
      118,18/09/2019,09:08,B,172.168.1.8
        9,18/09/2019,09:17,B,172.168.1.8
       25,18/09/2019,09:24,B,172.168.1.8
      268,18/09/2019,09:24,B,172.168.1.8
       23,18/09/2019,09:32,B,172.168.1.8
      208,18/09/2019,09:32,B,172.168.1.8
      290,18/09/2019,09:34,B,172.168.1.8
       21,18/09/2019,09:34,B,172.168.1.8
       24,18/09/2019,09:34,B,172.168.1.8
      211,18/09/2019,09:37,B,172.168.1.8
      122,18/09/2019,09:39,B,172.168.1.8
       16,18/09/2019,09:40,B,172.168.1.8
      283,18/09/2019,09:45,B,172.168.1.8
       72,18/09/2019,09:46,B,172.168.1.8
       28,18/09/2019,09:47,B,172.168.1.8
      204,18/09/2019,09:48,B,172.168.1.8
       20,18/09/2019,09:48,B,172.168.1.8
      209,18/09/2019,09:48,B,172.168.1.8
        5,18/09/2019,09:49,B,172.168.1.8
       10,18/09/2019,09:49,B,172.168.1.8
      123,18/09/2019,09:50,B,172.168.1.8
      271,18/09/2019,09:52,B,172.168.1.8
      289,18/09/2019,09:52,B,172.168.1.8
      297,18/09/2019,09:55,B,172.168.1.8
      110,18/09/2019,09:56,B,172.168.1.8
      109,18/09/2019,09:56,B,172.168.1.8
      112,18/09/2019,10:00,B,172.168.1.8
      116,18/09/2019,10:01,B,172.168.1.8
       18,18/09/2019,10:04,B,172.168.1.8
       26,18/09/2019,10:06,B,172.168.1.8
      310,18/09/2019,10:06,B,172.168.1.8
      117,18/09/2019,10:07,B,172.168.1.8
      210,18/09/2019,10:08,B,172.168.1.8
      127,18/09/2019,10:09,B,172.168.1.8
      261,18/09/2019,10:21,B,172.168.1.8
      293,18/09/2019,10:25,B,172.168.1.8
      251,18/09/2019,10:26,B,172.168.1.8
      114,18/09/2019,10:27,B,172.168.1.8
        2,18/09/2019,10:27,B,172.168.1.8
      101,18/09/2019,10:32,B,172.168.1.8
        1,18/09/2019,10:34,B,172.168.1.8
      295,18/09/2019,10:35,B,172.168.1.8
       35,18/09/2019,10:38,B,172.168.1.8
      131,18/09/2019,10:39,B,172.168.1.8
      129,18/09/2019,10:42,B,172.168.1.8
      201,18/09/2019,10:42,B,172.168.1.8
      106,18/09/2019,10:51,B,172.168.1.8
      254,18/09/2019,10:52,B,172.168.1.8
       22,18/09/2019,11:14,B,172.168.1.8
       19,18/09/2019,11:16,B,172.168.1.8
       27,18/09/2019,11:17,B,172.168.1.8
       29,18/09/2019,11:23,B,172.168.1.8
       31,18/09/2019,11:31,B,172.168.1.8
      128,18/09/2019,11:59,B,172.168.1.8
      309,18/09/2019,12:00,B,172.168.1.8
       52,18/09/2019,13:05,B,172.168.1.8
      216,18/09/2019,13:32,B,172.168.1.8
      215,18/09/2019,13:32,B,172.168.1.8
      214,18/09/2019,13:34,B,172.168.1.8
      258,18/09/2019,13:38,B,172.168.1.8
      212,18/09/2019,13:50,B,172.168.1.8
      207,18/09/2019,13:50,B,172.168.1.8
      208,18/09/2019,13:50,B,172.168.1.8
       69,18/09/2019,13:53,B,172.168.1.8
       64,18/09/2019,13:56,B,172.168.1.8
      206,18/09/2019,13:58,B,172.168.1.8
      289,18/09/2019,14:10,B,172.168.1.8
      311,18/09/2019,14:13,B,172.168.1.8
      210,18/09/2019,14:31,B,172.168.1.8
      210,18/09/2019,14:32,B,172.168.1.8
      211,18/09/2019,14:37,B,172.168.1.8
      303,18/09/2019,15:04,B,172.168.1.8
       72,18/09/2019,15:22,B,172.168.1.8
       65,18/09/2019,15:27,B,172.168.1.8
      121,18/09/2019,15:32,B,172.168.1.8
        5,18/09/2019,15:38,B,172.168.1.8
       20,18/09/2019,15:43,B,172.168.1.8
      312,18/09/2019,15:47,B,172.168.1.8
        9,18/09/2019,15:50,B,172.168.1.8
       69,18/09/2019,16:17,B,172.168.1.8
      201,18/09/2019,16:17,B,172.168.1.8
      202,18/09/2019,16:18,B,172.168.1.8
      125,18/09/2019,16:20,B,172.168.1.8
       23,18/09/2019,16:22,B,172.168.1.8
       28,18/09/2019,16:27,B,172.168.1.8
       26,18/09/2019,16:37,B,172.168.1.8
      299,18/09/2019,16:39,B,172.168.1.8
       29,18/09/2019,16:48,B,172.168.1.8
       24,18/09/2019,16:49,B,172.168.1.8
      119,18/09/2019,16:54,B,172.168.1.8
       19,18/09/2019,16:56,B,172.168.1.8
      204,18/09/2019,17:01,B,172.168.1.8
       25,18/09/2019,17:01,B,172.168.1.8
       27,18/09/2019,17:02,B,172.168.1.8
      209,18/09/2019,17:03,B,172.168.1.8
       18,18/09/2019,17:07,B,172.168.1.8
      128,18/09/2019,17:11,B,172.168.1.8
      109,18/09/2019,17:14,B,172.168.1.8
      110,18/09/2019,17:14,B,172.168.1.8
      127,18/09/2019,17:17,B,172.168.1.8
       22,18/09/2019,17:18,B,172.168.1.8
      271,18/09/2019,17:20,B,172.168.1.8
       21,18/09/2019,17:20,B,172.168.1.8
      122,18/09/2019,17:20,B,172.168.1.8
      261,18/09/2019,17:22,B,172.168.1.8
       36,18/09/2019,17:24,B,172.168.1.8
       35,18/09/2019,17:24,B,172.168.1.8
       16,18/09/2019,17:25,B,172.168.1.8
      297,18/09/2019,17:25,B,172.168.1.8
       11,18/09/2019,17:25,B,172.168.1.8
       14,18/09/2019,17:27,B,172.168.1.8
       17,18/09/2019,17:28,B,172.168.1.8
      295,18/09/2019,17:33,B,172.168.1.8
      254,18/09/2019,17:33,B,172.168.1.8
       10,18/09/2019,17:35,B,172.168.1.8
       32,18/09/2019,17:38,B,172.168.1.8
       32,18/09/2019,17:50,B,172.168.1.8
      131,18/09/2019,17:54,B,172.168.1.8
       12,18/09/2019,17:56,B,172.168.1.8
      120,18/09/2019,17:58,B,172.168.1.8
      123,18/09/2019,18:07,B,172.168.1.8
      258,18/09/2019,18:08,B,172.168.1.8
      255,18/09/2019,18:09,B,172.168.1.8
      129,18/09/2019,18:10,B,172.168.1.8
      129,18/09/2019,18:11,B,172.168.1.8
        1,18/09/2019,18:14,B,172.168.1.8
      106,18/09/2019,18:16,B,172.168.1.8
      273,18/09/2019,18:16,B,172.168.1.8
      114,18/09/2019,18:21,B,172.168.1.8
      293,18/09/2019,18:22,B,172.168.1.8
      293,18/09/2019,18:23,B,172.168.1.8
        2,18/09/2019,18:42,B,172.168.1.8
      255,18/09/2019,18:50,B,172.168.1.8
      310,18/09/2019,19:02,B,172.168.1.8
      116,18/09/2019,19:02,B,172.168.1.8
      290,18/09/2019,19:06,B,172.168.1.8
      296,18/09/2019,19:06,B,172.168.1.8
      118,18/09/2019,19:15,B,172.168.1.8
      101,18/09/2019,19:53,B,172.168.1.8
      251,18/09/2019,19:53,B,172.168.1.8
      115,18/09/2019,19:54,B,172.168.1.8
      112,18/09/2019,20:06,B,172.168.1.8
      112,18/09/2019,20:08,B,172.168.1.8
      112,18/09/2019,20:11,B,172.168.1.8
      283,18/09/2019,21:20,B,172.168.1.8
      117,18/09/2019,21:20,B,172.168.1.8
      260,18/09/2019,21:52,B,172.168.1.8
      287,18/09/2019,22:23,B,172.168.1.8
      287,18/09/2019,22:25,B,172.168.1.8
      126,18/09/2019,22:25,B,172.168.1.8
      121,19/09/2019,06:49,B,172.168.1.8
      298,19/09/2019,07:02,B,172.168.1.8
      273,19/09/2019,07:24,B,172.168.1.8
      287,19/09/2019,07:37,B,172.168.1.8
      119,19/09/2019,07:38,B,172.168.1.8
      299,19/09/2019,07:46,B,172.168.1.8
      203,19/09/2019,07:50,B,172.168.1.8
      203,19/09/2019,07:50,B,172.168.1.8
      202,19/09/2019,07:54,B,172.168.1.8
      215,19/09/2019,07:54,B,172.168.1.8
      215,19/09/2019,07:55,B,172.168.1.8
      205,19/09/2019,08:07,B,172.168.1.8
      210,19/09/2019,08:08,B,172.168.1.8
      125,19/09/2019,08:08,B,172.168.1.8
       36,19/09/2019,08:09,B,172.168.1.8
      296,19/09/2019,08:16,B,172.168.1.8
      122,19/09/2019,08:16,B,172.168.1.8
       52,19/09/2019,08:17,B,172.168.1.8
      215,19/09/2019,08:23,B,172.168.1.8
      215,19/09/2019,08:24,B,172.168.1.8
       65,19/09/2019,08:31,B,172.168.1.8
      112,19/09/2019,08:32,B,172.168.1.8
      126,19/09/2019,08:42,B,172.168.1.8
       23,19/09/2019,08:49,B,172.168.1.8
      309,19/09/2019,08:52,B,172.168.1.8
      312,19/09/2019,08:52,B,172.168.1.8
      301,19/09/2019,08:55,B,172.168.1.8
      120,19/09/2019,08:56,B,172.168.1.8
      303,19/09/2019,08:57,B,172.168.1.8
      115,19/09/2019,08:57,B,172.168.1.8
      260,19/09/2019,08:58,B,172.168.1.8
      255,19/09/2019,09:02,B,172.168.1.8
       11,19/09/2019,09:04,B,172.168.1.8
       20,19/09/2019,09:19,B,172.168.1.8
       25,19/09/2019,09:28,B,172.168.1.8
      290,19/09/2019,09:34,B,172.168.1.8
       32,19/09/2019,09:35,B,172.168.1.8
      283,19/09/2019,09:36,B,172.168.1.8
      117,19/09/2019,09:37,B,172.168.1.8
      116,19/09/2019,09:39,B,172.168.1.8
      123,19/09/2019,09:44,B,172.168.1.8
      110,19/09/2019,09:46,B,172.168.1.8
      109,19/09/2019,09:46,B,172.168.1.8
       24,19/09/2019,09:46,B,172.168.1.8
       12,19/09/2019,09:47,B,172.168.1.8
      254,19/09/2019,09:49,B,172.168.1.8
       17,19/09/2019,09:50,B,172.168.1.8
      128,19/09/2019,09:56,B,172.168.1.8
      297,19/09/2019,10:00,B,172.168.1.8
      256,19/09/2019,10:00,B,172.168.1.8
       26,19/09/2019,10:03,B,172.168.1.8
      131,19/09/2019,10:04,B,172.168.1.8
      271,19/09/2019,10:05,B,172.168.1.8
      258,19/09/2019,10:05,B,172.168.1.8
      310,19/09/2019,10:09,B,172.168.1.8
       72,19/09/2019,10:13,B,172.168.1.8
        5,19/09/2019,10:15,B,172.168.1.8
       10,19/09/2019,10:15,B,172.168.1.8
      101,19/09/2019,10:18,B,172.168.1.8
      261,19/09/2019,10:19,B,172.168.1.8
      293,19/09/2019,10:20,B,172.168.1.8
      106,19/09/2019,10:20,B,172.168.1.8
      129,19/09/2019,10:24,B,172.168.1.8
       35,19/09/2019,10:24,B,172.168.1.8
      251,19/09/2019,10:26,B,172.168.1.8
      295,19/09/2019,10:26,B,172.168.1.8
      114,19/09/2019,10:29,B,172.168.1.8
       27,19/09/2019,10:35,B,172.168.1.8
       18,19/09/2019,10:35,B,172.168.1.8
       30,19/09/2019,10:40,B,172.168.1.8
        9,19/09/2019,10:47,B,172.168.1.8
       29,19/09/2019,10:47,B,172.168.1.8
       22,19/09/2019,10:51,B,172.168.1.8
        1,19/09/2019,11:05,B,172.168.1.8
       28,19/09/2019,11:11,B,172.168.1.8
       16,19/09/2019,11:24,B,172.168.1.8
       19,19/09/2019,11:24,B,172.168.1.8
        2,19/09/2019,11:26,B,172.168.1.8
       21,19/09/2019,11:28,B,172.168.1.8
      305,19/09/2019,12:02,B,172.168.1.8
       52,19/09/2019,12:06,B,172.168.1.8
       74,19/09/2019,12:24,B,172.168.1.8
      118,19/09/2019,14:12,B,172.168.1.8
      309,19/09/2019,14:49,B,172.168.1.8
      303,19/09/2019,14:53,B,172.168.1.8
       64,19/09/2019,14:55,B,172.168.1.8
      301,19/09/2019,15:02,B,172.168.1.8
        5,19/09/2019,15:14,B,172.168.1.8
       36,19/09/2019,15:15,B,172.168.1.8
       35,19/09/2019,15:15,B,172.168.1.8
      298,19/09/2019,15:23,B,172.168.1.8
      121,19/09/2019,15:25,B,172.168.1.8
      312,19/09/2019,15:46,B,172.168.1.8
       72,19/09/2019,15:52,B,172.168.1.8
      125,19/09/2019,15:53,B,172.168.1.8
       64,19/09/2019,15:59,B,172.168.1.8
       20,19/09/2019,16:01,B,172.168.1.8
       24,19/09/2019,16:16,B,172.168.1.8
        9,19/09/2019,16:25,B,172.168.1.8
      299,19/09/2019,16:28,B,172.168.1.8
      255,19/09/2019,16:29,B,172.168.1.8
       23,19/09/2019,16:29,B,172.168.1.8
      305,19/09/2019,16:34,B,172.168.1.8
      119,19/09/2019,16:37,B,172.168.1.8
      122,19/09/2019,16:40,B,172.168.1.8
       74,19/09/2019,16:45,B,172.168.1.8
       12,19/09/2019,16:46,B,172.168.1.8
       26,19/09/2019,16:52,B,172.168.1.8
       29,19/09/2019,16:54,B,172.168.1.8
       28,19/09/2019,16:55,B,172.168.1.8
       21,19/09/2019,16:57,B,172.168.1.8
       17,19/09/2019,16:57,B,172.168.1.8
       25,19/09/2019,16:58,B,172.168.1.8
       19,19/09/2019,17:00,B,172.168.1.8
       10,19/09/2019,17:06,B,172.168.1.8
       65,19/09/2019,17:06,B,172.168.1.8
       17,19/09/2019,17:11,B,172.168.1.8
      128,19/09/2019,17:13,B,172.168.1.8
       16,19/09/2019,17:15,B,172.168.1.8
      110,19/09/2019,17:16,B,172.168.1.8
      109,19/09/2019,17:17,B,172.168.1.8
      271,19/09/2019,17:19,B,172.168.1.8
      271,19/09/2019,17:20,B,172.168.1.8
      271,19/09/2019,17:20,B,172.168.1.8
      261,19/09/2019,17:21,B,172.168.1.8
      120,19/09/2019,17:22,B,172.168.1.8
      254,19/09/2019,17:24,B,172.168.1.8
       11,19/09/2019,17:27,B,172.168.1.8
       18,19/09/2019,17:27,B,172.168.1.8
       32,19/09/2019,17:28,B,172.168.1.8
      297,19/09/2019,17:28,B,172.168.1.8
      295,19/09/2019,17:29,B,172.168.1.8
       30,19/09/2019,17:30,B,172.168.1.8
       32,19/09/2019,17:30,B,172.168.1.8
       22,19/09/2019,17:31,B,172.168.1.8
       14,19/09/2019,17:31,B,172.168.1.8
      258,19/09/2019,17:38,B,172.168.1.8
      131,19/09/2019,17:51,B,172.168.1.8
        2,19/09/2019,17:59,B,172.168.1.8
      129,19/09/2019,18:12,B,172.168.1.8
      101,19/09/2019,18:15,B,172.168.1.8
      251,19/09/2019,18:16,B,172.168.1.8
      115,19/09/2019,18:17,B,172.168.1.8
      117,19/09/2019,18:18,B,172.168.1.8
      123,19/09/2019,18:18,B,172.168.1.8
      116,19/09/2019,18:19,B,172.168.1.8
      117,19/09/2019,18:19,B,172.168.1.8
      293,19/09/2019,18:30,B,172.168.1.8
      106,19/09/2019,18:36,B,172.168.1.8
      293,19/09/2019,18:37,B,172.168.1.8
      273,19/09/2019,18:58,B,172.168.1.8
      114,19/09/2019,18:59,B,172.168.1.8
      310,19/09/2019,19:00,B,172.168.1.8
      290,19/09/2019,19:21,B,172.168.1.8
      310,19/09/2019,19:25,B,172.168.1.8
      296,19/09/2019,19:26,B,172.168.1.8
      283,19/09/2019,19:26,B,172.168.1.8
      290,19/09/2019,19:28,B,172.168.1.8
      310,19/09/2019,19:32,B,172.168.1.8
      283,19/09/2019,19:36,B,172.168.1.8
      296,19/09/2019,19:37,B,172.168.1.8
       27,19/09/2019,20:09,B,172.168.1.8
        1,19/09/2019,20:53,B,172.168.1.8
      260,19/09/2019,21:38,B,172.168.1.8
      256,19/09/2019,22:02,B,172.168.1.8
      112,19/09/2019,22:49,B,172.168.1.8
      287,19/09/2019,22:52,B,172.168.1.8
      287,19/09/2019,22:54,B,172.168.1.8
      126,19/09/2019,22:55,B,172.168.1.8
      112,19/09/2019,22:55,B,172.168.1.8
      126,19/09/2019,22:55,B,172.168.1.8
      121,20/09/2019,06:42,B,172.168.1.8
      273,20/09/2019,07:09,B,172.168.1.8
      214,20/09/2019,07:35,B,172.168.1.8
      298,20/09/2019,07:35,B,172.168.1.8
      119,20/09/2019,07:45,B,172.168.1.8
      119,20/09/2019,07:45,B,172.168.1.8
      205,20/09/2019,07:54,B,172.168.1.8
      125,20/09/2019,07:54,B,172.168.1.8
      215,20/09/2019,07:55,B,172.168.1.8
      255,20/09/2019,07:59,B,172.168.1.8
      207,20/09/2019,08:01,B,172.168.1.8
      212,20/09/2019,08:01,B,172.168.1.8
      210,20/09/2019,08:04,B,172.168.1.8
      211,20/09/2019,08:04,B,172.168.1.8
      216,20/09/2019,08:07,B,172.168.1.8
       65,20/09/2019,08:09,B,172.168.1.8
      296,20/09/2019,08:16,B,172.168.1.8
      122,20/09/2019,08:20,B,172.168.1.8
      126,20/09/2019,08:37,B,172.168.1.8
       52,20/09/2019,08:38,B,172.168.1.8
       14,20/09/2019,08:38,B,172.168.1.8
      260,20/09/2019,08:43,B,172.168.1.8
      115,20/09/2019,08:48,B,172.168.1.8
       36,20/09/2019,08:52,B,172.168.1.8
       23,20/09/2019,08:54,B,172.168.1.8
      120,20/09/2019,09:01,B,172.168.1.8
      204,20/09/2019,09:02,B,172.168.1.8
       64,20/09/2019,09:02,B,172.168.1.8
      201,20/09/2019,09:05,B,172.168.1.8
       24,20/09/2019,09:06,B,172.168.1.8
      202,20/09/2019,09:09,B,172.168.1.8
      303,20/09/2019,09:23,B,172.168.1.8
      268,20/09/2019,09:25,B,172.168.1.8
       25,20/09/2019,09:27,B,172.168.1.8
       11,20/09/2019,09:30,B,172.168.1.8
      206,20/09/2019,09:31,B,172.168.1.8
      312,20/09/2019,09:33,B,172.168.1.8
       10,20/09/2019,09:36,B,172.168.1.8
       26,20/09/2019,09:37,B,172.168.1.8
       16,20/09/2019,09:37,B,172.168.1.8
      254,20/09/2019,09:40,B,172.168.1.8
      123,20/09/2019,09:45,B,172.168.1.8
      299,20/09/2019,09:46,B,172.168.1.8
       17,20/09/2019,09:46,B,172.168.1.8
      117,20/09/2019,09:48,B,172.168.1.8
      203,20/09/2019,09:50,B,172.168.1.8
       12,20/09/2019,09:53,B,172.168.1.8
      209,20/09/2019,09:54,B,172.168.1.8
      213,20/09/2019,09:54,B,172.168.1.8
      128,20/09/2019,09:55,B,172.168.1.8
      110,20/09/2019,09:55,B,172.168.1.8
      109,20/09/2019,09:55,B,172.168.1.8
      127,20/09/2019,09:56,B,172.168.1.8
      283,20/09/2019,09:56,B,172.168.1.8
       30,20/09/2019,09:58,B,172.168.1.8
      271,20/09/2019,09:58,B,172.168.1.8
      258,20/09/2019,09:58,B,172.168.1.8
      297,20/09/2019,10:03,B,172.168.1.8
       20,20/09/2019,10:05,B,172.168.1.8
      116,20/09/2019,10:09,B,172.168.1.8
      293,20/09/2019,10:12,B,172.168.1.8
      112,20/09/2019,10:12,B,172.168.1.8
      114,20/09/2019,10:19,B,172.168.1.8
        1,20/09/2019,10:20,B,172.168.1.8
      310,20/09/2019,10:20,B,172.168.1.8
      129,20/09/2019,10:20,B,172.168.1.8
       18,20/09/2019,10:22,B,172.168.1.8
      101,20/09/2019,10:23,B,172.168.1.8
      261,20/09/2019,10:24,B,172.168.1.8
        9,20/09/2019,10:26,B,172.168.1.8
       29,20/09/2019,10:26,B,172.168.1.8
      251,20/09/2019,10:32,B,172.168.1.8
       21,20/09/2019,10:32,B,172.168.1.8
      301,20/09/2019,10:34,B,172.168.1.8
      301,20/09/2019,10:36,B,172.168.1.8
      295,20/09/2019,10:36,B,172.168.1.8
      256,20/09/2019,10:44,B,172.168.1.8
      309,20/09/2019,10:45,B,172.168.1.8
       28,20/09/2019,10:47,B,172.168.1.8
      106,20/09/2019,10:48,B,172.168.1.8
       32,20/09/2019,10:52,B,172.168.1.8
       74,20/09/2019,10:58,B,172.168.1.8
       31,20/09/2019,11:02,B,172.168.1.8
      300,20/09/2019,11:10,B,172.168.1.8
      300,20/09/2019,11:10,B,172.168.1.8
      300,20/09/2019,11:10,B,172.168.1.8
        5,20/09/2019,11:12,B,172.168.1.8
       19,20/09/2019,11:20,B,172.168.1.8
        8,20/09/2019,11:25,B,172.168.1.8
       27,20/09/2019,11:25,B,172.168.1.8
       35,20/09/2019,11:31,B,172.168.1.8
       22,20/09/2019,11:35,B,172.168.1.8
       52,20/09/2019,11:44,B,172.168.1.8
      305,20/09/2019,11:56,B,172.168.1.8
       12,20/09/2019,12:17,B,172.168.1.8
      101,20/09/2019,12:18,B,172.168.1.8
       64,20/09/2019,12:24,B,172.168.1.8
       73,20/09/2019,12:25,B,172.168.1.8
      205,20/09/2019,12:55,B,172.168.1.8
      205,20/09/2019,12:55,B,172.168.1.8
      215,20/09/2019,12:59,B,172.168.1.8
      214,20/09/2019,13:05,B,172.168.1.8
      210,20/09/2019,13:10,B,172.168.1.8
      211,20/09/2019,13:12,B,172.168.1.8
      212,20/09/2019,13:20,B,172.168.1.8
      207,20/09/2019,13:20,B,172.168.1.8
      216,20/09/2019,13:20,B,172.168.1.8
      201,20/09/2019,13:31,B,172.168.1.8
      287,20/09/2019,13:56,B,172.168.1.8
      202,20/09/2019,14:08,B,172.168.1.8
      309,20/09/2019,14:23,B,172.168.1.8
      204,20/09/2019,14:29,B,172.168.1.8
      206,20/09/2019,14:31,B,172.168.1.8
      213,20/09/2019,14:34,B,172.168.1.8
      206,20/09/2019,14:34,B,172.168.1.8
      209,20/09/2019,14:34,B,172.168.1.8
      203,20/09/2019,14:50,B,172.168.1.8
      301,20/09/2019,14:58,B,172.168.1.8
       74,20/09/2019,15:02,B,172.168.1.8
      298,20/09/2019,15:17,B,172.168.1.8
      303,20/09/2019,15:26,B,172.168.1.8
       16,20/09/2019,15:31,B,172.168.1.8
      305,20/09/2019,15:39,B,172.168.1.8
      312,20/09/2019,15:45,B,172.168.1.8
      121,20/09/2019,15:47,B,172.168.1.8
       20,20/09/2019,15:51,B,172.168.1.8
       36,20/09/2019,15:57,B,172.168.1.8
       73,20/09/2019,16:01,B,172.168.1.8
       23,20/09/2019,16:23,B,172.168.1.8
       29,20/09/2019,16:29,B,172.168.1.8
       24,20/09/2019,16:30,B,172.168.1.8
        9,20/09/2019,16:30,B,172.168.1.8
      125,20/09/2019,16:32,B,172.168.1.8
      119,20/09/2019,16:34,B,172.168.1.8
       21,20/09/2019,16:42,B,172.168.1.8
       28,20/09/2019,16:50,B,172.168.1.8
       18,20/09/2019,16:51,B,172.168.1.8
       65,20/09/2019,16:53,B,172.168.1.8
       32,20/09/2019,16:56,B,172.168.1.8
      122,20/09/2019,17:00,B,172.168.1.8
       25,20/09/2019,17:00,B,172.168.1.8
       19,20/09/2019,17:01,B,172.168.1.8
       14,20/09/2019,17:11,B,172.168.1.8
       22,20/09/2019,17:13,B,172.168.1.8
      128,20/09/2019,17:16,B,172.168.1.8
      110,20/09/2019,17:17,B,172.168.1.8
      109,20/09/2019,17:17,B,172.168.1.8
      297,20/09/2019,17:18,B,172.168.1.8
      295,20/09/2019,17:19,B,172.168.1.8
      271,20/09/2019,17:19,B,172.168.1.8
       10,20/09/2019,17:21,B,172.168.1.8
        5,20/09/2019,17:22,B,172.168.1.8
      127,20/09/2019,17:23,B,172.168.1.8
      261,20/09/2019,17:23,B,172.168.1.8
      120,20/09/2019,17:23,B,172.168.1.8
      254,20/09/2019,17:27,B,172.168.1.8
       26,20/09/2019,17:28,B,172.168.1.8
       17,20/09/2019,17:32,B,172.168.1.8
       17,20/09/2019,17:37,B,172.168.1.8
       11,20/09/2019,17:43,B,172.168.1.8
        1,20/09/2019,17:46,B,172.168.1.8
       30,20/09/2019,17:50,B,172.168.1.8
      293,20/09/2019,18:00,B,172.168.1.8
      123,20/09/2019,18:00,B,172.168.1.8
      273,20/09/2019,18:03,B,172.168.1.8
      258,20/09/2019,18:04,B,172.168.1.8
      116,20/09/2019,18:05,B,172.168.1.8
      114,20/09/2019,18:08,B,172.168.1.8
      300,20/09/2019,18:15,B,172.168.1.8
      115,20/09/2019,18:17,B,172.168.1.8
      251,20/09/2019,18:17,B,172.168.1.8
      310,20/09/2019,18:17,B,172.168.1.8
      117,20/09/2019,18:17,B,172.168.1.8
      256,20/09/2019,18:19,B,172.168.1.8
      106,20/09/2019,18:34,B,172.168.1.8
      255,20/09/2019,18:35,B,172.168.1.8
        8,20/09/2019,18:51,B,172.168.1.8
       27,20/09/2019,18:59,B,172.168.1.8
      268,20/09/2019,19:29,B,172.168.1.8
      268,20/09/2019,19:30,B,172.168.1.8
      296,20/09/2019,19:30,B,172.168.1.8
      299,20/09/2019,20:00,B,172.168.1.8
      283,20/09/2019,20:01,B,172.168.1.8
      129,20/09/2019,20:23,B,172.168.1.8
      260,20/09/2019,21:15,B,172.168.1.8
      287,20/09/2019,22:51,B,172.168.1.8
      112,20/09/2019,22:52,B,172.168.1.8
      287,20/09/2019,22:52,B,172.168.1.8
      112,20/09/2019,22:53,B,172.168.1.8
      126,20/09/2019,22:53,B,172.168.1.8
      112,20/09/2019,22:54,B,172.168.1.8
      287,20/09/2019,22:54,B,172.168.1.8
      126,20/09/2019,22:55,B,172.168.1.8
      112,20/09/2019,22:55,B,172.168.1.8
      121,21/09/2019,06:46,B,172.168.1.8
      298,21/09/2019,07:08,B,172.168.1.8
      273,21/09/2019,07:12,B,172.168.1.8
      214,21/09/2019,07:15,B,172.168.1.8
      213,21/09/2019,07:53,B,172.168.1.8
      208,21/09/2019,07:54,B,172.168.1.8
      207,21/09/2019,07:57,B,172.168.1.8
      216,21/09/2019,07:58,B,172.168.1.8
      300,21/09/2019,07:59,B,172.168.1.8
      119,21/09/2019,07:59,B,172.168.1.8
      119,21/09/2019,07:59,B,172.168.1.8
       65,21/09/2019,08:01,B,172.168.1.8
      210,21/09/2019,08:01,B,172.168.1.8
      126,21/09/2019,08:03,B,172.168.1.8
      255,21/09/2019,08:04,B,172.168.1.8
      203,21/09/2019,08:09,B,172.168.1.8
      211,21/09/2019,08:12,B,172.168.1.8
      299,21/09/2019,08:14,B,172.168.1.8
      212,21/09/2019,08:28,B,172.168.1.8
      312,21/09/2019,08:36,B,172.168.1.8
      260,21/09/2019,08:39,B,172.168.1.8
       16,21/09/2019,08:43,B,172.168.1.8
       28,21/09/2019,08:43,B,172.168.1.8
      115,21/09/2019,08:47,B,172.168.1.8
      296,21/09/2019,08:48,B,172.168.1.8
      311,21/09/2019,08:51,B,172.168.1.8
      205,21/09/2019,08:54,B,172.168.1.8
      215,21/09/2019,08:55,B,172.168.1.8
      287,21/09/2019,08:57,B,172.168.1.8
      287,21/09/2019,08:57,B,172.168.1.8
      287,21/09/2019,08:57,B,172.168.1.8
      215,21/09/2019,08:58,B,172.168.1.8
      112,21/09/2019,08:58,B,172.168.1.8
       12,21/09/2019,08:58,B,172.168.1.8
      202,21/09/2019,09:00,B,172.168.1.8
      120,21/09/2019,09:01,B,172.168.1.8
       25,21/09/2019,09:06,B,172.168.1.8
        5,21/09/2019,09:08,B,172.168.1.8
       26,21/09/2019,09:09,B,172.168.1.8
       20,21/09/2019,09:15,B,172.168.1.8
      268,21/09/2019,09:18,B,172.168.1.8
      268,21/09/2019,09:19,B,172.168.1.8
      125,21/09/2019,09:22,B,172.168.1.8
       32,21/09/2019,09:26,B,172.168.1.8
      122,21/09/2019,09:26,B,172.168.1.8
      209,21/09/2019,09:28,B,172.168.1.8
       23,21/09/2019,09:28,B,172.168.1.8
       30,21/09/2019,09:29,B,172.168.1.8
      290,21/09/2019,09:29,B,172.168.1.8
       18,21/09/2019,09:29,B,172.168.1.8
       30,21/09/2019,09:30,B,172.168.1.8
      123,21/09/2019,09:38,B,172.168.1.8
      283,21/09/2019,09:40,B,172.168.1.8
       11,21/09/2019,09:43,B,172.168.1.8
      127,21/09/2019,09:45,B,172.168.1.8
      127,21/09/2019,09:45,B,172.168.1.8
      128,21/09/2019,09:47,B,172.168.1.8
      254,21/09/2019,09:51,B,172.168.1.8
      271,21/09/2019,09:52,B,172.168.1.8
      117,21/09/2019,09:54,B,172.168.1.8
       19,21/09/2019,09:54,B,172.168.1.8
      116,21/09/2019,09:55,B,172.168.1.8
       14,21/09/2019,09:56,B,172.168.1.8
      106,21/09/2019,09:57,B,172.168.1.8
      109,21/09/2019,09:57,B,172.168.1.8
      110,21/09/2019,09:58,B,172.168.1.8
      114,21/09/2019,09:58,B,172.168.1.8
       36,21/09/2019,10:01,B,172.168.1.8
       72,21/09/2019,10:02,B,172.168.1.8
      256,21/09/2019,10:02,B,172.168.1.8
      297,21/09/2019,10:04,B,172.168.1.8
      206,21/09/2019,10:06,B,172.168.1.8
       21,21/09/2019,10:07,B,172.168.1.8
       10,21/09/2019,10:07,B,172.168.1.8
      310,21/09/2019,10:08,B,172.168.1.8
      261,21/09/2019,10:08,B,172.168.1.8
      201,21/09/2019,10:08,B,172.168.1.8
      293,21/09/2019,10:09,B,172.168.1.8
      129,21/09/2019,10:11,B,172.168.1.8
      303,21/09/2019,10:13,B,172.168.1.8
      258,21/09/2019,10:28,B,172.168.1.8
       35,21/09/2019,10:30,B,172.168.1.8
      251,21/09/2019,10:30,B,172.168.1.8
      101,21/09/2019,10:32,B,172.168.1.8
      214,21/09/2019,10:32,B,172.168.1.8
      203,21/09/2019,10:40,B,172.168.1.8
      216,21/09/2019,10:46,B,172.168.1.8
      207,21/09/2019,10:46,B,172.168.1.8
       17,21/09/2019,10:47,B,172.168.1.8
       27,21/09/2019,10:47,B,172.168.1.8
      210,21/09/2019,10:54,B,172.168.1.8
      211,21/09/2019,10:55,B,172.168.1.8
      210,21/09/2019,10:56,B,172.168.1.8
      208,21/09/2019,10:57,B,172.168.1.8
      211,21/09/2019,10:58,B,172.168.1.8
      295,21/09/2019,11:03,B,172.168.1.8
      215,21/09/2019,11:25,B,172.168.1.8
       22,21/09/2019,11:26,B,172.168.1.8
       29,21/09/2019,11:32,B,172.168.1.8
      209,21/09/2019,11:34,B,172.168.1.8
      213,21/09/2019,11:34,B,172.168.1.8
       16,21/09/2019,11:34,B,172.168.1.8
      206,21/09/2019,12:00,B,172.168.1.8
       20,21/09/2019,12:02,B,172.168.1.8
      212,21/09/2019,12:02,B,172.168.1.8
       52,21/09/2019,12:04,B,172.168.1.8
      202,21/09/2019,12:05,B,172.168.1.8
      202,21/09/2019,12:06,B,172.168.1.8
        5,21/09/2019,12:09,B,172.168.1.8
      201,21/09/2019,12:09,B,172.168.1.8
      303,21/09/2019,12:11,B,172.168.1.8
       28,21/09/2019,12:18,B,172.168.1.8
       36,21/09/2019,12:19,B,172.168.1.8
      205,21/09/2019,12:32,B,172.168.1.8
      205,21/09/2019,12:32,B,172.168.1.8
       72,21/09/2019,12:34,B,172.168.1.8
       35,21/09/2019,13:22,B,172.168.1.8
        8,21/09/2019,13:34,B,172.168.1.8
       21,21/09/2019,13:43,B,172.168.1.8
       18,21/09/2019,13:56,B,172.168.1.8
       22,21/09/2019,14:01,B,172.168.1.8
       12,21/09/2019,14:01,B,172.168.1.8
       52,21/09/2019,14:17,B,172.168.1.8
        9,21/09/2019,14:17,B,172.168.1.8
       11,21/09/2019,14:17,B,172.168.1.8
       10,21/09/2019,14:19,B,172.168.1.8
       27,21/09/2019,15:00,B,172.168.1.8
      121,21/09/2019,15:00,B,172.168.1.8
      298,21/09/2019,15:06,B,172.168.1.8
      295,21/09/2019,15:17,B,172.168.1.8
       14,21/09/2019,15:24,B,172.168.1.8
       29,21/09/2019,15:32,B,172.168.1.8
      125,21/09/2019,15:35,B,172.168.1.8
       23,21/09/2019,15:38,B,172.168.1.8
       30,21/09/2019,15:41,B,172.168.1.8
      312,21/09/2019,15:44,B,172.168.1.8
      119,21/09/2019,15:58,B,172.168.1.8
       17,21/09/2019,16:05,B,172.168.1.8
      311,21/09/2019,16:59,B,172.168.1.8
      256,21/09/2019,17:00,B,172.168.1.8
       25,21/09/2019,17:01,B,172.168.1.8
       26,21/09/2019,17:05,B,172.168.1.8
      261,21/09/2019,17:07,B,172.168.1.8
      127,21/09/2019,17:08,B,172.168.1.8
       19,21/09/2019,17:08,B,172.168.1.8
      258,21/09/2019,17:10,B,172.168.1.8
      297,21/09/2019,17:11,B,172.168.1.8
      122,21/09/2019,17:12,B,172.168.1.8
      110,21/09/2019,17:14,B,172.168.1.8
      109,21/09/2019,17:14,B,172.168.1.8
      310,21/09/2019,17:14,B,172.168.1.8
        8,21/09/2019,17:18,B,172.168.1.8
      271,21/09/2019,17:18,B,172.168.1.8
      120,21/09/2019,17:20,B,172.168.1.8
      254,21/09/2019,17:20,B,172.168.1.8
      115,21/09/2019,17:20,B,172.168.1.8
      251,21/09/2019,17:21,B,172.168.1.8
      101,21/09/2019,17:21,B,172.168.1.8
        8,21/09/2019,17:21,B,172.168.1.8
      129,21/09/2019,17:22,B,172.168.1.8
      310,21/09/2019,17:22,B,172.168.1.8
      118,21/09/2019,17:22,B,172.168.1.8
       37,21/09/2019,17:23,B,172.168.1.8
      290,21/09/2019,17:29,B,172.168.1.8
      290,21/09/2019,17:30,B,172.168.1.8
      106,21/09/2019,17:31,B,172.168.1.8
      296,21/09/2019,17:32,B,172.168.1.8
      268,21/09/2019,17:32,B,172.168.1.8
      255,21/09/2019,17:37,B,172.168.1.8
      116,21/09/2019,17:58,B,172.168.1.8
      116,21/09/2019,18:00,B,172.168.1.8
      273,21/09/2019,18:00,B,172.168.1.8
      300,21/09/2019,18:00,B,172.168.1.8
      117,21/09/2019,18:08,B,172.168.1.8
      114,21/09/2019,18:12,B,172.168.1.8
      293,21/09/2019,18:13,B,172.168.1.8
      299,21/09/2019,19:08,B,172.168.1.8
      299,21/09/2019,19:20,B,172.168.1.8
      283,21/09/2019,19:22,B,172.168.1.8
      126,21/09/2019,20:05,B,172.168.1.8
      287,21/09/2019,22:52,B,172.168.1.8
      112,21/09/2019,22:52,B,172.168.1.8
      287,21/09/2019,22:52,B,172.168.1.8
      260,21/09/2019,22:53,B,172.168.1.8
      260,21/09/2019,22:53,B,172.168.1.8
      112,22/09/2019,09:03,B,172.168.1.8
      255,22/09/2019,09:26,B,172.168.1.8
      260,22/09/2019,09:32,B,172.168.1.8
      273,22/09/2019,09:45,B,172.168.1.8
      273,22/09/2019,09:47,B,172.168.1.8
      115,22/09/2019,09:48,B,172.168.1.8
      128,22/09/2019,10:03,B,172.168.1.8
      101,22/09/2019,10:44,B,172.168.1.8
      283,22/09/2019,11:06,B,172.168.1.8
      299,22/09/2019,11:12,B,172.168.1.8
      287,22/09/2019,12:06,B,172.168.1.8
      299,22/09/2019,14:54,B,172.168.1.8
      283,22/09/2019,15:00,B,172.168.1.8
      128,22/09/2019,15:18,B,172.168.1.8
      115,22/09/2019,16:21,B,172.168.1.8
      115,22/09/2019,16:21,B,172.168.1.8
      115,22/09/2019,16:23,B,172.168.1.8
      251,22/09/2019,16:24,B,172.168.1.8
      273,22/09/2019,18:28,B,172.168.1.8
      260,22/09/2019,19:13,B,172.168.1.8
      260,22/09/2019,19:13,B,172.168.1.8
      287,22/09/2019,20:27,B,172.168.1.8
      255,22/09/2019,20:29,B,172.168.1.8
      112,22/09/2019,20:29,B,172.168.1.8
      287,22/09/2019,20:29,B,172.168.1.8
      287,23/09/2019,06:27,B,172.168.1.8
      121,23/09/2019,06:47,B,172.168.1.8
      112,23/09/2019,06:55,B,172.168.1.8
      214,23/09/2019,07:06,B,172.168.1.8
      119,23/09/2019,07:07,B,172.168.1.8
      204,23/09/2019,07:24,B,172.168.1.8
      273,23/09/2019,07:26,B,172.168.1.8
      216,23/09/2019,07:30,B,172.168.1.8
      296,23/09/2019,07:51,B,172.168.1.8
      125,23/09/2019,07:52,B,172.168.1.8
      215,23/09/2019,07:54,B,172.168.1.8
      209,23/09/2019,07:57,B,172.168.1.8
      300,23/09/2019,08:00,B,172.168.1.8
      299,23/09/2019,08:19,B,172.168.1.8
      255,23/09/2019,08:21,B,172.168.1.8
      298,23/09/2019,08:22,B,172.168.1.8
      202,23/09/2019,08:25,B,172.168.1.8
       16,23/09/2019,08:28,B,172.168.1.8
      212,23/09/2019,08:30,B,172.168.1.8
       18,23/09/2019,08:40,B,172.168.1.8
      205,23/09/2019,08:40,B,172.168.1.8
      260,23/09/2019,08:40,B,172.168.1.8
      303,23/09/2019,08:45,B,172.168.1.8
      115,23/09/2019,08:50,B,172.168.1.8
       64,23/09/2019,08:56,B,172.168.1.8
      207,23/09/2019,08:57,B,172.168.1.8
      120,23/09/2019,08:57,B,172.168.1.8
       72,23/09/2019,08:57,B,172.168.1.8
       36,23/09/2019,08:59,B,172.168.1.8
       23,23/09/2019,09:03,B,172.168.1.8
      210,23/09/2019,09:07,B,172.168.1.8
      211,23/09/2019,09:09,B,172.168.1.8
       26,23/09/2019,09:11,B,172.168.1.8
      268,23/09/2019,09:15,B,172.168.1.8
       20,23/09/2019,09:18,B,172.168.1.8
      122,23/09/2019,09:24,B,172.168.1.8
       25,23/09/2019,09:32,B,172.168.1.8
      290,23/09/2019,09:33,B,172.168.1.8
       11,23/09/2019,09:34,B,172.168.1.8
      117,23/09/2019,09:38,B,172.168.1.8
       28,23/09/2019,09:40,B,172.168.1.8
      201,23/09/2019,09:40,B,172.168.1.8
      201,23/09/2019,09:40,B,172.168.1.8
      213,23/09/2019,09:42,B,172.168.1.8
      206,23/09/2019,09:48,B,172.168.1.8
       12,23/09/2019,09:48,B,172.168.1.8
      110,23/09/2019,09:49,B,172.168.1.8
      109,23/09/2019,09:49,B,172.168.1.8
      128,23/09/2019,09:50,B,172.168.1.8
      283,23/09/2019,09:52,B,172.168.1.8
      256,23/09/2019,09:52,B,172.168.1.8
       14,23/09/2019,09:53,B,172.168.1.8
      101,23/09/2019,09:55,B,172.168.1.8
      127,23/09/2019,09:56,B,172.168.1.8
      271,23/09/2019,09:56,B,172.168.1.8
      289,23/09/2019,09:56,B,172.168.1.8
      203,23/09/2019,09:56,B,172.168.1.8
      258,23/09/2019,10:01,B,172.168.1.8
      131,23/09/2019,10:02,B,172.168.1.8
      116,23/09/2019,10:05,B,172.168.1.8
      297,23/09/2019,10:06,B,172.168.1.8
      114,23/09/2019,10:07,B,172.168.1.8
        5,23/09/2019,10:07,B,172.168.1.8
       10,23/09/2019,10:07,B,172.168.1.8
      254,23/09/2019,10:08,B,172.168.1.8
      293,23/09/2019,10:11,B,172.168.1.8
       32,23/09/2019,10:11,B,172.168.1.8
      310,23/09/2019,10:13,B,172.168.1.8
       17,23/09/2019,10:14,B,172.168.1.8
      261,23/09/2019,10:20,B,172.168.1.8
       21,23/09/2019,10:24,B,172.168.1.8
      123,23/09/2019,10:25,B,172.168.1.8
      251,23/09/2019,10:28,B,172.168.1.8
       35,23/09/2019,10:29,B,172.168.1.8
      129,23/09/2019,10:30,B,172.168.1.8
       24,23/09/2019,10:31,B,172.168.1.8
      295,23/09/2019,10:35,B,172.168.1.8
      106,23/09/2019,10:40,B,172.168.1.8
      118,23/09/2019,10:41,B,172.168.1.8
        9,23/09/2019,10:47,B,172.168.1.8
       74,23/09/2019,10:49,B,172.168.1.8
        1,23/09/2019,11:01,B,172.168.1.8
      309,23/09/2019,11:13,B,172.168.1.8
       27,23/09/2019,11:16,B,172.168.1.8
       19,23/09/2019,11:26,B,172.168.1.8
       22,23/09/2019,11:27,B,172.168.1.8
       29,23/09/2019,11:33,B,172.168.1.8
      311,23/09/2019,11:34,B,172.168.1.8
        2,23/09/2019,11:40,B,172.168.1.8
      312,23/09/2019,12:16,B,172.168.1.8
       64,23/09/2019,12:16,B,172.168.1.8
       30,23/09/2019,12:55,B,172.168.1.8
       73,23/09/2019,12:58,B,172.168.1.8
      204,23/09/2019,13:01,B,172.168.1.8
      209,23/09/2019,13:02,B,172.168.1.8
      209,23/09/2019,13:02,B,172.168.1.8
      215,23/09/2019,13:17,B,172.168.1.8
      214,23/09/2019,13:17,B,172.168.1.8
      202,23/09/2019,13:27,B,172.168.1.8
      205,23/09/2019,13:44,B,172.168.1.8
      216,23/09/2019,13:45,B,172.168.1.8
      212,23/09/2019,13:45,B,172.168.1.8
       69,23/09/2019,13:52,B,172.168.1.8
       74,23/09/2019,14:04,B,172.168.1.8
      211,23/09/2019,14:11,B,172.168.1.8
      210,23/09/2019,14:13,B,172.168.1.8
      210,23/09/2019,14:14,B,172.168.1.8
      201,23/09/2019,14:44,B,172.168.1.8
      213,23/09/2019,14:45,B,172.168.1.8
      206,23/09/2019,14:45,B,172.168.1.8
      203,23/09/2019,14:45,B,172.168.1.8
      121,23/09/2019,15:12,B,172.168.1.8
      309,23/09/2019,15:19,B,172.168.1.8
      298,23/09/2019,15:23,B,172.168.1.8
       72,23/09/2019,15:25,B,172.168.1.8
      311,23/09/2019,15:35,B,172.168.1.8
       36,23/09/2019,15:41,B,172.168.1.8
      258,23/09/2019,15:43,B,172.168.1.8
        5,23/09/2019,15:44,B,172.168.1.8
       69,23/09/2019,15:48,B,172.168.1.8
      303,23/09/2019,16:05,B,172.168.1.8
      125,23/09/2019,16:06,B,172.168.1.8
       24,23/09/2019,16:30,B,172.168.1.8
       29,23/09/2019,16:30,B,172.168.1.8
       27,23/09/2019,16:30,B,172.168.1.8
      119,23/09/2019,16:34,B,172.168.1.8
       73,23/09/2019,16:37,B,172.168.1.8
       23,23/09/2019,16:42,B,172.168.1.8
       32,23/09/2019,17:00,B,172.168.1.8
       25,23/09/2019,17:01,B,172.168.1.8
       20,23/09/2019,17:01,B,172.168.1.8
       28,23/09/2019,17:02,B,172.168.1.8
       22,23/09/2019,17:03,B,172.168.1.8
      127,23/09/2019,17:03,B,172.168.1.8
      299,23/09/2019,17:05,B,172.168.1.8
       19,23/09/2019,17:05,B,172.168.1.8
      110,23/09/2019,17:06,B,172.168.1.8
      109,23/09/2019,17:06,B,172.168.1.8
       12,23/09/2019,17:08,B,172.168.1.8
       35,23/09/2019,17:09,B,172.168.1.8
       18,23/09/2019,17:10,B,172.168.1.8
      128,23/09/2019,17:11,B,172.168.1.8
       16,23/09/2019,17:12,B,172.168.1.8
      297,23/09/2019,17:18,B,172.168.1.8
      261,23/09/2019,17:19,B,172.168.1.8
      122,23/09/2019,17:20,B,172.168.1.8
      289,23/09/2019,17:21,B,172.168.1.8
      297,23/09/2019,17:21,B,172.168.1.8
       17,23/09/2019,17:22,B,172.168.1.8
      271,23/09/2019,17:22,B,172.168.1.8
      254,23/09/2019,17:22,B,172.168.1.8
      271,23/09/2019,17:24,B,172.168.1.8
      295,23/09/2019,17:24,B,172.168.1.8
       11,23/09/2019,17:32,B,172.168.1.8
      120,23/09/2019,17:35,B,172.168.1.8
       21,23/09/2019,17:36,B,172.168.1.8
        2,23/09/2019,17:38,B,172.168.1.8
       10,23/09/2019,17:41,B,172.168.1.8
       23,23/09/2019,17:41,B,172.168.1.8
        9,23/09/2019,18:00,B,172.168.1.8
       14,23/09/2019,18:02,B,172.168.1.8
      290,23/09/2019,18:03,B,172.168.1.8
      296,23/09/2019,18:03,B,172.168.1.8
      312,23/09/2019,18:06,B,172.168.1.8
       26,23/09/2019,18:06,B,172.168.1.8
      300,23/09/2019,18:09,B,172.168.1.8
      101,23/09/2019,18:12,B,172.168.1.8
      116,23/09/2019,18:22,B,172.168.1.8
      117,23/09/2019,18:22,B,172.168.1.8
      123,23/09/2019,18:25,B,172.168.1.8
      115,23/09/2019,18:25,B,172.168.1.8
      251,23/09/2019,18:25,B,172.168.1.8
      273,23/09/2019,18:32,B,172.168.1.8
      114,23/09/2019,18:35,B,172.168.1.8
      129,23/09/2019,18:37,B,172.168.1.8
      131,23/09/2019,18:37,B,172.168.1.8
       30,23/09/2019,19:00,B,172.168.1.8
      106,23/09/2019,19:01,B,172.168.1.8
      293,23/09/2019,19:06,B,172.168.1.8
      106,23/09/2019,19:13,B,172.168.1.8
      293,23/09/2019,19:14,B,172.168.1.8
        8,23/09/2019,19:18,B,172.168.1.8
      255,23/09/2019,19:41,B,172.168.1.8
      310,23/09/2019,19:41,B,172.168.1.8
      296,23/09/2019,19:41,B,172.168.1.8
      268,23/09/2019,19:42,B,172.168.1.8
      310,23/09/2019,19:43,B,172.168.1.8
      296,23/09/2019,19:43,B,172.168.1.8
      283,23/09/2019,20:05,B,172.168.1.8
        1,23/09/2019,20:11,B,172.168.1.8
        1,23/09/2019,20:14,B,172.168.1.8
      256,23/09/2019,20:37,B,172.168.1.8
      260,23/09/2019,20:57,B,172.168.1.8
      287,23/09/2019,21:30,B,172.168.1.8
      112,23/09/2019,21:30,B,172.168.1.8
      121,24/09/2019,06:51,B,172.168.1.8
      126,24/09/2019,07:03,B,172.168.1.8
      273,24/09/2019,07:29,B,172.168.1.8
      298,24/09/2019,07:30,B,172.168.1.8
      216,24/09/2019,07:34,B,172.168.1.8
      207,24/09/2019,07:54,B,172.168.1.8
      119,24/09/2019,07:56,B,172.168.1.8
      255,24/09/2019,07:57,B,172.168.1.8
      212,24/09/2019,07:59,B,172.168.1.8
      300,24/09/2019,08:00,B,172.168.1.8
      296,24/09/2019,08:05,B,172.168.1.8
       36,24/09/2019,08:21,B,172.168.1.8
      214,24/09/2019,08:22,B,172.168.1.8
       52,24/09/2019,08:23,B,172.168.1.8
      202,24/09/2019,08:26,B,172.168.1.8
      287,24/09/2019,08:31,B,172.168.1.8
       51,24/09/2019,08:43,B,172.168.1.8
      115,24/09/2019,08:49,B,172.168.1.8
      120,24/09/2019,08:55,B,172.168.1.8
       14,24/09/2019,08:55,B,172.168.1.8
      213,24/09/2019,09:00,B,172.168.1.8
      260,24/09/2019,09:00,B,172.168.1.8
       65,24/09/2019,09:05,B,172.168.1.8
       23,24/09/2019,09:05,B,172.168.1.8
      210,24/09/2019,09:05,B,172.168.1.8
       72,24/09/2019,09:07,B,172.168.1.8
      299,24/09/2019,09:10,B,172.168.1.8
      206,24/09/2019,09:11,B,172.168.1.8
      268,24/09/2019,09:12,B,172.168.1.8
       20,24/09/2019,09:15,B,172.168.1.8
      211,24/09/2019,09:16,B,172.168.1.8
      122,24/09/2019,09:16,B,172.168.1.8
      312,24/09/2019,09:18,B,172.168.1.8
       18,24/09/2019,09:21,B,172.168.1.8
       11,24/09/2019,09:24,B,172.168.1.8
       26,24/09/2019,09:25,B,172.168.1.8
      204,24/09/2019,09:25,B,172.168.1.8
       25,24/09/2019,09:25,B,172.168.1.8
      303,24/09/2019,09:25,B,172.168.1.8
      290,24/09/2019,09:32,B,172.168.1.8
       32,24/09/2019,09:34,B,172.168.1.8
      123,24/09/2019,09:35,B,172.168.1.8
       16,24/09/2019,09:38,B,172.168.1.8
      118,24/09/2019,09:40,B,172.168.1.8
      283,24/09/2019,09:41,B,172.168.1.8
      117,24/09/2019,09:41,B,172.168.1.8
       21,24/09/2019,09:46,B,172.168.1.8
      289,24/09/2019,09:48,B,172.168.1.8
      271,24/09/2019,09:48,B,172.168.1.8
      109,24/09/2019,09:54,B,172.168.1.8
      110,24/09/2019,09:54,B,172.168.1.8
       12,24/09/2019,09:56,B,172.168.1.8
      254,24/09/2019,09:56,B,172.168.1.8
      112,24/09/2019,09:57,B,172.168.1.8
      201,24/09/2019,09:58,B,172.168.1.8
      256,24/09/2019,09:59,B,172.168.1.8
      297,24/09/2019,10:01,B,172.168.1.8
      116,24/09/2019,10:01,B,172.168.1.8
      128,24/09/2019,10:02,B,172.168.1.8
      258,24/09/2019,10:04,B,172.168.1.8
      295,24/09/2019,10:04,B,172.168.1.8
      310,24/09/2019,10:06,B,172.168.1.8
      127,24/09/2019,10:07,B,172.168.1.8
       24,24/09/2019,10:10,B,172.168.1.8
      131,24/09/2019,10:11,B,172.168.1.8
      106,24/09/2019,10:16,B,172.168.1.8
      251,24/09/2019,10:18,B,172.168.1.8
       28,24/09/2019,10:19,B,172.168.1.8
      261,24/09/2019,10:21,B,172.168.1.8
       10,24/09/2019,10:22,B,172.168.1.8
      129,24/09/2019,10:23,B,172.168.1.8
      293,24/09/2019,10:30,B,172.168.1.8
        1,24/09/2019,10:30,B,172.168.1.8
      128,24/09/2019,10:34,B,172.168.1.8
       17,24/09/2019,10:36,B,172.168.1.8
        8,24/09/2019,10:42,B,172.168.1.8
       35,24/09/2019,10:44,B,172.168.1.8
       29,24/09/2019,10:50,B,172.168.1.8
        9,24/09/2019,10:57,B,172.168.1.8
       30,24/09/2019,10:57,B,172.168.1.8
       27,24/09/2019,11:09,B,172.168.1.8
       22,24/09/2019,11:10,B,172.168.1.8
       19,24/09/2019,11:26,B,172.168.1.8
        2,24/09/2019,11:29,B,172.168.1.8
       51,24/09/2019,11:59,B,172.168.1.8
      305,24/09/2019,12:03,B,172.168.1.8
      212,24/09/2019,13:02,B,172.168.1.8
      207,24/09/2019,13:02,B,172.168.1.8
      216,24/09/2019,13:02,B,172.168.1.8
      202,24/09/2019,13:26,B,172.168.1.8
      204,24/09/2019,13:36,B,172.168.1.8
      213,24/09/2019,13:36,B,172.168.1.8
      311,24/09/2019,14:04,B,172.168.1.8
      210,24/09/2019,14:05,B,172.168.1.8
      206,24/09/2019,14:11,B,172.168.1.8
      211,24/09/2019,14:16,B,172.168.1.8
      214,24/09/2019,14:30,B,172.168.1.8
      201,24/09/2019,14:59,B,172.168.1.8
       72,24/09/2019,15:17,B,172.168.1.8
      311,24/09/2019,15:27,B,172.168.1.8
      303,24/09/2019,15:28,B,172.168.1.8
      303,24/09/2019,15:28,B,172.168.1.8
      298,24/09/2019,15:30,B,172.168.1.8
      312,24/09/2019,15:34,B,172.168.1.8
       16,24/09/2019,15:56,B,172.168.1.8
       23,24/09/2019,16:14,B,172.168.1.8
       65,24/09/2019,16:16,B,172.168.1.8
       24,24/09/2019,16:25,B,172.168.1.8
       37,24/09/2019,16:29,B,172.168.1.8
       37,24/09/2019,16:29,B,172.168.1.8
       22,24/09/2019,16:40,B,172.168.1.8
      119,24/09/2019,16:42,B,172.168.1.8
      305,24/09/2019,16:53,B,172.168.1.8
       28,24/09/2019,16:54,B,172.168.1.8
       14,24/09/2019,17:02,B,172.168.1.8
       12,24/09/2019,17:02,B,172.168.1.8
       26,24/09/2019,17:04,B,172.168.1.8
       27,24/09/2019,17:04,B,172.168.1.8
       29,24/09/2019,17:05,B,172.168.1.8
       19,24/09/2019,17:06,B,172.168.1.8
        2,24/09/2019,17:07,B,172.168.1.8
       21,24/09/2019,17:13,B,172.168.1.8
      110,24/09/2019,17:14,B,172.168.1.8
      109,24/09/2019,17:14,B,172.168.1.8
      127,24/09/2019,17:15,B,172.168.1.8
       10,24/09/2019,17:16,B,172.168.1.8
      127,24/09/2019,17:17,B,172.168.1.8
      261,24/09/2019,17:18,B,172.168.1.8
      127,24/09/2019,17:18,B,172.168.1.8
      297,24/09/2019,17:18,B,172.168.1.8
      289,24/09/2019,17:19,B,172.168.1.8
       20,24/09/2019,17:19,B,172.168.1.8
       35,24/09/2019,17:19,B,172.168.1.8
      122,24/09/2019,17:20,B,172.168.1.8
      120,24/09/2019,17:20,B,172.168.1.8
      254,24/09/2019,17:21,B,172.168.1.8
       36,24/09/2019,17:21,B,172.168.1.8
      295,24/09/2019,17:22,B,172.168.1.8
      271,24/09/2019,17:22,B,172.168.1.8
       18,24/09/2019,17:25,B,172.168.1.8
       25,24/09/2019,17:29,B,172.168.1.8
        9,24/09/2019,17:34,B,172.168.1.8
      129,24/09/2019,17:49,B,172.168.1.8
      129,24/09/2019,17:50,B,172.168.1.8
      131,24/09/2019,17:55,B,172.168.1.8
      273,24/09/2019,17:58,B,172.168.1.8
       32,24/09/2019,18:00,B,172.168.1.8
       17,24/09/2019,18:07,B,172.168.1.8
       11,24/09/2019,18:09,B,172.168.1.8
      258,24/09/2019,18:10,B,172.168.1.8
      116,24/09/2019,18:10,B,172.168.1.8
      117,24/09/2019,18:10,B,172.168.1.8
      123,24/09/2019,18:21,B,172.168.1.8
      255,24/09/2019,18:38,B,172.168.1.8
       30,24/09/2019,18:54,B,172.168.1.8
      293,24/09/2019,18:56,B,172.168.1.8
      106,24/09/2019,18:57,B,172.168.1.8
      300,24/09/2019,19:01,B,172.168.1.8
      310,24/09/2019,20:00,B,172.168.1.8
      283,24/09/2019,20:00,B,172.168.1.8
      310,24/09/2019,20:01,B,172.168.1.8
      296,24/09/2019,20:02,B,172.168.1.8
        8,24/09/2019,20:03,B,172.168.1.8
      115,24/09/2019,20:06,B,172.168.1.8
      251,24/09/2019,20:06,B,172.168.1.8
        1,24/09/2019,20:37,B,172.168.1.8
      256,24/09/2019,20:50,B,172.168.1.8
      290,24/09/2019,21:11,B,172.168.1.8
      260,24/09/2019,21:14,B,172.168.1.8
      290,24/09/2019,21:40,B,172.168.1.8
      287,24/09/2019,22:41,B,172.168.1.8
      287,24/09/2019,22:42,B,172.168.1.8
      287,24/09/2019,22:43,B,172.168.1.8
      112,24/09/2019,22:44,B,172.168.1.8
      287,24/09/2019,22:45,B,172.168.1.8
      126,24/09/2019,22:45,B,172.168.1.8
      112,24/09/2019,22:45,B,172.168.1.8
      121,25/09/2019,06:56,B,172.168.1.8
      126,25/09/2019,07:06,B,172.168.1.8
      300,25/09/2019,07:12,B,172.168.1.8
      273,25/09/2019,07:20,B,172.168.1.8
      298,25/09/2019,07:23,B,172.168.1.8
      119,25/09/2019,07:45,B,172.168.1.8
       37,25/09/2019,07:50,B,172.168.1.8
      202,25/09/2019,07:53,B,172.168.1.8
      125,25/09/2019,07:55,B,172.168.1.8
      215,25/09/2019,07:56,B,172.168.1.8
      206,25/09/2019,08:01,B,172.168.1.8
       52,25/09/2019,08:02,B,172.168.1.8
      299,25/09/2019,08:05,B,172.168.1.8
       65,25/09/2019,08:09,B,172.168.1.8
      216,25/09/2019,08:11,B,172.168.1.8
      207,25/09/2019,08:11,B,172.168.1.8
      212,25/09/2019,08:11,B,172.168.1.8
      213,25/09/2019,08:15,B,172.168.1.8
      301,25/09/2019,08:18,B,172.168.1.8
      296,25/09/2019,08:19,B,172.168.1.8
      214,25/09/2019,08:26,B,172.168.1.8
      260,25/09/2019,08:40,B,172.168.1.8
      303,25/09/2019,08:42,B,172.168.1.8
      115,25/09/2019,08:50,B,172.168.1.8
      309,25/09/2019,08:53,B,172.168.1.8
      120,25/09/2019,09:00,B,172.168.1.8
      204,25/09/2019,09:02,B,172.168.1.8
       14,25/09/2019,09:03,B,172.168.1.8
      312,25/09/2019,09:06,B,172.168.1.8
       17,25/09/2019,09:13,B,172.168.1.8
       32,25/09/2019,09:16,B,172.168.1.8
       72,25/09/2019,09:17,B,172.168.1.8
       23,25/09/2019,09:20,B,172.168.1.8
      255,25/09/2019,09:21,B,172.168.1.8
      287,25/09/2019,09:22,B,172.168.1.8
       25,25/09/2019,09:24,B,172.168.1.8
       20,25/09/2019,09:27,B,172.168.1.8
       11,25/09/2019,09:35,B,172.168.1.8
       21,25/09/2019,09:36,B,172.168.1.8
       12,25/09/2019,09:38,B,172.168.1.8
      211,25/09/2019,09:42,B,172.168.1.8
      290,25/09/2019,09:42,B,172.168.1.8
      116,25/09/2019,09:43,B,172.168.1.8
      283,25/09/2019,09:44,B,172.168.1.8
      128,25/09/2019,09:44,B,172.168.1.8
       16,25/09/2019,09:45,B,172.168.1.8
      122,25/09/2019,09:45,B,172.168.1.8
       24,25/09/2019,09:47,B,172.168.1.8
      117,25/09/2019,09:47,B,172.168.1.8
      110,25/09/2019,09:52,B,172.168.1.8
      131,25/09/2019,09:52,B,172.168.1.8
      123,25/09/2019,09:52,B,172.168.1.8
      109,25/09/2019,09:53,B,172.168.1.8
      271,25/09/2019,09:54,B,172.168.1.8
      289,25/09/2019,09:54,B,172.168.1.8
      256,25/09/2019,09:58,B,172.168.1.8
      254,25/09/2019,09:59,B,172.168.1.8
      209,25/09/2019,09:59,B,172.168.1.8
      297,25/09/2019,10:04,B,172.168.1.8
      295,25/09/2019,10:04,B,172.168.1.8
      258,25/09/2019,10:07,B,172.168.1.8
      310,25/09/2019,10:07,B,172.168.1.8
      127,25/09/2019,10:09,B,172.168.1.8
      114,25/09/2019,10:09,B,172.168.1.8
       26,25/09/2019,10:12,B,172.168.1.8
      261,25/09/2019,10:18,B,172.168.1.8
       22,25/09/2019,10:18,B,172.168.1.8
        1,25/09/2019,10:22,B,172.168.1.8
      201,25/09/2019,10:23,B,172.168.1.8
        5,25/09/2019,10:23,B,172.168.1.8
      293,25/09/2019,10:23,B,172.168.1.8
       10,25/09/2019,10:24,B,172.168.1.8
      112,25/09/2019,10:26,B,172.168.1.8
      106,25/09/2019,10:26,B,172.168.1.8
      251,25/09/2019,10:32,B,172.168.1.8
      129,25/09/2019,10:33,B,172.168.1.8
       28,25/09/2019,10:35,B,172.168.1.8
        2,25/09/2019,10:52,B,172.168.1.8
       30,25/09/2019,10:55,B,172.168.1.8
        9,25/09/2019,11:02,B,172.168.1.8
        8,25/09/2019,11:22,B,172.168.1.8
       19,25/09/2019,11:22,B,172.168.1.8
       29,25/09/2019,11:24,B,172.168.1.8
       64,25/09/2019,11:36,B,172.168.1.8
       73,25/09/2019,12:10,B,172.168.1.8
      202,25/09/2019,12:54,B,172.168.1.8
      215,25/09/2019,12:57,B,172.168.1.8
      206,25/09/2019,13:00,B,172.168.1.8
      309,25/09/2019,13:00,B,172.168.1.8
      207,25/09/2019,13:17,B,172.168.1.8
      216,25/09/2019,13:17,B,172.168.1.8
      212,25/09/2019,13:17,B,172.168.1.8
       31,25/09/2019,13:20,B,172.168.1.8
       69,25/09/2019,13:28,B,172.168.1.8
      311,25/09/2019,13:42,B,172.168.1.8
      211,25/09/2019,13:57,B,172.168.1.8
      214,25/09/2019,13:57,B,172.168.1.8
      204,25/09/2019,14:36,B,172.168.1.8
       35,25/09/2019,14:57,B,172.168.1.8
      204,25/09/2019,15:02,B,172.168.1.8
      213,25/09/2019,15:02,B,172.168.1.8
      209,25/09/2019,15:02,B,172.168.1.8
       72,25/09/2019,15:21,B,172.168.1.8
       24,25/09/2019,15:22,B,172.168.1.8
      298,25/09/2019,15:23,B,172.168.1.8
      126,25/09/2019,15:30,B,172.168.1.8
        1,25/09/2019,15:32,B,172.168.1.8
       69,25/09/2019,15:34,B,172.168.1.8
      201,25/09/2019,15:34,B,172.168.1.8
      201,25/09/2019,15:35,B,172.168.1.8
       73,25/09/2019,15:42,B,172.168.1.8
      303,25/09/2019,15:42,B,172.168.1.8
      125,25/09/2019,15:42,B,172.168.1.8
      121,25/09/2019,15:45,B,172.168.1.8
       22,25/09/2019,15:53,B,172.168.1.8
      301,25/09/2019,16:09,B,172.168.1.8
      256,25/09/2019,16:11,B,172.168.1.8
       64,25/09/2019,16:17,B,172.168.1.8
       18,25/09/2019,16:23,B,172.168.1.8
       18,25/09/2019,16:25,B,172.168.1.8
       16,25/09/2019,16:25,B,172.168.1.8
        5,25/09/2019,16:36,B,172.168.1.8
        9,25/09/2019,16:37,B,172.168.1.8
      119,25/09/2019,16:41,B,172.168.1.8
       23,25/09/2019,16:41,B,172.168.1.8
       28,25/09/2019,16:41,B,172.168.1.8
       10,25/09/2019,16:43,B,172.168.1.8
      312,25/09/2019,16:43,B,172.168.1.8
       65,25/09/2019,16:44,B,172.168.1.8
      119,25/09/2019,16:45,B,172.168.1.8
       21,25/09/2019,16:49,B,172.168.1.8
       14,25/09/2019,16:58,B,172.168.1.8
       19,25/09/2019,16:59,B,172.168.1.8
       29,25/09/2019,16:59,B,172.168.1.8
       25,25/09/2019,17:01,B,172.168.1.8
        2,25/09/2019,17:01,B,172.168.1.8
       32,25/09/2019,17:09,B,172.168.1.8
      128,25/09/2019,17:10,B,172.168.1.8
      297,25/09/2019,17:15,B,172.168.1.8
      295,25/09/2019,17:15,B,172.168.1.8
      271,25/09/2019,17:15,B,172.168.1.8
       12,25/09/2019,17:18,B,172.168.1.8
      110,25/09/2019,17:18,B,172.168.1.8
      109,25/09/2019,17:18,B,172.168.1.8
      122,25/09/2019,17:20,B,172.168.1.8
      127,25/09/2019,17:21,B,172.168.1.8
      289,25/09/2019,17:22,B,172.168.1.8
      120,25/09/2019,17:23,B,172.168.1.8
      254,25/09/2019,17:24,B,172.168.1.8
       17,25/09/2019,17:37,B,172.168.1.8
      299,25/09/2019,17:41,B,172.168.1.8
       11,25/09/2019,17:41,B,172.168.1.8
       26,25/09/2019,17:49,B,172.168.1.8
      311,25/09/2019,17:52,B,172.168.1.8
      300,25/09/2019,18:02,B,172.168.1.8
      123,25/09/2019,18:06,B,172.168.1.8
      117,25/09/2019,18:06,B,172.168.1.8
      116,25/09/2019,18:07,B,172.168.1.8
      273,25/09/2019,18:07,B,172.168.1.8
      283,25/09/2019,18:07,B,172.168.1.8
       30,25/09/2019,18:11,B,172.168.1.8
      310,25/09/2019,18:13,B,172.168.1.8
      296,25/09/2019,18:14,B,172.168.1.8
        8,25/09/2019,18:29,B,172.168.1.8
      310,25/09/2019,18:30,B,172.168.1.8
      258,25/09/2019,18:30,B,172.168.1.8
      296,25/09/2019,18:31,B,172.168.1.8
      131,25/09/2019,18:34,B,172.168.1.8
      114,25/09/2019,18:38,B,172.168.1.8
      255,25/09/2019,18:51,B,172.168.1.8
      115,25/09/2019,18:57,B,172.168.1.8
      251,25/09/2019,18:57,B,172.168.1.8
      293,25/09/2019,19:18,B,172.168.1.8
      129,25/09/2019,19:38,B,172.168.1.8
      106,25/09/2019,19:38,B,172.168.1.8
      290,25/09/2019,20:27,B,172.168.1.8
      290,25/09/2019,20:30,B,172.168.1.8
      260,25/09/2019,20:35,B,172.168.1.8
      287,25/09/2019,22:26,B,172.168.1.8
      287,25/09/2019,22:28,B,172.168.1.8
      126,25/09/2019,22:30,B,172.168.1.8
      287,25/09/2019,22:30,B,172.168.1.8
      112,25/09/2019,22:30,B,172.168.1.8
      121,26/09/2019,06:51,B,172.168.1.8
      126,26/09/2019,07:06,B,172.168.1.8
      273,26/09/2019,07:18,B,172.168.1.8
      119,26/09/2019,07:35,B,172.168.1.8
      119,26/09/2019,07:35,B,172.168.1.8
      299,26/09/2019,07:47,B,172.168.1.8
      203,26/09/2019,07:51,B,172.168.1.8
      125,26/09/2019,07:53,B,172.168.1.8
      296,26/09/2019,07:54,B,172.168.1.8
      205,26/09/2019,07:54,B,172.168.1.8
      204,26/09/2019,07:55,B,172.168.1.8
       28,26/09/2019,07:57,B,172.168.1.8
      202,26/09/2019,07:57,B,172.168.1.8
      215,26/09/2019,07:57,B,172.168.1.8
      300,26/09/2019,07:59,B,172.168.1.8
      298,26/09/2019,07:59,B,172.168.1.8
      210,26/09/2019,08:02,B,172.168.1.8
      122,26/09/2019,08:10,B,172.168.1.8
       65,26/09/2019,08:16,B,172.168.1.8
      214,26/09/2019,08:24,B,172.168.1.8
      312,26/09/2019,08:27,B,172.168.1.8
      255,26/09/2019,08:34,B,172.168.1.8
      301,26/09/2019,08:35,B,172.168.1.8
      211,26/09/2019,08:37,B,172.168.1.8
      260,26/09/2019,08:39,B,172.168.1.8
      287,26/09/2019,08:49,B,172.168.1.8
       23,26/09/2019,08:50,B,172.168.1.8
      115,26/09/2019,08:51,B,172.168.1.8
      207,26/09/2019,08:54,B,172.168.1.8
      303,26/09/2019,08:55,B,172.168.1.8
      209,26/09/2019,08:59,B,172.168.1.8
       20,26/09/2019,09:03,B,172.168.1.8
       11,26/09/2019,09:09,B,172.168.1.8
      268,26/09/2019,09:13,B,172.168.1.8
      118,26/09/2019,09:19,B,172.168.1.8
      120,26/09/2019,09:22,B,172.168.1.8
       25,26/09/2019,09:25,B,172.168.1.8
      290,26/09/2019,09:29,B,172.168.1.8
       32,26/09/2019,09:33,B,172.168.1.8
      116,26/09/2019,09:38,B,172.168.1.8
      117,26/09/2019,09:38,B,172.168.1.8
       12,26/09/2019,09:38,B,172.168.1.8
      309,26/09/2019,09:43,B,172.168.1.8
       17,26/09/2019,09:44,B,172.168.1.8
       24,26/09/2019,09:46,B,172.168.1.8
      283,26/09/2019,09:46,B,172.168.1.8
       14,26/09/2019,09:48,B,172.168.1.8
      110,26/09/2019,09:48,B,172.168.1.8
      109,26/09/2019,09:48,B,172.168.1.8
      127,26/09/2019,09:51,B,172.168.1.8
      271,26/09/2019,09:53,B,172.168.1.8
      123,26/09/2019,09:53,B,172.168.1.8
       21,26/09/2019,09:55,B,172.168.1.8
      128,26/09/2019,09:58,B,172.168.1.8
       30,26/09/2019,09:59,B,172.168.1.8
      297,26/09/2019,10:00,B,172.168.1.8
      254,26/09/2019,10:05,B,172.168.1.8
       26,26/09/2019,10:05,B,172.168.1.8
      258,26/09/2019,10:07,B,172.168.1.8
      289,26/09/2019,10:07,B,172.168.1.8
      131,26/09/2019,10:08,B,172.168.1.8
      310,26/09/2019,10:10,B,172.168.1.8
      295,26/09/2019,10:10,B,172.168.1.8
      114,26/09/2019,10:11,B,172.168.1.8
       10,26/09/2019,10:14,B,172.168.1.8
        5,26/09/2019,10:14,B,172.168.1.8
       22,26/09/2019,10:18,B,172.168.1.8
      261,26/09/2019,10:20,B,172.168.1.8
      106,26/09/2019,10:20,B,172.168.1.8
      251,26/09/2019,10:21,B,172.168.1.8
      129,26/09/2019,10:24,B,172.168.1.8
       72,26/09/2019,10:26,B,172.168.1.8
        9,26/09/2019,10:30,B,172.168.1.8
       35,26/09/2019,10:39,B,172.168.1.8
       16,26/09/2019,10:50,B,172.168.1.8
       27,26/09/2019,11:05,B,172.168.1.8
      256,26/09/2019,11:10,B,172.168.1.8
        2,26/09/2019,11:18,B,172.168.1.8
       19,26/09/2019,11:19,B,172.168.1.8
       29,26/09/2019,11:28,B,172.168.1.8
       52,26/09/2019,11:44,B,172.168.1.8
      305,26/09/2019,12:07,B,172.168.1.8
       74,26/09/2019,12:36,B,172.168.1.8
      205,26/09/2019,12:54,B,172.168.1.8
      205,26/09/2019,12:54,B,172.168.1.8
      215,26/09/2019,13:00,B,172.168.1.8
      202,26/09/2019,13:01,B,172.168.1.8
      203,26/09/2019,13:01,B,172.168.1.8
      215,26/09/2019,13:02,B,172.168.1.8
      204,26/09/2019,13:08,B,172.168.1.8
      204,26/09/2019,13:10,B,172.168.1.8
      210,26/09/2019,13:27,B,172.168.1.8
      211,26/09/2019,13:49,B,172.168.1.8
      128,26/09/2019,13:53,B,172.168.1.8
      122,26/09/2019,13:53,B,172.168.1.8
      301,26/09/2019,13:57,B,172.168.1.8
      209,26/09/2019,14:02,B,172.168.1.8
      207,26/09/2019,14:04,B,172.168.1.8
      214,26/09/2019,14:10,B,172.168.1.8
       64,26/09/2019,15:02,B,172.168.1.8
       20,26/09/2019,15:14,B,172.168.1.8
      312,26/09/2019,15:27,B,172.168.1.8
      121,26/09/2019,15:36,B,172.168.1.8
      301,26/09/2019,15:42,B,172.168.1.8
       72,26/09/2019,15:51,B,172.168.1.8
      309,26/09/2019,16:00,B,172.168.1.8
      303,26/09/2019,16:00,B,172.168.1.8
      298,26/09/2019,16:01,B,172.168.1.8
      126,26/09/2019,16:02,B,172.168.1.8
      125,26/09/2019,16:09,B,172.168.1.8
        5,26/09/2019,16:09,B,172.168.1.8
       28,26/09/2019,16:13,B,172.168.1.8
       64,26/09/2019,16:22,B,172.168.1.8
       21,26/09/2019,16:25,B,172.168.1.8
       16,26/09/2019,16:27,B,172.168.1.8
       24,26/09/2019,16:32,B,172.168.1.8
       23,26/09/2019,16:34,B,172.168.1.8
       26,26/09/2019,16:34,B,172.168.1.8
       35,26/09/2019,16:43,B,172.168.1.8
       35,26/09/2019,16:43,B,172.168.1.8
      305,26/09/2019,16:45,B,172.168.1.8
       74,26/09/2019,16:47,B,172.168.1.8
      119,26/09/2019,16:48,B,172.168.1.8
       22,26/09/2019,16:50,B,172.168.1.8
       14,26/09/2019,16:51,B,172.168.1.8
       12,26/09/2019,16:53,B,172.168.1.8
       29,26/09/2019,16:53,B,172.168.1.8
       19,26/09/2019,16:54,B,172.168.1.8
       25,26/09/2019,16:58,B,172.168.1.8
      127,26/09/2019,17:04,B,172.168.1.8
       32,26/09/2019,17:10,B,172.168.1.8
      110,26/09/2019,17:12,B,172.168.1.8
      109,26/09/2019,17:12,B,172.168.1.8
       65,26/09/2019,17:17,B,172.168.1.8
       10,26/09/2019,17:17,B,172.168.1.8
      261,26/09/2019,17:18,B,172.168.1.8
      289,26/09/2019,17:19,B,172.168.1.8
      120,26/09/2019,17:20,B,172.168.1.8
      271,26/09/2019,17:22,B,172.168.1.8
      254,26/09/2019,17:23,B,172.168.1.8
      297,26/09/2019,17:24,B,172.168.1.8
      295,26/09/2019,17:25,B,172.168.1.8
       11,26/09/2019,17:25,B,172.168.1.8
      273,26/09/2019,17:32,B,172.168.1.8
       17,26/09/2019,17:45,B,172.168.1.8
      300,26/09/2019,18:04,B,172.168.1.8
      299,26/09/2019,18:12,B,172.168.1.8
        2,26/09/2019,18:12,B,172.168.1.8
      123,26/09/2019,18:35,B,172.168.1.8
       30,26/09/2019,18:57,B,172.168.1.8
       30,26/09/2019,18:57,B,172.168.1.8
      131,26/09/2019,19:28,B,172.168.1.8
      114,26/09/2019,19:30,B,172.168.1.8
      296,26/09/2019,19:35,B,172.168.1.8
      310,26/09/2019,19:35,B,172.168.1.8
      258,26/09/2019,19:39,B,172.168.1.8
      129,26/09/2019,19:50,B,172.168.1.8
      106,26/09/2019,19:50,B,172.168.1.8
      101,26/09/2019,19:51,B,172.168.1.8
      251,26/09/2019,19:51,B,172.168.1.8
      115,26/09/2019,19:52,B,172.168.1.8
      106,26/09/2019,19:52,B,172.168.1.8
      290,26/09/2019,19:56,B,172.168.1.8
      129,26/09/2019,20:00,B,172.168.1.8
      106,26/09/2019,20:00,B,172.168.1.8
      290,26/09/2019,20:00,B,172.168.1.8
      116,26/09/2019,20:24,B,172.168.1.8
      117,26/09/2019,20:24,B,172.168.1.8
      283,26/09/2019,20:25,B,172.168.1.8
      287,26/09/2019,20:25,B,172.168.1.8
      268,26/09/2019,20:25,B,172.168.1.8
       27,26/09/2019,20:41,B,172.168.1.8
      260,26/09/2019,21:57,B,172.168.1.8
      255,26/09/2019,22:15,B,172.168.1.8
      256,26/09/2019,22:15,B,172.168.1.8
      255,26/09/2019,22:25,B,172.168.1.8
      121,27/09/2019,06:49,B,172.168.1.8
      126,27/09/2019,07:06,B,172.168.1.8
      214,27/09/2019,07:12,B,172.168.1.8
      273,27/09/2019,07:18,B,172.168.1.8
      216,27/09/2019,07:31,B,172.168.1.8
      119,27/09/2019,07:33,B,172.168.1.8
      215,27/09/2019,07:49,B,172.168.1.8
      298,27/09/2019,07:50,B,172.168.1.8
      287,27/09/2019,07:55,B,172.168.1.8
      125,27/09/2019,07:55,B,172.168.1.8
      211,27/09/2019,08:01,B,172.168.1.8
      300,27/09/2019,08:03,B,172.168.1.8
      205,27/09/2019,08:09,B,172.168.1.8
      210,27/09/2019,08:11,B,172.168.1.8
      122,27/09/2019,08:18,B,172.168.1.8
      296,27/09/2019,08:22,B,172.168.1.8
      260,27/09/2019,08:31,B,172.168.1.8
       65,27/09/2019,08:35,B,172.168.1.8
       52,27/09/2019,08:40,B,172.168.1.8
      299,27/09/2019,08:42,B,172.168.1.8
      255,27/09/2019,08:43,B,172.168.1.8
      115,27/09/2019,08:56,B,172.168.1.8
      209,27/09/2019,08:59,B,172.168.1.8
      204,27/09/2019,08:59,B,172.168.1.8
      303,27/09/2019,09:02,B,172.168.1.8
      118,27/09/2019,09:08,B,172.168.1.8
      206,27/09/2019,09:09,B,172.168.1.8
       23,27/09/2019,09:15,B,172.168.1.8
      120,27/09/2019,09:15,B,172.168.1.8
      116,27/09/2019,09:17,B,172.168.1.8
      268,27/09/2019,09:18,B,172.168.1.8
       37,27/09/2019,09:23,B,172.168.1.8
       25,27/09/2019,09:28,B,172.168.1.8
      290,27/09/2019,09:33,B,172.168.1.8
      203,27/09/2019,09:34,B,172.168.1.8
      283,27/09/2019,09:41,B,172.168.1.8
      117,27/09/2019,09:42,B,172.168.1.8
       26,27/09/2019,09:43,B,172.168.1.8
       32,27/09/2019,09:47,B,172.168.1.8
      123,27/09/2019,09:50,B,172.168.1.8
      110,27/09/2019,09:53,B,172.168.1.8
      109,27/09/2019,09:54,B,172.168.1.8
       24,27/09/2019,09:55,B,172.168.1.8
       12,27/09/2019,09:55,B,172.168.1.8
       12,27/09/2019,09:55,B,172.168.1.8
      254,27/09/2019,09:56,B,172.168.1.8
      128,27/09/2019,09:56,B,172.168.1.8
      114,27/09/2019,09:58,B,172.168.1.8
      271,27/09/2019,09:58,B,172.168.1.8
      289,27/09/2019,09:58,B,172.168.1.8
      213,27/09/2019,10:00,B,172.168.1.8
      297,27/09/2019,10:02,B,172.168.1.8
       17,27/09/2019,10:02,B,172.168.1.8
      127,27/09/2019,10:07,B,172.168.1.8
      310,27/09/2019,10:07,B,172.168.1.8
       14,27/09/2019,10:09,B,172.168.1.8
      295,27/09/2019,10:12,B,172.168.1.8
      129,27/09/2019,10:16,B,172.168.1.8
      293,27/09/2019,10:17,B,172.168.1.8
      261,27/09/2019,10:21,B,172.168.1.8
      201,27/09/2019,10:22,B,172.168.1.8
       16,27/09/2019,10:25,B,172.168.1.8
      106,27/09/2019,10:25,B,172.168.1.8
       20,27/09/2019,10:27,B,172.168.1.8
       35,27/09/2019,10:30,B,172.168.1.8
      301,27/09/2019,10:32,B,172.168.1.8
      309,27/09/2019,10:33,B,172.168.1.8
       28,27/09/2019,10:36,B,172.168.1.8
        5,27/09/2019,10:38,B,172.168.1.8
       21,27/09/2019,10:39,B,172.168.1.8
      251,27/09/2019,10:41,B,172.168.1.8
      258,27/09/2019,10:41,B,172.168.1.8
       30,27/09/2019,10:42,B,172.168.1.8
        9,27/09/2019,10:46,B,172.168.1.8
      131,27/09/2019,10:49,B,172.168.1.8
       72,27/09/2019,10:52,B,172.168.1.8
       74,27/09/2019,10:56,B,172.168.1.8
       27,27/09/2019,11:06,B,172.168.1.8
       22,27/09/2019,11:07,B,172.168.1.8
       29,27/09/2019,11:07,B,172.168.1.8
      112,27/09/2019,11:09,B,172.168.1.8
       31,27/09/2019,11:16,B,172.168.1.8
       19,27/09/2019,11:23,B,172.168.1.8
       10,27/09/2019,11:35,B,172.168.1.8
      312,27/09/2019,11:41,B,172.168.1.8
        2,27/09/2019,11:42,B,172.168.1.8
      201,27/09/2019,12:00,B,172.168.1.8
      204,27/09/2019,12:00,B,172.168.1.8
      204,27/09/2019,12:00,B,172.168.1.8
      305,27/09/2019,12:03,B,172.168.1.8
        8,27/09/2019,12:09,B,172.168.1.8
       64,27/09/2019,12:23,B,172.168.1.8
      256,27/09/2019,12:25,B,172.168.1.8
        1,27/09/2019,12:29,B,172.168.1.8
      215,27/09/2019,12:55,B,172.168.1.8
      215,27/09/2019,12:56,B,172.168.1.8
      110,27/09/2019,13:00,B,172.168.1.8
      122,27/09/2019,13:06,B,172.168.1.8
      214,27/09/2019,13:12,B,172.168.1.8
      205,27/09/2019,13:17,B,172.168.1.8
      205,27/09/2019,13:17,B,172.168.1.8
      210,27/09/2019,13:23,B,172.168.1.8
      211,27/09/2019,13:24,B,172.168.1.8
      206,27/09/2019,14:12,B,172.168.1.8
      213,27/09/2019,14:13,B,172.168.1.8
      209,27/09/2019,14:14,B,172.168.1.8
      209,27/09/2019,14:15,B,172.168.1.8
       74,27/09/2019,14:31,B,172.168.1.8
      301,27/09/2019,14:31,B,172.168.1.8
      203,27/09/2019,14:33,B,172.168.1.8
      203,27/09/2019,14:33,B,172.168.1.8
      298,27/09/2019,15:15,B,172.168.1.8
      121,27/09/2019,15:29,B,172.168.1.8
      305,27/09/2019,15:36,B,172.168.1.8
       35,27/09/2019,15:54,B,172.168.1.8
       72,27/09/2019,16:05,B,172.168.1.8
       65,27/09/2019,16:11,B,172.168.1.8
      309,27/09/2019,16:20,B,172.168.1.8
      303,27/09/2019,16:20,B,172.168.1.8
        5,27/09/2019,16:21,B,172.168.1.8
      119,27/09/2019,16:33,B,172.168.1.8
       26,27/09/2019,16:42,B,172.168.1.8
       16,27/09/2019,16:46,B,172.168.1.8
       19,27/09/2019,16:57,B,172.168.1.8
       20,27/09/2019,16:58,B,172.168.1.8
       19,27/09/2019,16:58,B,172.168.1.8
       25,27/09/2019,17:02,B,172.168.1.8
       29,27/09/2019,17:11,B,172.168.1.8
      109,27/09/2019,17:12,B,172.168.1.8
      312,27/09/2019,17:15,B,172.168.1.8
      271,27/09/2019,17:20,B,172.168.1.8
      289,27/09/2019,17:21,B,172.168.1.8
      271,27/09/2019,17:21,B,172.168.1.8
       21,27/09/2019,17:24,B,172.168.1.8
      254,27/09/2019,17:24,B,172.168.1.8
      127,27/09/2019,17:26,B,172.168.1.8
      261,27/09/2019,17:27,B,172.168.1.8
       28,27/09/2019,17:27,B,172.168.1.8
       30,27/09/2019,17:32,B,172.168.1.8
       23,27/09/2019,17:39,B,172.168.1.8
       24,27/09/2019,17:41,B,172.168.1.8
       14,27/09/2019,17:51,B,172.168.1.8
      258,27/09/2019,17:54,B,172.168.1.8
       22,27/09/2019,18:12,B,172.168.1.8
       10,27/09/2019,18:12,B,172.168.1.8
       32,27/09/2019,18:22,B,172.168.1.8
      293,27/09/2019,18:38,B,172.168.1.8
       37,27/09/2019,18:48,B,172.168.1.8
      295,27/09/2019,19:00,B,172.168.1.8
      106,27/09/2019,19:03,B,172.168.1.8
      125,27/09/2019,19:05,B,172.168.1.8
      120,27/09/2019,19:10,B,172.168.1.8
      131,27/09/2019,19:18,B,172.168.1.8
        9,27/09/2019,19:43,B,172.168.1.8
      299,27/09/2019,19:44,B,172.168.1.8
       17,27/09/2019,20:11,B,172.168.1.8
       27,27/09/2019,20:13,B,172.168.1.8
      128,27/09/2019,20:23,B,172.168.1.8
      129,27/09/2019,20:24,B,172.168.1.8
      251,27/09/2019,20:24,B,172.168.1.8
       11,27/09/2019,20:29,B,172.168.1.8
      268,27/09/2019,20:33,B,172.168.1.8
      273,27/09/2019,20:37,B,172.168.1.8
      123,27/09/2019,21:00,B,172.168.1.8
      116,27/09/2019,21:00,B,172.168.1.8
      114,27/09/2019,21:04,B,172.168.1.8
      114,27/09/2019,21:04,B,172.168.1.8
        2,27/09/2019,21:38,B,172.168.1.8
      296,27/09/2019,21:41,B,172.168.1.8
       12,27/09/2019,21:41,B,172.168.1.8
      310,27/09/2019,21:42,B,172.168.1.8
        8,27/09/2019,21:46,B,172.168.1.8
      300,27/09/2019,21:47,B,172.168.1.8
      112,27/09/2019,21:55,B,172.168.1.8
      290,27/09/2019,22:00,B,172.168.1.8
      112,27/09/2019,22:01,B,172.168.1.8
      260,27/09/2019,22:08,B,172.168.1.8
      117,27/09/2019,22:31,B,172.168.1.8
      283,27/09/2019,22:31,B,172.168.1.8
      115,27/09/2019,22:31,B,172.168.1.8
      255,27/09/2019,22:32,B,172.168.1.8
        1,27/09/2019,23:16,B,172.168.1.8
      256,27/09/2019,23:36,B,172.168.1.8
      126,27/09/2019,23:37,B,172.168.1.8
      121,28/09/2019,06:43,B,172.168.1.8
      298,28/09/2019,07:11,B,172.168.1.8
      214,28/09/2019,07:21,B,172.168.1.8
      273,28/09/2019,07:24,B,172.168.1.8
      119,28/09/2019,07:31,B,172.168.1.8
      299,28/09/2019,07:36,B,172.168.1.8
        9,28/09/2019,07:39,B,172.168.1.8
      125,28/09/2019,07:49,B,172.168.1.8
      296,28/09/2019,07:49,B,172.168.1.8
      216,28/09/2019,07:53,B,172.168.1.8
      210,28/09/2019,07:59,B,172.168.1.8
      126,28/09/2019,08:00,B,172.168.1.8
      213,28/09/2019,08:05,B,172.168.1.8
      255,28/09/2019,08:06,B,172.168.1.8
      300,28/09/2019,08:07,B,172.168.1.8
      211,28/09/2019,08:07,B,172.168.1.8
      123,28/09/2019,08:20,B,172.168.1.8
        2,28/09/2019,08:22,B,172.168.1.8
      203,28/09/2019,08:22,B,172.168.1.8
      268,28/09/2019,08:23,B,172.168.1.8
      212,28/09/2019,08:23,B,172.168.1.8
      301,28/09/2019,08:28,B,172.168.1.8
       11,28/09/2019,08:29,B,172.168.1.8
       19,28/09/2019,08:33,B,172.168.1.8
       12,28/09/2019,08:34,B,172.168.1.8
       16,28/09/2019,08:34,B,172.168.1.8
       16,28/09/2019,08:34,B,172.168.1.8
       28,28/09/2019,08:34,B,172.168.1.8
      127,28/09/2019,08:36,B,172.168.1.8
      122,28/09/2019,08:38,B,172.168.1.8
       21,28/09/2019,08:39,B,172.168.1.8
      260,28/09/2019,08:40,B,172.168.1.8
       32,28/09/2019,08:41,B,172.168.1.8
      297,28/09/2019,08:43,B,172.168.1.8
       65,28/09/2019,08:43,B,172.168.1.8
      106,28/09/2019,08:45,B,172.168.1.8
      115,28/09/2019,08:45,B,172.168.1.8
      202,28/09/2019,08:45,B,172.168.1.8
      283,28/09/2019,08:46,B,172.168.1.8
      117,28/09/2019,08:46,B,172.168.1.8
       14,28/09/2019,08:47,B,172.168.1.8
       23,28/09/2019,08:47,B,172.168.1.8
      120,28/09/2019,08:47,B,172.168.1.8
      289,28/09/2019,08:49,B,172.168.1.8
      215,28/09/2019,08:50,B,172.168.1.8
      258,28/09/2019,08:51,B,172.168.1.8
      215,28/09/2019,08:51,B,172.168.1.8
       17,28/09/2019,08:51,B,172.168.1.8
      312,28/09/2019,08:54,B,172.168.1.8
      261,28/09/2019,08:57,B,172.168.1.8
      254,28/09/2019,08:59,B,172.168.1.8
      293,28/09/2019,08:59,B,172.168.1.8
      310,28/09/2019,09:00,B,172.168.1.8
        1,28/09/2019,09:01,B,172.168.1.8
       24,28/09/2019,09:02,B,172.168.1.8
      118,28/09/2019,09:04,B,172.168.1.8
      116,28/09/2019,09:05,B,172.168.1.8
      131,28/09/2019,09:05,B,172.168.1.8
      205,28/09/2019,09:05,B,172.168.1.8
      205,28/09/2019,09:05,B,172.168.1.8
        8,28/09/2019,09:08,B,172.168.1.8
       25,28/09/2019,09:08,B,172.168.1.8
       29,28/09/2019,09:10,B,172.168.1.8
       27,28/09/2019,09:13,B,172.168.1.8
       20,28/09/2019,09:15,B,172.168.1.8
      271,28/09/2019,09:16,B,172.168.1.8
      112,28/09/2019,09:19,B,172.168.1.8
      295,28/09/2019,09:21,B,172.168.1.8
      109,28/09/2019,09:22,B,172.168.1.8
      110,28/09/2019,09:23,B,172.168.1.8
      209,28/09/2019,09:23,B,172.168.1.8
       22,28/09/2019,09:26,B,172.168.1.8
      129,28/09/2019,09:28,B,172.168.1.8
        5,28/09/2019,09:31,B,172.168.1.8
        5,28/09/2019,09:31,B,172.168.1.8
       10,28/09/2019,09:41,B,172.168.1.8
      290,28/09/2019,09:41,B,172.168.1.8
      204,28/09/2019,09:43,B,172.168.1.8
      114,28/09/2019,09:43,B,172.168.1.8
      303,28/09/2019,09:45,B,172.168.1.8
      206,28/09/2019,10:10,B,172.168.1.8
       35,28/09/2019,10:13,B,172.168.1.8
      251,28/09/2019,10:14,B,172.168.1.8
      201,28/09/2019,10:15,B,172.168.1.8
       37,28/09/2019,10:19,B,172.168.1.8
      101,28/09/2019,10:21,B,172.168.1.8
       72,28/09/2019,10:33,B,172.168.1.8
       30,28/09/2019,10:39,B,172.168.1.8
      214,28/09/2019,10:42,B,172.168.1.8
      211,28/09/2019,10:49,B,172.168.1.8
      210,28/09/2019,10:49,B,172.168.1.8
      202,28/09/2019,10:52,B,172.168.1.8
      203,28/09/2019,11:04,B,172.168.1.8
      301,28/09/2019,11:11,B,172.168.1.8
      212,28/09/2019,11:24,B,172.168.1.8
      216,28/09/2019,11:24,B,172.168.1.8
      209,28/09/2019,11:26,B,172.168.1.8
      215,28/09/2019,11:30,B,172.168.1.8
      215,28/09/2019,11:33,B,172.168.1.8
      204,28/09/2019,11:51,B,172.168.1.8
      205,28/09/2019,12:03,B,172.168.1.8
      205,28/09/2019,12:03,B,172.168.1.8
      206,28/09/2019,12:12,B,172.168.1.8
      201,28/09/2019,12:53,B,172.168.1.8
       35,28/09/2019,12:58,B,172.168.1.8
      305,28/09/2019,13:25,B,172.168.1.8
      303,28/09/2019,13:59,B,172.168.1.8
       72,28/09/2019,14:00,B,172.168.1.8
       65,28/09/2019,15:21,B,172.168.1.8
      298,28/09/2019,15:42,B,172.168.1.8
      121,28/09/2019,16:52,B,172.168.1.8
       37,28/09/2019,17:37,B,172.168.1.8
      213,28/09/2019,17:40,B,172.168.1.8
       11,28/09/2019,19:35,B,172.168.1.8
       29,28/09/2019,19:36,B,172.168.1.8
       25,28/09/2019,19:36,B,172.168.1.8
       21,28/09/2019,19:37,B,172.168.1.8
      293,28/09/2019,19:38,B,172.168.1.8
        9,28/09/2019,19:39,B,172.168.1.8
       23,28/09/2019,19:39,B,172.168.1.8
      131,28/09/2019,19:39,B,172.168.1.8
       19,28/09/2019,19:39,B,172.168.1.8
        5,28/09/2019,19:39,B,172.168.1.8
       17,28/09/2019,19:39,B,172.168.1.8
       16,28/09/2019,19:41,B,172.168.1.8
       20,28/09/2019,19:42,B,172.168.1.8
       17,28/09/2019,19:42,B,172.168.1.8
       30,28/09/2019,19:42,B,172.168.1.8
      289,28/09/2019,19:42,B,172.168.1.8
      254,28/09/2019,19:43,B,172.168.1.8
      119,28/09/2019,19:43,B,172.168.1.8
      299,28/09/2019,19:43,B,172.168.1.8
       28,28/09/2019,19:44,B,172.168.1.8
      295,28/09/2019,19:44,B,172.168.1.8
       10,28/09/2019,19:44,B,172.168.1.8
      271,28/09/2019,19:44,B,172.168.1.8
      127,28/09/2019,19:44,B,172.168.1.8
      297,28/09/2019,19:44,B,172.168.1.8
      261,28/09/2019,19:45,B,172.168.1.8
      128,28/09/2019,19:45,B,172.168.1.8
      125,28/09/2019,19:47,B,172.168.1.8
      296,28/09/2019,19:47,B,172.168.1.8
      300,28/09/2019,19:49,B,172.168.1.8
      123,28/09/2019,19:52,B,172.168.1.8
      122,28/09/2019,19:52,B,172.168.1.8
      110,28/09/2019,19:55,B,172.168.1.8
      109,28/09/2019,19:55,B,172.168.1.8
      312,28/09/2019,19:56,B,172.168.1.8
       32,28/09/2019,19:56,B,172.168.1.8
       14,28/09/2019,19:57,B,172.168.1.8
      117,28/09/2019,19:58,B,172.168.1.8
       27,28/09/2019,20:00,B,172.168.1.8
      116,28/09/2019,20:00,B,172.168.1.8
      117,28/09/2019,20:00,B,172.168.1.8
      114,28/09/2019,20:00,B,172.168.1.8
      258,28/09/2019,20:00,B,172.168.1.8
      283,28/09/2019,20:01,B,172.168.1.8
      106,28/09/2019,20:02,B,172.168.1.8
      290,28/09/2019,20:03,B,172.168.1.8
       24,28/09/2019,20:03,B,172.168.1.8
       24,28/09/2019,20:03,B,172.168.1.8
        8,28/09/2019,20:03,B,172.168.1.8
      120,28/09/2019,20:06,B,172.168.1.8
       22,28/09/2019,20:07,B,172.168.1.8
       22,28/09/2019,20:08,B,172.168.1.8
       12,28/09/2019,20:09,B,172.168.1.8
        2,28/09/2019,20:09,B,172.168.1.8
      312,28/09/2019,20:09,B,172.168.1.8
      268,28/09/2019,20:09,B,172.168.1.8
      255,28/09/2019,20:10,B,172.168.1.8
      268,28/09/2019,20:25,B,172.168.1.8
      129,28/09/2019,20:25,B,172.168.1.8
      287,28/09/2019,20:25,B,172.168.1.8
      310,28/09/2019,20:26,B,172.168.1.8
      310,28/09/2019,20:27,B,172.168.1.8
      126,28/09/2019,20:51,B,172.168.1.8
      126,28/09/2019,20:55,B,172.168.1.8
      112,28/09/2019,20:55,B,172.168.1.8
      112,28/09/2019,20:56,B,172.168.1.8
      101,28/09/2019,20:58,B,172.168.1.8
      260,28/09/2019,21:27,B,172.168.1.8
        1,28/09/2019,21:42,B,172.168.1.8
      256,28/09/2019,22:19,B,172.168.1.8
      115,28/09/2019,22:19,B,172.168.1.8
      255,29/09/2019,09:43,B,172.168.1.8
      112,29/09/2019,09:45,B,172.168.1.8
      118,29/09/2019,10:22,B,172.168.1.8
      251,29/09/2019,10:25,B,172.168.1.8
      115,29/09/2019,10:28,B,172.168.1.8
      299,29/09/2019,11:04,B,172.168.1.8
      283,29/09/2019,11:08,B,172.168.1.8
      117,29/09/2019,11:08,B,172.168.1.8
      101,29/09/2019,11:25,B,172.168.1.8
      101,29/09/2019,14:12,B,172.168.1.8
      112,29/09/2019,14:43,B,172.168.1.8
      251,29/09/2019,16:22,B,172.168.1.8
      115,29/09/2019,16:22,B,172.168.1.8
      299,29/09/2019,16:47,B,172.168.1.8
      117,29/09/2019,18:00,B,172.168.1.8
      283,29/09/2019,18:01,B,172.168.1.8
      255,29/09/2019,22:22,B,172.168.1.8
      121,30/09/2019,06:49,B,172.168.1.8
      126,30/09/2019,07:05,B,172.168.1.8
      214,30/09/2019,07:08,B,172.168.1.8
      287,30/09/2019,07:11,B,172.168.1.8
      298,30/09/2019,07:13,B,172.168.1.8
      273,30/09/2019,07:21,B,172.168.1.8
      216,30/09/2019,07:32,B,172.168.1.8
      119,30/09/2019,07:39,B,172.168.1.8
      119,30/09/2019,07:40,B,172.168.1.8
      299,30/09/2019,07:41,B,172.168.1.8
      296,30/09/2019,07:52,B,172.168.1.8
      215,30/09/2019,07:53,B,172.168.1.8
      125,30/09/2019,07:55,B,172.168.1.8
      125,30/09/2019,07:55,B,172.168.1.8
      209,30/09/2019,07:56,B,172.168.1.8
      204,30/09/2019,07:56,B,172.168.1.8
      211,30/09/2019,08:01,B,172.168.1.8
      300,30/09/2019,08:01,B,172.168.1.8
      205,30/09/2019,08:06,B,172.168.1.8
      212,30/09/2019,08:13,B,172.168.1.8
      260,30/09/2019,08:28,B,172.168.1.8
      255,30/09/2019,08:28,B,172.168.1.8
       36,30/09/2019,08:49,B,172.168.1.8
       64,30/09/2019,08:53,B,172.168.1.8
      115,30/09/2019,08:54,B,172.168.1.8
      303,30/09/2019,08:55,B,172.168.1.8
       23,30/09/2019,08:55,B,172.168.1.8
      312,30/09/2019,08:56,B,172.168.1.8
      120,30/09/2019,08:57,B,172.168.1.8
      122,30/09/2019,09:09,B,172.168.1.8
      268,30/09/2019,09:12,B,172.168.1.8
      210,30/09/2019,09:13,B,172.168.1.8
       20,30/09/2019,09:15,B,172.168.1.8
      290,30/09/2019,09:24,B,172.168.1.8
       72,30/09/2019,09:25,B,172.168.1.8
       14,30/09/2019,09:25,B,172.168.1.8
       25,30/09/2019,09:26,B,172.168.1.8
       12,30/09/2019,09:33,B,172.168.1.8
      283,30/09/2019,09:36,B,172.168.1.8
      206,30/09/2019,09:38,B,172.168.1.8
      203,30/09/2019,09:41,B,172.168.1.8
      207,30/09/2019,09:42,B,172.168.1.8
      254,30/09/2019,09:45,B,172.168.1.8
      116,30/09/2019,09:46,B,172.168.1.8
      256,30/09/2019,09:46,B,172.168.1.8
       29,30/09/2019,09:46,B,172.168.1.8
      271,30/09/2019,09:48,B,172.168.1.8
      128,30/09/2019,09:51,B,172.168.1.8
      110,30/09/2019,09:57,B,172.168.1.8
      310,30/09/2019,09:57,B,172.168.1.8
      131,30/09/2019,09:57,B,172.168.1.8
      297,30/09/2019,09:58,B,172.168.1.8
        1,30/09/2019,09:59,B,172.168.1.8
       28,30/09/2019,10:00,B,172.168.1.8
      127,30/09/2019,10:04,B,172.168.1.8
      127,30/09/2019,10:05,B,172.168.1.8
      261,30/09/2019,10:07,B,172.168.1.8
      258,30/09/2019,10:07,B,172.168.1.8
      112,30/09/2019,10:07,B,172.168.1.8
      123,30/09/2019,10:13,B,172.168.1.8
      293,30/09/2019,10:13,B,172.168.1.8
       10,30/09/2019,10:21,B,172.168.1.8
      106,30/09/2019,10:22,B,172.168.1.8
        5,30/09/2019,10:22,B,172.168.1.8
      129,30/09/2019,10:26,B,172.168.1.8
      201,30/09/2019,10:28,B,172.168.1.8
      117,30/09/2019,10:29,B,172.168.1.8
       35,30/09/2019,10:29,B,172.168.1.8
        2,30/09/2019,10:31,B,172.168.1.8
       73,30/09/2019,10:31,B,172.168.1.8
      251,30/09/2019,10:31,B,172.168.1.8
        9,30/09/2019,10:34,B,172.168.1.8
      101,30/09/2019,10:34,B,172.168.1.8
        8,30/09/2019,10:35,B,172.168.1.8
       74,30/09/2019,10:36,B,172.168.1.8
       17,30/09/2019,10:37,B,172.168.1.8
       11,30/09/2019,10:40,B,172.168.1.8
       21,30/09/2019,10:41,B,172.168.1.8
       24,30/09/2019,10:43,B,172.168.1.8
      295,30/09/2019,10:45,B,172.168.1.8
      114,30/09/2019,10:45,B,172.168.1.8
      311,30/09/2019,10:49,B,172.168.1.8
      213,30/09/2019,11:02,B,172.168.1.8
       32,30/09/2019,11:04,B,172.168.1.8
       22,30/09/2019,11:06,B,172.168.1.8
       30,30/09/2019,11:11,B,172.168.1.8
      309,30/09/2019,11:13,B,172.168.1.8
       27,30/09/2019,11:15,B,172.168.1.8
       27,30/09/2019,11:15,B,172.168.1.8
       26,30/09/2019,11:59,B,172.168.1.8
       64,30/09/2019,12:26,B,172.168.1.8
      215,30/09/2019,13:00,B,172.168.1.8
      214,30/09/2019,13:00,B,172.168.1.8
      204,30/09/2019,13:01,B,172.168.1.8
      209,30/09/2019,13:01,B,172.168.1.8
      212,30/09/2019,13:21,B,172.168.1.8
      205,30/09/2019,13:26,B,172.168.1.8
      205,30/09/2019,13:26,B,172.168.1.8
      211,30/09/2019,13:41,B,172.168.1.8
      210,30/09/2019,13:45,B,172.168.1.8
       69,30/09/2019,13:54,B,172.168.1.8
      109,30/09/2019,14:06,B,172.168.1.8
       74,30/09/2019,14:25,B,172.168.1.8
      203,30/09/2019,14:28,B,172.168.1.8
       72,30/09/2019,14:36,B,172.168.1.8
      206,30/09/2019,14:40,B,172.168.1.8
      213,30/09/2019,14:40,B,172.168.1.8
      207,30/09/2019,14:50,B,172.168.1.8
      311,30/09/2019,15:25,B,172.168.1.8
       73,30/09/2019,15:30,B,172.168.1.8
      201,30/09/2019,15:31,B,172.168.1.8
       69,30/09/2019,15:32,B,172.168.1.8
      303,30/09/2019,15:43,B,172.168.1.8
      309,30/09/2019,15:46,B,172.168.1.8
       36,30/09/2019,15:53,B,172.168.1.8
        5,30/09/2019,15:56,B,172.168.1.8
        5,30/09/2019,15:56,B,172.168.1.8
      121,30/09/2019,16:01,B,172.168.1.8
      298,30/09/2019,16:11,B,172.168.1.8
      125,30/09/2019,16:15,B,172.168.1.8
       35,30/09/2019,16:21,B,172.168.1.8
       29,30/09/2019,16:40,B,172.168.1.8
      119,30/09/2019,16:43,B,172.168.1.8
       28,30/09/2019,16:54,B,172.168.1.8
      299,30/09/2019,16:55,B,172.168.1.8
       25,30/09/2019,17:02,B,172.168.1.8
       20,30/09/2019,17:02,B,172.168.1.8
      312,30/09/2019,17:07,B,172.168.1.8
      110,30/09/2019,17:15,B,172.168.1.8
       23,30/09/2019,17:18,B,172.168.1.8
      271,30/09/2019,17:23,B,172.168.1.8
      297,30/09/2019,17:23,B,172.168.1.8
      271,30/09/2019,17:24,B,172.168.1.8
      254,30/09/2019,17:25,B,172.168.1.8
       24,30/09/2019,17:26,B,172.168.1.8
      122,30/09/2019,17:26,B,172.168.1.8
      261,30/09/2019,17:27,B,172.168.1.8
      127,30/09/2019,17:28,B,172.168.1.8
       21,30/09/2019,17:29,B,172.168.1.8
      273,30/09/2019,17:31,B,172.168.1.8
       14,30/09/2019,17:41,B,172.168.1.8
      109,30/09/2019,17:44,B,172.168.1.8
      123,30/09/2019,17:45,B,172.168.1.8
      126,30/09/2019,17:46,B,172.168.1.8
       22,30/09/2019,17:57,B,172.168.1.8
       26,30/09/2019,17:58,B,172.168.1.8
      300,30/09/2019,17:58,B,172.168.1.8
      129,30/09/2019,18:02,B,172.168.1.8
      295,30/09/2019,18:03,B,172.168.1.8
      258,30/09/2019,18:04,B,172.168.1.8
      268,30/09/2019,18:05,B,172.168.1.8
       10,30/09/2019,18:09,B,172.168.1.8
      131,30/09/2019,18:17,B,172.168.1.8
      293,30/09/2019,18:20,B,172.168.1.8
      106,30/09/2019,18:20,B,172.168.1.8
      120,30/09/2019,18:22,B,172.168.1.8
      268,30/09/2019,18:22,B,172.168.1.8
      117,30/09/2019,18:24,B,172.168.1.8
      283,30/09/2019,18:26,B,172.168.1.8
       32,30/09/2019,18:48,B,172.168.1.8
       32,30/09/2019,18:56,B,172.168.1.8
      101,30/09/2019,19:00,B,172.168.1.8
      251,30/09/2019,19:00,B,172.168.1.8
       10,30/09/2019,19:02,B,172.168.1.8
      310,30/09/2019,19:33,B,172.168.1.8
      296,30/09/2019,19:33,B,172.168.1.8
      310,30/09/2019,19:35,B,172.168.1.8
      296,30/09/2019,19:35,B,172.168.1.8
       12,30/09/2019,19:41,B,172.168.1.8
      128,30/09/2019,19:41,B,172.168.1.8
        2,30/09/2019,19:41,B,172.168.1.8
      116,30/09/2019,19:41,B,172.168.1.8
      115,30/09/2019,19:41,B,172.168.1.8
        9,30/09/2019,20:02,B,172.168.1.8
       30,30/09/2019,20:12,B,172.168.1.8
       17,30/09/2019,20:14,B,172.168.1.8
        8,30/09/2019,20:16,B,172.168.1.8
       11,30/09/2019,20:16,B,172.168.1.8
       27,30/09/2019,20:17,B,172.168.1.8
      260,30/09/2019,20:20,B,172.168.1.8
        1,30/09/2019,20:40,B,172.168.1.8
      255,30/09/2019,21:05,B,172.168.1.8
      256,30/09/2019,21:05,B,172.168.1.8
      112,30/09/2019,21:11,B,172.168.1.8
      112,30/09/2019,21:11,B,172.168.1.8
      290,30/09/2019,21:35,B,172.168.1.8
      287,30/09/2019,22:07,B,172.168.1.8
      287,30/09/2019,22:09,B,172.168.1.8
      114,30/09/2019,22:45,B,172.168.1.8
      121,01/10/2019,06:48,B,172.168.1.8
      126,01/10/2019,07:03,B,172.168.1.8
      298,01/10/2019,07:15,B,172.168.1.8
      273,01/10/2019,07:16,B,172.168.1.8
      119,01/10/2019,07:37,B,172.168.1.8
      287,01/10/2019,07:48,B,172.168.1.8
      287,01/10/2019,07:49,B,172.168.1.8
      296,01/10/2019,07:55,B,172.168.1.8
      125,01/10/2019,07:57,B,172.168.1.8
      216,01/10/2019,07:57,B,172.168.1.8
      207,01/10/2019,07:57,B,172.168.1.8
      212,01/10/2019,07:57,B,172.168.1.8
      208,01/10/2019,07:58,B,172.168.1.8
      300,01/10/2019,08:02,B,172.168.1.8
      215,01/10/2019,08:07,B,172.168.1.8
      205,01/10/2019,08:12,B,172.168.1.8
       36,01/10/2019,08:12,B,172.168.1.8
       65,01/10/2019,08:15,B,172.168.1.8
       52,01/10/2019,08:23,B,172.168.1.8
      214,01/10/2019,08:27,B,172.168.1.8
       51,01/10/2019,08:30,B,172.168.1.8
      312,01/10/2019,08:40,B,172.168.1.8
      299,01/10/2019,08:40,B,172.168.1.8
      260,01/10/2019,08:41,B,172.168.1.8
      210,01/10/2019,08:44,B,172.168.1.8
       16,01/10/2019,08:47,B,172.168.1.8
      115,01/10/2019,08:49,B,172.168.1.8
       23,01/10/2019,08:52,B,172.168.1.8
       11,01/10/2019,08:54,B,172.168.1.8
      204,01/10/2019,08:55,B,172.168.1.8
      120,01/10/2019,08:57,B,172.168.1.8
       17,01/10/2019,09:03,B,172.168.1.8
      213,01/10/2019,09:04,B,172.168.1.8
       20,01/10/2019,09:09,B,172.168.1.8
      206,01/10/2019,09:14,B,172.168.1.8
      255,01/10/2019,09:16,B,172.168.1.8
      122,01/10/2019,09:16,B,172.168.1.8
      268,01/10/2019,09:21,B,172.168.1.8
      211,01/10/2019,09:24,B,172.168.1.8
       25,01/10/2019,09:25,B,172.168.1.8
      203,01/10/2019,09:27,B,172.168.1.8
       14,01/10/2019,09:28,B,172.168.1.8
      290,01/10/2019,09:33,B,172.168.1.8
      117,01/10/2019,09:45,B,172.168.1.8
      303,01/10/2019,09:46,B,172.168.1.8
      201,01/10/2019,09:49,B,172.168.1.8
      128,01/10/2019,09:49,B,172.168.1.8
      271,01/10/2019,09:49,B,172.168.1.8
      123,01/10/2019,09:52,B,172.168.1.8
       12,01/10/2019,09:53,B,172.168.1.8
      256,01/10/2019,09:54,B,172.168.1.8
      254,01/10/2019,09:56,B,172.168.1.8
      110,01/10/2019,09:58,B,172.168.1.8
      116,01/10/2019,09:58,B,172.168.1.8
      109,01/10/2019,09:59,B,172.168.1.8
      295,01/10/2019,09:59,B,172.168.1.8
      258,01/10/2019,09:59,B,172.168.1.8
      209,01/10/2019,10:00,B,172.168.1.8
      209,01/10/2019,10:00,B,172.168.1.8
      297,01/10/2019,10:01,B,172.168.1.8
      131,01/10/2019,10:01,B,172.168.1.8
      114,01/10/2019,10:02,B,172.168.1.8
       29,01/10/2019,10:04,B,172.168.1.8
        9,01/10/2019,10:05,B,172.168.1.8
      310,01/10/2019,10:09,B,172.168.1.8
       30,01/10/2019,10:10,B,172.168.1.8
       30,01/10/2019,10:11,B,172.168.1.8
        8,01/10/2019,10:12,B,172.168.1.8
      129,01/10/2019,10:13,B,172.168.1.8
      251,01/10/2019,10:13,B,172.168.1.8
       35,01/10/2019,10:18,B,172.168.1.8
      261,01/10/2019,10:18,B,172.168.1.8
      112,01/10/2019,10:20,B,172.168.1.8
       10,01/10/2019,10:20,B,172.168.1.8
      106,01/10/2019,10:21,B,172.168.1.8
       28,01/10/2019,10:23,B,172.168.1.8
        5,01/10/2019,10:23,B,172.168.1.8
      283,01/10/2019,10:25,B,172.168.1.8
      127,01/10/2019,10:27,B,172.168.1.8
       24,01/10/2019,10:28,B,172.168.1.8
      101,01/10/2019,10:31,B,172.168.1.8
      293,01/10/2019,10:32,B,172.168.1.8
        1,01/10/2019,10:59,B,172.168.1.8
       21,01/10/2019,11:02,B,172.168.1.8
       22,01/10/2019,11:13,B,172.168.1.8
        2,01/10/2019,11:14,B,172.168.1.8
       27,01/10/2019,11:18,B,172.168.1.8
       72,01/10/2019,11:30,B,172.168.1.8
       19,01/10/2019,11:31,B,172.168.1.8
       26,01/10/2019,11:39,B,172.168.1.8
      205,01/10/2019,12:02,B,172.168.1.8
      205,01/10/2019,12:02,B,172.168.1.8
      305,01/10/2019,12:03,B,172.168.1.8
       51,01/10/2019,12:26,B,172.168.1.8
       37,01/10/2019,12:43,B,172.168.1.8
       65,01/10/2019,13:00,B,172.168.1.8
      311,01/10/2019,13:09,B,172.168.1.8
      215,01/10/2019,13:12,B,172.168.1.8
      216,01/10/2019,13:12,B,172.168.1.8
      207,01/10/2019,13:12,B,172.168.1.8
      212,01/10/2019,13:13,B,172.168.1.8
      208,01/10/2019,13:13,B,172.168.1.8
      210,01/10/2019,14:00,B,172.168.1.8
      211,01/10/2019,14:00,B,172.168.1.8
      214,01/10/2019,14:12,B,172.168.1.8
      206,01/10/2019,14:20,B,172.168.1.8
      204,01/10/2019,14:35,B,172.168.1.8
      209,01/10/2019,14:35,B,172.168.1.8
      209,01/10/2019,14:35,B,172.168.1.8
      213,01/10/2019,14:38,B,172.168.1.8
      203,01/10/2019,14:52,B,172.168.1.8
      201,01/10/2019,14:52,B,172.168.1.8
       36,01/10/2019,14:57,B,172.168.1.8
      121,01/10/2019,15:26,B,172.168.1.8
      311,01/10/2019,16:11,B,172.168.1.8
      305,01/10/2019,16:12,B,172.168.1.8
        5,01/10/2019,16:16,B,172.168.1.8
      303,01/10/2019,16:49,B,172.168.1.8
       72,01/10/2019,16:49,B,172.168.1.8
      298,01/10/2019,16:59,B,172.168.1.8
       25,01/10/2019,17:00,B,172.168.1.8
      312,01/10/2019,17:03,B,172.168.1.8
       35,01/10/2019,17:04,B,172.168.1.8
       29,01/10/2019,17:05,B,172.168.1.8
      109,01/10/2019,17:14,B,172.168.1.8
      110,01/10/2019,17:14,B,172.168.1.8
      125,01/10/2019,17:15,B,172.168.1.8
      271,01/10/2019,17:19,B,172.168.1.8
       28,01/10/2019,17:20,B,172.168.1.8
      271,01/10/2019,17:21,B,172.168.1.8
      128,01/10/2019,17:21,B,172.168.1.8
      254,01/10/2019,17:25,B,172.168.1.8
       21,01/10/2019,17:26,B,172.168.1.8
       23,01/10/2019,17:28,B,172.168.1.8
       37,01/10/2019,17:28,B,172.168.1.8
      126,01/10/2019,17:35,B,172.168.1.8
      261,01/10/2019,17:38,B,172.168.1.8
      127,01/10/2019,17:38,B,172.168.1.8
       20,01/10/2019,17:40,B,172.168.1.8
       19,01/10/2019,17:42,B,172.168.1.8
      122,01/10/2019,17:45,B,172.168.1.8
       22,01/10/2019,17:52,B,172.168.1.8
      120,01/10/2019,17:52,B,172.168.1.8
      300,01/10/2019,17:53,B,172.168.1.8
      297,01/10/2019,17:53,B,172.168.1.8
       14,01/10/2019,17:53,B,172.168.1.8
       26,01/10/2019,18:07,B,172.168.1.8
      273,01/10/2019,18:14,B,172.168.1.8
      114,01/10/2019,18:16,B,172.168.1.8
      293,01/10/2019,18:17,B,172.168.1.8
      293,01/10/2019,18:19,B,172.168.1.8
       10,01/10/2019,18:20,B,172.168.1.8
      106,01/10/2019,18:20,B,172.168.1.8
       16,01/10/2019,18:23,B,172.168.1.8
       24,01/10/2019,18:29,B,172.168.1.8
      268,01/10/2019,18:31,B,172.168.1.8
       17,01/10/2019,18:52,B,172.168.1.8
        9,01/10/2019,18:55,B,172.168.1.8
       32,01/10/2019,19:01,B,172.168.1.8
      299,01/10/2019,19:16,B,172.168.1.8
        8,01/10/2019,19:34,B,172.168.1.8
       11,01/10/2019,19:40,B,172.168.1.8
      258,01/10/2019,20:00,B,172.168.1.8
      295,01/10/2019,20:00,B,172.168.1.8
      101,01/10/2019,20:00,B,172.168.1.8
      251,01/10/2019,20:00,B,172.168.1.8
      123,01/10/2019,20:10,B,172.168.1.8
       30,01/10/2019,20:18,B,172.168.1.8
       27,01/10/2019,20:30,B,172.168.1.8
      112,01/10/2019,20:37,B,172.168.1.8
      255,01/10/2019,20:46,B,172.168.1.8
      117,01/10/2019,20:59,B,172.168.1.8
      116,01/10/2019,20:59,B,172.168.1.8
      283,01/10/2019,21:00,B,172.168.1.8
      290,01/10/2019,21:00,B,172.168.1.8
      260,01/10/2019,21:00,B,172.168.1.8
      296,01/10/2019,21:01,B,172.168.1.8
      129,01/10/2019,21:07,B,172.168.1.8
      131,01/10/2019,21:07,B,172.168.1.8
      310,01/10/2019,21:09,B,172.168.1.8
       12,01/10/2019,21:27,B,172.168.1.8
        2,01/10/2019,21:27,B,172.168.1.8
      256,01/10/2019,22:06,B,172.168.1.8
        1,01/10/2019,22:10,B,172.168.1.8
      287,01/10/2019,22:22,B,172.168.1.8
      119,01/10/2019,22:22,B,172.168.1.8
      115,01/10/2019,22:22,B,172.168.1.8
      121,02/10/2019,07:17,B,172.168.1.8
      273,02/10/2019,07:19,B,172.168.1.8
      298,02/10/2019,07:48,B,172.168.1.8
      125,02/10/2019,07:54,B,172.168.1.8
      300,02/10/2019,08:01,B,172.168.1.8
      296,02/10/2019,08:04,B,172.168.1.8
      126,02/10/2019,08:12,B,172.168.1.8
      260,02/10/2019,08:30,B,172.168.1.8
      268,02/10/2019,08:47,B,172.168.1.8
      115,02/10/2019,08:54,B,172.168.1.8
      287,02/10/2019,08:54,B,172.168.1.8
       11,02/10/2019,09:04,B,172.168.1.8
       32,02/10/2019,09:04,B,172.168.1.8
      120,02/10/2019,09:07,B,172.168.1.8
      122,02/10/2019,09:15,B,172.168.1.8
       72,02/10/2019,09:15,B,172.168.1.8
      119,02/10/2019,09:18,B,172.168.1.8
      303,02/10/2019,09:29,B,172.168.1.8
       14,02/10/2019,09:35,B,172.168.1.8
       25,02/10/2019,09:40,B,172.168.1.8
       26,02/10/2019,09:40,B,172.168.1.8
      283,02/10/2019,09:47,B,172.168.1.8
      117,02/10/2019,09:47,B,172.168.1.8
       27,02/10/2019,09:48,B,172.168.1.8
      128,02/10/2019,09:52,B,172.168.1.8
      106,02/10/2019,09:58,B,172.168.1.8
      127,02/10/2019,10:02,B,172.168.1.8
      297,02/10/2019,10:04,B,172.168.1.8
      258,02/10/2019,10:05,B,172.168.1.8
      254,02/10/2019,10:05,B,172.168.1.8
      271,02/10/2019,10:08,B,172.168.1.8
      310,02/10/2019,10:09,B,172.168.1.8
      255,02/10/2019,10:09,B,172.168.1.8
      116,02/10/2019,10:09,B,172.168.1.8
      114,02/10/2019,10:10,B,172.168.1.8
      299,02/10/2019,10:10,B,172.168.1.8
      123,02/10/2019,10:14,B,172.168.1.8
       35,02/10/2019,10:18,B,172.168.1.8
       20,02/10/2019,10:22,B,172.168.1.8
      110,02/10/2019,10:23,B,172.168.1.8
      109,02/10/2019,10:24,B,172.168.1.8
        2,02/10/2019,10:26,B,172.168.1.8
      293,02/10/2019,10:26,B,172.168.1.8
       12,02/10/2019,10:26,B,172.168.1.8
      295,02/10/2019,10:27,B,172.168.1.8
      261,02/10/2019,10:30,B,172.168.1.8
      129,02/10/2019,10:34,B,172.168.1.8
       23,02/10/2019,10:34,B,172.168.1.8
      312,02/10/2019,10:38,B,172.168.1.8
       17,02/10/2019,10:41,B,172.168.1.8
       16,02/10/2019,10:44,B,172.168.1.8
       18,02/10/2019,10:44,B,172.168.1.8
        8,02/10/2019,10:53,B,172.168.1.8
      101,02/10/2019,10:53,B,172.168.1.8
       30,02/10/2019,10:56,B,172.168.1.8
      256,02/10/2019,11:04,B,172.168.1.8
        9,02/10/2019,11:12,B,172.168.1.8
       36,02/10/2019,11:13,B,172.168.1.8
      251,02/10/2019,11:14,B,172.168.1.8
       19,02/10/2019,11:32,B,172.168.1.8
        5,02/10/2019,11:32,B,172.168.1.8
       10,02/10/2019,11:33,B,172.168.1.8
      290,02/10/2019,11:36,B,172.168.1.8
       22,02/10/2019,11:36,B,172.168.1.8
       28,02/10/2019,11:36,B,172.168.1.8
      112,02/10/2019,11:40,B,172.168.1.8
      131,02/10/2019,11:53,B,172.168.1.8
        1,02/10/2019,11:59,B,172.168.1.8
       24,02/10/2019,12:01,B,172.168.1.8
      305,02/10/2019,12:01,B,172.168.1.8
      210,02/10/2019,12:02,B,172.168.1.8
      208,02/10/2019,12:02,B,172.168.1.8
      207,02/10/2019,12:09,B,172.168.1.8
      212,02/10/2019,12:09,B,172.168.1.8
       21,02/10/2019,12:16,B,172.168.1.8
       72,02/10/2019,13:01,B,172.168.1.8
      216,02/10/2019,14:46,B,172.168.1.8
      303,02/10/2019,14:47,B,172.168.1.8
      214,02/10/2019,14:59,B,172.168.1.8
      205,02/10/2019,15:02,B,172.168.1.8
      215,02/10/2019,15:14,B,172.168.1.8
      203,02/10/2019,15:20,B,172.168.1.8
      208,02/10/2019,15:22,B,172.168.1.8
      212,02/10/2019,15:23,B,172.168.1.8
      207,02/10/2019,15:23,B,172.168.1.8
      211,02/10/2019,15:28,B,172.168.1.8
       35,02/10/2019,15:36,B,172.168.1.8
      204,02/10/2019,15:46,B,172.168.1.8
       36,02/10/2019,15:52,B,172.168.1.8
      206,02/10/2019,15:56,B,172.168.1.8
        5,02/10/2019,16:04,B,172.168.1.8
      121,02/10/2019,16:09,B,172.168.1.8
      209,02/10/2019,16:10,B,172.168.1.8
      213,02/10/2019,16:11,B,172.168.1.8
      210,02/10/2019,16:24,B,172.168.1.8
       25,02/10/2019,16:28,B,172.168.1.8
      210,02/10/2019,16:29,B,172.168.1.8
      216,02/10/2019,16:32,B,172.168.1.8
      305,02/10/2019,16:42,B,172.168.1.8
      202,02/10/2019,16:51,B,172.168.1.8
      312,02/10/2019,16:53,B,172.168.1.8
      298,02/10/2019,17:03,B,172.168.1.8
       29,02/10/2019,17:05,B,172.168.1.8
       19,02/10/2019,17:09,B,172.168.1.8
      110,02/10/2019,17:17,B,172.168.1.8
      261,02/10/2019,17:20,B,172.168.1.8
      127,02/10/2019,17:20,B,172.168.1.8
      271,02/10/2019,17:20,B,172.168.1.8
      254,02/10/2019,17:26,B,172.168.1.8
       21,02/10/2019,17:31,B,172.168.1.8
      122,02/10/2019,17:36,B,172.168.1.8
      312,02/10/2019,17:37,B,172.168.1.8
      205,02/10/2019,17:42,B,172.168.1.8
      211,02/10/2019,17:42,B,172.168.1.8
      215,02/10/2019,17:50,B,172.168.1.8
       23,02/10/2019,17:57,B,172.168.1.8
       28,02/10/2019,18:11,B,172.168.1.8
       24,02/10/2019,18:24,B,172.168.1.8
       14,02/10/2019,18:25,B,172.168.1.8
      299,02/10/2019,18:31,B,172.168.1.8
      214,02/10/2019,18:34,B,172.168.1.8
       22,02/10/2019,18:37,B,172.168.1.8
      120,02/10/2019,18:40,B,172.168.1.8
        1,02/10/2019,18:50,B,172.168.1.8
       32,02/10/2019,18:53,B,172.168.1.8
       14,02/10/2019,18:54,B,172.168.1.8
      109,02/10/2019,19:00,B,172.168.1.8
      106,02/10/2019,19:00,B,172.168.1.8
      293,02/10/2019,19:00,B,172.168.1.8
       27,02/10/2019,19:21,B,172.168.1.8
       18,02/10/2019,19:22,B,172.168.1.8
       16,02/10/2019,19:22,B,172.168.1.8
       11,02/10/2019,19:24,B,172.168.1.8
       11,02/10/2019,19:27,B,172.168.1.8
       17,02/10/2019,19:29,B,172.168.1.8
      297,02/10/2019,19:29,B,172.168.1.8
      268,02/10/2019,20:03,B,172.168.1.8
      268,02/10/2019,20:09,B,172.168.1.8
      295,02/10/2019,20:20,B,172.168.1.8
      251,02/10/2019,20:20,B,172.168.1.8
      116,02/10/2019,20:21,B,172.168.1.8
      101,02/10/2019,20:30,B,172.168.1.8
      123,02/10/2019,20:47,B,172.168.1.8
       30,02/10/2019,20:58,B,172.168.1.8
        9,02/10/2019,21:00,B,172.168.1.8
      125,02/10/2019,21:02,B,172.168.1.8
      128,02/10/2019,21:03,B,172.168.1.8
      129,02/10/2019,21:03,B,172.168.1.8
      258,02/10/2019,21:04,B,172.168.1.8
      129,02/10/2019,21:05,B,172.168.1.8
       10,02/10/2019,21:42,B,172.168.1.8
       10,02/10/2019,21:52,B,172.168.1.8
       26,02/10/2019,21:52,B,172.168.1.8
      300,02/10/2019,21:56,B,172.168.1.8
      117,02/10/2019,22:00,B,172.168.1.8
        8,02/10/2019,22:01,B,172.168.1.8
      273,02/10/2019,22:25,B,172.168.1.8
      131,02/10/2019,22:29,B,172.168.1.8
      310,02/10/2019,22:30,B,172.168.1.8
      290,02/10/2019,22:30,B,172.168.1.8
      296,02/10/2019,22:30,B,172.168.1.8
      260,02/10/2019,22:30,B,172.168.1.8
      112,02/10/2019,22:30,B,172.168.1.8
      112,02/10/2019,22:31,B,172.168.1.8
      273,02/10/2019,22:45,B,172.168.1.8
      114,02/10/2019,22:45,B,172.168.1.8
      287,03/10/2019,00:54,B,172.168.1.8
      256,03/10/2019,00:54,B,172.168.1.8
      126,03/10/2019,00:54,B,172.168.1.8
      255,03/10/2019,00:58,B,172.168.1.8
      255,03/10/2019,05:48,B,172.168.1.8
      121,03/10/2019,05:49,B,172.168.1.8
      119,03/10/2019,06:32,B,172.168.1.8
      115,03/10/2019,06:33,B,172.168.1.8
      115,03/10/2019,06:34,B,172.168.1.8
      119,03/10/2019,06:35,B,172.168.1.8
       30,03/10/2019,06:51,B,172.168.1.8
      300,03/10/2019,06:53,B,172.168.1.8
      120,03/10/2019,07:00,B,172.168.1.8
      116,03/10/2019,07:04,B,172.168.1.8
      296,03/10/2019,07:04,B,172.168.1.8
      283,03/10/2019,07:14,B,172.168.1.8
      117,03/10/2019,07:14,B,172.168.1.8
      254,03/10/2019,07:14,B,172.168.1.8
      298,03/10/2019,07:16,B,172.168.1.8
      273,03/10/2019,07:16,B,172.168.1.8
      256,03/10/2019,07:19,B,172.168.1.8
      299,03/10/2019,07:19,B,172.168.1.8
      268,03/10/2019,07:25,B,172.168.1.8
      128,03/10/2019,07:27,B,172.168.1.8
      297,03/10/2019,07:37,B,172.168.1.8
      125,03/10/2019,07:38,B,172.168.1.8
      127,03/10/2019,07:38,B,172.168.1.8
      310,03/10/2019,07:38,B,172.168.1.8
       10,03/10/2019,07:40,B,172.168.1.8
      106,03/10/2019,07:40,B,172.168.1.8
      309,03/10/2019,07:45,B,172.168.1.8
      123,03/10/2019,07:47,B,172.168.1.8
      215,03/10/2019,07:47,B,172.168.1.8
      258,03/10/2019,07:47,B,172.168.1.8
      290,03/10/2019,07:48,B,172.168.1.8
      131,03/10/2019,07:48,B,172.168.1.8
      112,03/10/2019,07:48,B,172.168.1.8
      101,03/10/2019,07:49,B,172.168.1.8
      260,03/10/2019,07:51,B,172.168.1.8
      122,03/10/2019,07:51,B,172.168.1.8
      216,03/10/2019,07:52,B,172.168.1.8
       22,03/10/2019,07:53,B,172.168.1.8
       29,03/10/2019,07:54,B,172.168.1.8
      203,03/10/2019,07:56,B,172.168.1.8
      202,03/10/2019,07:57,B,172.168.1.8
      204,03/10/2019,08:00,B,172.168.1.8
       32,03/10/2019,08:00,B,172.168.1.8
       23,03/10/2019,08:03,B,172.168.1.8
       24,03/10/2019,08:03,B,172.168.1.8
      213,03/10/2019,08:05,B,172.168.1.8
      210,03/10/2019,08:05,B,172.168.1.8
      303,03/10/2019,08:05,B,172.168.1.8
      295,03/10/2019,08:05,B,172.168.1.8
       27,03/10/2019,08:06,B,172.168.1.8
       26,03/10/2019,08:07,B,172.168.1.8
      110,03/10/2019,08:09,B,172.168.1.8
      109,03/10/2019,08:09,B,172.168.1.8
       14,03/10/2019,08:10,B,172.168.1.8
       19,03/10/2019,08:11,B,172.168.1.8
        9,03/10/2019,08:12,B,172.168.1.8
      261,03/10/2019,08:12,B,172.168.1.8
      261,03/10/2019,08:13,B,172.168.1.8
      293,03/10/2019,08:14,B,172.168.1.8
       25,03/10/2019,08:15,B,172.168.1.8
       28,03/10/2019,08:15,B,172.168.1.8
      101,03/10/2019,08:16,B,172.168.1.8
       16,03/10/2019,08:16,B,172.168.1.8
       18,03/10/2019,08:17,B,172.168.1.8
      129,03/10/2019,08:17,B,172.168.1.8
      251,03/10/2019,08:20,B,172.168.1.8
      214,03/10/2019,08:21,B,172.168.1.8
      205,03/10/2019,08:21,B,172.168.1.8
       20,03/10/2019,08:25,B,172.168.1.8
       17,03/10/2019,08:25,B,172.168.1.8
      114,03/10/2019,08:26,B,172.168.1.8
       11,03/10/2019,08:29,B,172.168.1.8
       36,03/10/2019,08:29,B,172.168.1.8
      301,03/10/2019,08:30,B,172.168.1.8
        1,03/10/2019,08:30,B,172.168.1.8
       12,03/10/2019,08:35,B,172.168.1.8
      271,03/10/2019,08:37,B,172.168.1.8
       72,03/10/2019,08:37,B,172.168.1.8
        5,03/10/2019,08:38,B,172.168.1.8
      208,03/10/2019,08:39,B,172.168.1.8
        8,03/10/2019,08:45,B,172.168.1.8
      211,03/10/2019,08:45,B,172.168.1.8
       65,03/10/2019,08:47,B,172.168.1.8
       52,03/10/2019,08:48,B,172.168.1.8
      207,03/10/2019,08:51,B,172.168.1.8
      212,03/10/2019,08:51,B,172.168.1.8
      209,03/10/2019,08:59,B,172.168.1.8
       35,03/10/2019,09:04,B,172.168.1.8
       21,03/10/2019,09:16,B,172.168.1.8
       21,03/10/2019,09:16,B,172.168.1.8
       37,03/10/2019,09:27,B,172.168.1.8
      206,03/10/2019,09:45,B,172.168.1.8
      201,03/10/2019,09:59,B,172.168.1.8
      305,03/10/2019,10:37,B,172.168.1.8
       73,03/10/2019,12:07,B,172.168.1.8
       74,03/10/2019,12:22,B,172.168.1.8
       69,03/10/2019,12:37,B,172.168.1.8
      216,03/10/2019,12:52,B,172.168.1.8
      202,03/10/2019,12:56,B,172.168.1.8
      203,03/10/2019,12:56,B,172.168.1.8
      203,03/10/2019,12:56,B,172.168.1.8
      215,03/10/2019,13:02,B,172.168.1.8
      208,03/10/2019,13:03,B,172.168.1.8
      210,03/10/2019,13:13,B,172.168.1.8
      312,03/10/2019,13:15,B,172.168.1.8
      205,03/10/2019,13:21,B,172.168.1.8
      205,03/10/2019,13:21,B,172.168.1.8
      204,03/10/2019,13:29,B,172.168.1.8
      204,03/10/2019,13:32,B,172.168.1.8
      211,03/10/2019,13:45,B,172.168.1.8
      207,03/10/2019,14:07,B,172.168.1.8
      212,03/10/2019,14:07,B,172.168.1.8
      214,03/10/2019,14:14,B,172.168.1.8
      209,03/10/2019,14:20,B,172.168.1.8
      206,03/10/2019,14:40,B,172.168.1.8
      201,03/10/2019,15:00,B,172.168.1.8
      201,03/10/2019,15:00,B,172.168.1.8
      309,03/10/2019,15:07,B,172.168.1.8
       69,03/10/2019,15:33,B,172.168.1.8
       73,03/10/2019,15:44,B,172.168.1.8
      121,03/10/2019,16:58,B,172.168.1.8
       74,03/10/2019,17:00,B,172.168.1.8
      303,03/10/2019,19:32,B,172.168.1.8
       72,03/10/2019,19:32,B,172.168.1.8
      213,03/10/2019,20:00,B,172.168.1.8
      301,03/10/2019,20:00,B,172.168.1.8
      213,03/10/2019,20:00,B,172.168.1.8
      303,03/10/2019,20:01,B,172.168.1.8
       72,03/10/2019,20:01,B,172.168.1.8
       36,03/10/2019,20:01,B,172.168.1.8
        9,03/10/2019,20:01,B,172.168.1.8
       35,03/10/2019,20:01,B,172.168.1.8
       23,03/10/2019,20:01,B,172.168.1.8
       30,03/10/2019,20:02,B,172.168.1.8
      122,03/10/2019,20:03,B,172.168.1.8
        5,03/10/2019,20:04,B,172.168.1.8
      131,03/10/2019,20:10,B,172.168.1.8
      110,03/10/2019,20:11,B,172.168.1.8
      109,03/10/2019,20:11,B,172.168.1.8
      119,03/10/2019,20:12,B,172.168.1.8
      101,03/10/2019,20:13,B,172.168.1.8
      251,03/10/2019,20:13,B,172.168.1.8
      115,03/10/2019,20:13,B,172.168.1.8
      254,03/10/2019,20:14,B,172.168.1.8
      126,03/10/2019,20:14,B,172.168.1.8
      126,03/10/2019,20:15,B,172.168.1.8
      299,03/10/2019,20:15,B,172.168.1.8
      271,03/10/2019,20:15,B,172.168.1.8
      297,03/10/2019,20:15,B,172.168.1.8
      295,03/10/2019,20:15,B,172.168.1.8
       27,03/10/2019,20:17,B,172.168.1.8
       26,03/10/2019,20:17,B,172.168.1.8
      129,03/10/2019,20:18,B,172.168.1.8
      129,03/10/2019,20:19,B,172.168.1.8
      128,03/10/2019,20:19,B,172.168.1.8
       65,03/10/2019,20:19,B,172.168.1.8
       29,03/10/2019,20:20,B,172.168.1.8
       25,03/10/2019,20:21,B,172.168.1.8
      305,03/10/2019,20:24,B,172.168.1.8
      127,03/10/2019,20:25,B,172.168.1.8
      120,03/10/2019,20:26,B,172.168.1.8
       19,03/10/2019,20:26,B,172.168.1.8
      106,03/10/2019,20:26,B,172.168.1.8
      261,03/10/2019,20:27,B,172.168.1.8
      127,03/10/2019,20:27,B,172.168.1.8
       19,03/10/2019,20:27,B,172.168.1.8
       16,03/10/2019,20:27,B,172.168.1.8
       20,03/10/2019,20:28,B,172.168.1.8
       18,03/10/2019,20:28,B,172.168.1.8
      123,03/10/2019,20:31,B,172.168.1.8
       14,03/10/2019,20:36,B,172.168.1.8
       32,03/10/2019,20:36,B,172.168.1.8
        8,03/10/2019,20:43,B,172.168.1.8
       14,03/10/2019,20:43,B,172.168.1.8
       32,03/10/2019,20:43,B,172.168.1.8
      116,03/10/2019,20:45,B,172.168.1.8
      293,03/10/2019,20:45,B,172.168.1.8
      258,03/10/2019,20:45,B,172.168.1.8
      268,03/10/2019,20:45,B,172.168.1.8
      260,03/10/2019,20:47,B,172.168.1.8
       10,03/10/2019,20:50,B,172.168.1.8
       24,03/10/2019,20:50,B,172.168.1.8
       17,03/10/2019,20:51,B,172.168.1.8
       11,03/10/2019,20:56,B,172.168.1.8
      117,03/10/2019,21:03,B,172.168.1.8
      283,03/10/2019,21:03,B,172.168.1.8
      310,03/10/2019,21:28,B,172.168.1.8
      310,03/10/2019,21:29,B,172.168.1.8
      125,03/10/2019,21:29,B,172.168.1.8
      310,03/10/2019,21:30,B,172.168.1.8
      112,03/10/2019,21:30,B,172.168.1.8
      112,03/10/2019,21:30,B,172.168.1.8
      296,03/10/2019,21:30,B,172.168.1.8
      298,03/10/2019,21:50,B,172.168.1.8
      287,03/10/2019,22:00,B,172.168.1.8
      290,03/10/2019,22:01,B,172.168.1.8
      273,03/10/2019,22:02,B,172.168.1.8
      114,03/10/2019,22:04,B,172.168.1.8
      114,03/10/2019,22:05,B,172.168.1.8
      256,03/10/2019,22:05,B,172.168.1.8
      121,04/10/2019,06:12,B,172.168.1.8
      115,04/10/2019,06:21,B,172.168.1.8
      298,04/10/2019,06:51,B,172.168.1.8
      126,04/10/2019,06:54,B,172.168.1.8
      214,04/10/2019,07:04,B,172.168.1.8
      120,04/10/2019,07:11,B,172.168.1.8
      208,04/10/2019,07:14,B,172.168.1.8
      273,04/10/2019,07:19,B,172.168.1.8
      255,04/10/2019,07:34,B,172.168.1.8
      119,04/10/2019,07:35,B,172.168.1.8
      256,04/10/2019,07:43,B,172.168.1.8
      117,04/10/2019,07:45,B,172.168.1.8
      215,04/10/2019,07:49,B,172.168.1.8
      254,04/10/2019,07:50,B,172.168.1.8
      207,04/10/2019,07:58,B,172.168.1.8
      122,04/10/2019,08:01,B,172.168.1.8
       29,04/10/2019,08:02,B,172.168.1.8
      211,04/10/2019,08:02,B,172.168.1.8
      216,04/10/2019,08:03,B,172.168.1.8
      212,04/10/2019,08:04,B,172.168.1.8
      287,04/10/2019,08:04,B,172.168.1.8
      210,04/10/2019,08:05,B,172.168.1.8
       37,04/10/2019,08:10,B,172.168.1.8
       28,04/10/2019,08:11,B,172.168.1.8
      205,04/10/2019,08:12,B,172.168.1.8
      123,04/10/2019,08:12,B,172.168.1.8
      129,04/10/2019,08:16,B,172.168.1.8
      127,04/10/2019,08:16,B,172.168.1.8
      128,04/10/2019,08:16,B,172.168.1.8
      260,04/10/2019,08:18,B,172.168.1.8
       14,04/10/2019,08:20,B,172.168.1.8
      300,04/10/2019,08:20,B,172.168.1.8
      283,04/10/2019,08:23,B,172.168.1.8
       16,04/10/2019,08:23,B,172.168.1.8
       18,04/10/2019,08:24,B,172.168.1.8
      299,04/10/2019,08:26,B,172.168.1.8
       23,04/10/2019,08:27,B,172.168.1.8
      296,04/10/2019,08:28,B,172.168.1.8
       20,04/10/2019,08:28,B,172.168.1.8
       52,04/10/2019,08:29,B,172.168.1.8
      310,04/10/2019,08:35,B,172.168.1.8
      125,04/10/2019,08:35,B,172.168.1.8
      271,04/10/2019,08:36,B,172.168.1.8
      268,04/10/2019,08:36,B,172.168.1.8
       32,04/10/2019,08:37,B,172.168.1.8
       17,04/10/2019,08:37,B,172.168.1.8
       25,04/10/2019,08:39,B,172.168.1.8
      109,04/10/2019,08:40,B,172.168.1.8
      110,04/10/2019,08:40,B,172.168.1.8
      297,04/10/2019,08:43,B,172.168.1.8
      116,04/10/2019,08:46,B,172.168.1.8
      258,04/10/2019,08:46,B,172.168.1.8
      251,04/10/2019,08:46,B,172.168.1.8
       65,04/10/2019,08:46,B,172.168.1.8
      112,04/10/2019,08:47,B,172.168.1.8
       11,04/10/2019,08:49,B,172.168.1.8
        9,04/10/2019,08:49,B,172.168.1.8
      101,04/10/2019,08:50,B,172.168.1.8
        9,04/10/2019,08:52,B,172.168.1.8
      101,04/10/2019,08:52,B,172.168.1.8
      106,04/10/2019,08:56,B,172.168.1.8
       64,04/10/2019,08:56,B,172.168.1.8
      209,04/10/2019,08:58,B,172.168.1.8
      204,04/10/2019,08:59,B,172.168.1.8
      209,04/10/2019,08:59,B,172.168.1.8
      261,04/10/2019,09:01,B,172.168.1.8
       36,04/10/2019,09:01,B,172.168.1.8
      293,04/10/2019,09:04,B,172.168.1.8
       27,04/10/2019,09:06,B,172.168.1.8
       19,04/10/2019,09:06,B,172.168.1.8
      114,04/10/2019,09:09,B,172.168.1.8
       26,04/10/2019,09:09,B,172.168.1.8
        5,04/10/2019,09:10,B,172.168.1.8
      206,04/10/2019,09:11,B,172.168.1.8
       10,04/10/2019,09:11,B,172.168.1.8
      303,04/10/2019,09:13,B,172.168.1.8
       24,04/10/2019,09:17,B,172.168.1.8
       21,04/10/2019,09:18,B,172.168.1.8
        8,04/10/2019,09:28,B,172.168.1.8
        1,04/10/2019,09:32,B,172.168.1.8
      203,04/10/2019,09:33,B,172.168.1.8
      295,04/10/2019,09:33,B,172.168.1.8
       30,04/10/2019,09:34,B,172.168.1.8
      131,04/10/2019,09:34,B,172.168.1.8
       30,04/10/2019,09:37,B,172.168.1.8
      290,04/10/2019,09:40,B,172.168.1.8
      202,04/10/2019,09:48,B,172.168.1.8
       64,04/10/2019,09:50,B,172.168.1.8
      301,04/10/2019,10:09,B,172.168.1.8
      201,04/10/2019,10:18,B,172.168.1.8
      309,04/10/2019,10:24,B,172.168.1.8
       35,04/10/2019,10:24,B,172.168.1.8
      305,04/10/2019,10:26,B,172.168.1.8
       72,04/10/2019,10:26,B,172.168.1.8
       31,04/10/2019,10:38,B,172.168.1.8
       74,04/10/2019,11:03,B,172.168.1.8
      213,04/10/2019,11:05,B,172.168.1.8
       52,04/10/2019,11:39,B,172.168.1.8
      208,04/10/2019,13:03,B,172.168.1.8
      207,04/10/2019,13:04,B,172.168.1.8
      212,04/10/2019,13:04,B,172.168.1.8
      216,04/10/2019,13:05,B,172.168.1.8
      215,04/10/2019,13:05,B,172.168.1.8
      214,04/10/2019,13:05,B,172.168.1.8
      205,04/10/2019,13:13,B,172.168.1.8
      205,04/10/2019,13:13,B,172.168.1.8
      211,04/10/2019,13:24,B,172.168.1.8
      210,04/10/2019,13:24,B,172.168.1.8
      204,04/10/2019,14:33,B,172.168.1.8
      206,04/10/2019,14:35,B,172.168.1.8
      213,04/10/2019,14:35,B,172.168.1.8
      209,04/10/2019,14:36,B,172.168.1.8
      203,04/10/2019,14:38,B,172.168.1.8
      201,04/10/2019,14:38,B,172.168.1.8
      202,04/10/2019,14:41,B,172.168.1.8
      301,04/10/2019,15:08,B,172.168.1.8
       74,04/10/2019,15:16,B,172.168.1.8
      312,04/10/2019,15:48,B,172.168.1.8
      121,04/10/2019,16:17,B,172.168.1.8
       72,04/10/2019,18:22,B,172.168.1.8
      303,04/10/2019,19:46,B,172.168.1.8
      303,04/10/2019,19:46,B,172.168.1.8
       25,04/10/2019,19:46,B,172.168.1.8
       36,04/10/2019,19:46,B,172.168.1.8
       35,04/10/2019,19:46,B,172.168.1.8
       22,04/10/2019,19:47,B,172.168.1.8
      119,04/10/2019,19:48,B,172.168.1.8
       29,04/10/2019,19:48,B,172.168.1.8
        5,04/10/2019,19:48,B,172.168.1.8
       23,04/10/2019,19:49,B,172.168.1.8
      305,04/10/2019,19:49,B,172.168.1.8
       65,04/10/2019,19:49,B,172.168.1.8
       16,04/10/2019,19:50,B,172.168.1.8
       20,04/10/2019,19:51,B,172.168.1.8
       26,04/10/2019,19:52,B,172.168.1.8
       10,04/10/2019,19:52,B,172.168.1.8
       24,04/10/2019,19:52,B,172.168.1.8
       27,04/10/2019,19:52,B,172.168.1.8
        8,04/10/2019,19:52,B,172.168.1.8
       11,04/10/2019,19:52,B,172.168.1.8
       18,04/10/2019,19:53,B,172.168.1.8
       14,04/10/2019,19:53,B,172.168.1.8
      126,04/10/2019,19:53,B,172.168.1.8
       17,04/10/2019,19:54,B,172.168.1.8
      299,04/10/2019,19:54,B,172.168.1.8
      271,04/10/2019,19:55,B,172.168.1.8
      297,04/10/2019,19:55,B,172.168.1.8
      295,04/10/2019,19:55,B,172.168.1.8
       19,04/10/2019,19:55,B,172.168.1.8
      123,04/10/2019,19:57,B,172.168.1.8
       32,04/10/2019,19:58,B,172.168.1.8
      122,04/10/2019,19:59,B,172.168.1.8
      300,04/10/2019,20:00,B,172.168.1.8
      268,04/10/2019,20:02,B,172.168.1.8
      296,04/10/2019,20:03,B,172.168.1.8
      293,04/10/2019,20:05,B,172.168.1.8
      273,04/10/2019,20:10,B,172.168.1.8
      293,04/10/2019,20:10,B,172.168.1.8
      101,04/10/2019,20:11,B,172.168.1.8
      101,04/10/2019,20:12,B,172.168.1.8
      115,04/10/2019,20:13,B,172.168.1.8
      254,04/10/2019,20:13,B,172.168.1.8
      114,04/10/2019,20:13,B,172.168.1.8
      251,04/10/2019,20:13,B,172.168.1.8
      258,04/10/2019,20:13,B,172.168.1.8
      119,04/10/2019,20:14,B,172.168.1.8
      298,04/10/2019,20:25,B,172.168.1.8
      260,04/10/2019,20:26,B,172.168.1.8
       12,04/10/2019,20:28,B,172.168.1.8
        2,04/10/2019,20:28,B,172.168.1.8
      127,04/10/2019,20:30,B,172.168.1.8
      120,04/10/2019,20:31,B,172.168.1.8
      116,04/10/2019,20:33,B,172.168.1.8
      125,04/10/2019,20:33,B,172.168.1.8
      114,04/10/2019,20:33,B,172.168.1.8
      273,04/10/2019,20:33,B,172.168.1.8
      273,04/10/2019,20:33,B,172.168.1.8
      110,04/10/2019,20:35,B,172.168.1.8
      290,04/10/2019,20:45,B,172.168.1.8
      310,04/10/2019,20:45,B,172.168.1.8
      256,04/10/2019,20:50,B,172.168.1.8
      290,04/10/2019,20:51,B,172.168.1.8
      106,04/10/2019,20:51,B,172.168.1.8
      310,04/10/2019,20:51,B,172.168.1.8
      310,04/10/2019,20:52,B,172.168.1.8
      117,04/10/2019,21:06,B,172.168.1.8
      283,04/10/2019,21:06,B,172.168.1.8
      129,04/10/2019,21:31,B,172.168.1.8
      131,04/10/2019,21:32,B,172.168.1.8
      128,04/10/2019,21:33,B,172.168.1.8
      287,04/10/2019,21:33,B,172.168.1.8
      112,04/10/2019,21:34,B,172.168.1.8
      287,04/10/2019,21:34,B,172.168.1.8
      255,04/10/2019,21:34,B,172.168.1.8
      121,05/10/2019,06:50,B,172.168.1.8
      273,05/10/2019,07:15,B,172.168.1.8
      214,05/10/2019,07:20,B,172.168.1.8
      299,05/10/2019,07:39,B,172.168.1.8
      126,05/10/2019,07:53,B,172.168.1.8
      216,05/10/2019,07:58,B,172.168.1.8
      210,05/10/2019,08:02,B,172.168.1.8
      207,05/10/2019,08:02,B,172.168.1.8
      287,05/10/2019,08:03,B,172.168.1.8
      119,05/10/2019,08:03,B,172.168.1.8
       37,05/10/2019,08:03,B,172.168.1.8
      213,05/10/2019,08:08,B,172.168.1.8
      211,05/10/2019,08:12,B,172.168.1.8
      298,05/10/2019,08:14,B,172.168.1.8
      300,05/10/2019,08:16,B,172.168.1.8
       65,05/10/2019,08:25,B,172.168.1.8
      203,05/10/2019,08:30,B,172.168.1.8
      212,05/10/2019,08:32,B,172.168.1.8
       11,05/10/2019,08:36,B,172.168.1.8
      202,05/10/2019,08:44,B,172.168.1.8
       16,05/10/2019,08:45,B,172.168.1.8
      215,05/10/2019,08:48,B,172.168.1.8
      115,05/10/2019,08:49,B,172.168.1.8
      309,05/10/2019,08:52,B,172.168.1.8
      255,05/10/2019,08:53,B,172.168.1.8
      260,05/10/2019,08:55,B,172.168.1.8
      260,05/10/2019,08:55,B,172.168.1.8
      312,05/10/2019,08:58,B,172.168.1.8
       36,05/10/2019,08:59,B,172.168.1.8
      114,05/10/2019,09:15,B,172.168.1.8
      122,05/10/2019,09:17,B,172.168.1.8
      205,05/10/2019,09:21,B,172.168.1.8
      120,05/10/2019,09:26,B,172.168.1.8
      303,05/10/2019,09:39,B,172.168.1.8
      201,05/10/2019,09:44,B,172.168.1.8
       14,05/10/2019,09:51,B,172.168.1.8
      209,05/10/2019,09:52,B,172.168.1.8
      204,05/10/2019,09:52,B,172.168.1.8
       23,05/10/2019,09:55,B,172.168.1.8
      295,05/10/2019,09:59,B,172.168.1.8
      297,05/10/2019,10:06,B,172.168.1.8
      116,05/10/2019,10:13,B,172.168.1.8
       35,05/10/2019,10:22,B,172.168.1.8
       30,05/10/2019,10:23,B,172.168.1.8
      112,05/10/2019,10:26,B,172.168.1.8
      214,05/10/2019,10:30,B,172.168.1.8
      271,05/10/2019,10:32,B,172.168.1.8
       26,05/10/2019,10:38,B,172.168.1.8
       72,05/10/2019,10:42,B,172.168.1.8
      216,05/10/2019,10:42,B,172.168.1.8
       17,05/10/2019,10:43,B,172.168.1.8
       16,05/10/2019,10:50,B,172.168.1.8
      203,05/10/2019,10:57,B,172.168.1.8
      202,05/10/2019,10:57,B,172.168.1.8
       21,05/10/2019,10:57,B,172.168.1.8
      210,05/10/2019,10:58,B,172.168.1.8
      211,05/10/2019,10:59,B,172.168.1.8
      210,05/10/2019,11:00,B,172.168.1.8
       24,05/10/2019,11:05,B,172.168.1.8
      215,05/10/2019,11:10,B,172.168.1.8
        8,05/10/2019,11:11,B,172.168.1.8
      212,05/10/2019,11:16,B,172.168.1.8
      207,05/10/2019,11:16,B,172.168.1.8
      213,05/10/2019,11:17,B,172.168.1.8
      123,05/10/2019,11:17,B,172.168.1.8
      251,05/10/2019,11:24,B,172.168.1.8
       22,05/10/2019,11:31,B,172.168.1.8
        9,05/10/2019,11:32,B,172.168.1.8
       27,05/10/2019,11:33,B,172.168.1.8
       27,05/10/2019,11:33,B,172.168.1.8
       28,05/10/2019,11:36,B,172.168.1.8
       10,05/10/2019,11:36,B,172.168.1.8
        9,05/10/2019,11:56,B,172.168.1.8
        9,05/10/2019,11:56,B,172.168.1.8
      303,05/10/2019,12:07,B,172.168.1.8
      309,05/10/2019,12:07,B,172.168.1.8
      204,05/10/2019,12:09,B,172.168.1.8
      209,05/10/2019,12:11,B,172.168.1.8
      205,05/10/2019,12:11,B,172.168.1.8
      201,05/10/2019,12:16,B,172.168.1.8
       72,05/10/2019,12:51,B,172.168.1.8
       72,05/10/2019,12:53,B,172.168.1.8
       21,05/10/2019,12:58,B,172.168.1.8
       30,05/10/2019,13:05,B,172.168.1.8
       30,05/10/2019,13:05,B,172.168.1.8
       35,05/10/2019,13:09,B,172.168.1.8
       24,05/10/2019,13:19,B,172.168.1.8
       23,05/10/2019,13:29,B,172.168.1.8
       22,05/10/2019,13:29,B,172.168.1.8
        8,05/10/2019,13:36,B,172.168.1.8
       22,05/10/2019,13:44,B,172.168.1.8
       17,05/10/2019,13:48,B,172.168.1.8
       11,05/10/2019,13:57,B,172.168.1.8
      299,05/10/2019,14:47,B,172.168.1.8
      295,05/10/2019,14:47,B,172.168.1.8
      271,05/10/2019,14:47,B,172.168.1.8
      312,05/10/2019,14:57,B,172.168.1.8
      298,05/10/2019,15:00,B,172.168.1.8
       27,05/10/2019,15:23,B,172.168.1.8
       26,05/10/2019,15:33,B,172.168.1.8
       28,05/10/2019,15:34,B,172.168.1.8
       10,05/10/2019,15:41,B,172.168.1.8
      297,05/10/2019,15:43,B,172.168.1.8
       14,05/10/2019,15:48,B,172.168.1.8
       14,05/10/2019,15:48,B,172.168.1.8
      126,05/10/2019,16:07,B,172.168.1.8
      121,05/10/2019,16:13,B,172.168.1.8
      126,05/10/2019,16:21,B,172.168.1.8
      260,05/10/2019,16:23,B,172.168.1.8
      260,05/10/2019,16:27,B,172.168.1.8
      119,05/10/2019,16:31,B,172.168.1.8
      115,05/10/2019,16:41,B,172.168.1.8
      116,05/10/2019,16:42,B,172.168.1.8
      116,05/10/2019,16:42,B,172.168.1.8
       65,05/10/2019,16:58,B,172.168.1.8
      120,05/10/2019,17:00,B,172.168.1.8
      122,05/10/2019,17:00,B,172.168.1.8
      300,05/10/2019,17:01,B,172.168.1.8
      123,05/10/2019,17:02,B,172.168.1.8
      112,05/10/2019,17:06,B,172.168.1.8
      273,05/10/2019,17:11,B,172.168.1.8
      114,05/10/2019,17:12,B,172.168.1.8
       37,05/10/2019,17:24,B,172.168.1.8
      287,05/10/2019,18:02,B,172.168.1.8
      255,05/10/2019,18:02,B,172.168.1.8
      214,07/10/2019,07:59,B,172.168.1.8
      215,07/10/2019,07:59,B,172.168.1.8
      202,07/10/2019,07:59,B,172.168.1.8
      287,07/10/2019,07:59,B,172.168.1.8
      119,07/10/2019,08:00,B,172.168.1.8
      209,07/10/2019,08:02,B,172.168.1.8
      204,07/10/2019,08:03,B,172.168.1.8
      205,07/10/2019,08:18,B,172.168.1.8
      216,07/10/2019,08:24,B,172.168.1.8
      212,07/10/2019,08:24,B,172.168.1.8
      211,07/10/2019,08:27,B,172.168.1.8
      207,07/10/2019,08:55,B,172.168.1.8
      206,07/10/2019,09:01,B,172.168.1.8
      210,07/10/2019,09:04,B,172.168.1.8
      213,07/10/2019,09:11,B,172.168.1.8
      201,07/10/2019,09:50,B,172.168.1.8
      201,07/10/2019,09:50,B,172.168.1.8
      203,07/10/2019,09:57,B,172.168.1.8
      204,07/10/2019,11:28,B,172.168.1.8
      206,07/10/2019,11:30,B,172.168.1.8
      213,07/10/2019,11:30,B,172.168.1.8
      209,07/10/2019,11:30,B,172.168.1.8
      202,07/10/2019,12:38,B,172.168.1.8
      215,07/10/2019,12:48,B,172.168.1.8
      214,07/10/2019,12:48,B,172.168.1.8
      212,07/10/2019,13:13,B,172.168.1.8
      216,07/10/2019,13:13,B,172.168.1.8
      201,07/10/2019,13:31,B,172.168.1.8
      203,07/10/2019,13:31,B,172.168.1.8
      205,07/10/2019,13:31,B,172.168.1.8
      205,07/10/2019,13:31,B,172.168.1.8
      210,07/10/2019,13:38,B,172.168.1.8
      211,07/10/2019,13:39,B,172.168.1.8
      210,07/10/2019,13:39,B,172.168.1.8
      119,07/10/2019,14:10,B,172.168.1.8
      287,07/10/2019,14:11,B,172.168.1.8
      287,07/10/2019,14:11,B,172.168.1.8
      121,09/10/2019,06:45,B,172.168.1.8
      273,09/10/2019,07:25,B,172.168.1.8
      299,09/10/2019,07:46,B,172.168.1.8
      296,09/10/2019,07:58,B,172.168.1.8
      287,09/10/2019,07:59,B,172.168.1.8
      300,09/10/2019,07:59,B,172.168.1.8
       37,09/10/2019,08:26,B,172.168.1.8
      260,09/10/2019,08:27,B,172.168.1.8
      301,09/10/2019,08:32,B,172.168.1.8
      303,09/10/2019,08:34,B,172.168.1.8
       52,09/10/2019,08:35,B,172.168.1.8
       65,09/10/2019,08:38,B,172.168.1.8
       36,09/10/2019,08:40,B,172.168.1.8
       11,09/10/2019,08:43,B,172.168.1.8
      309,09/10/2019,08:44,B,172.168.1.8
       23,09/10/2019,08:48,B,172.168.1.8
      312,09/10/2019,08:53,B,172.168.1.8
       17,09/10/2019,08:59,B,172.168.1.8
      255,09/10/2019,09:00,B,172.168.1.8
      268,09/10/2019,09:03,B,172.168.1.8
       32,09/10/2019,09:03,B,172.168.1.8
       20,09/10/2019,09:08,B,172.168.1.8
      298,09/10/2019,09:18,B,172.168.1.8
       25,09/10/2019,09:25,B,172.168.1.8
       72,09/10/2019,09:30,B,172.168.1.8
       16,09/10/2019,09:44,B,172.168.1.8
       16,09/10/2019,09:44,B,172.168.1.8
       21,09/10/2019,09:44,B,172.168.1.8
      290,09/10/2019,09:47,B,172.168.1.8
      283,09/10/2019,09:47,B,172.168.1.8
      271,09/10/2019,09:47,B,172.168.1.8
      289,09/10/2019,09:47,B,172.168.1.8
      117,09/10/2019,09:47,B,172.168.1.8
       10,09/10/2019,09:48,B,172.168.1.8
       35,09/10/2019,09:49,B,172.168.1.8
      201,09/10/2019,09:59,B,172.168.1.8
       24,09/10/2019,10:01,B,172.168.1.8
       28,09/10/2019,10:01,B,172.168.1.8
      254,09/10/2019,10:03,B,172.168.1.8
       14,09/10/2019,10:04,B,172.168.1.8
        5,09/10/2019,10:05,B,172.168.1.8
      205,09/10/2019,10:06,B,172.168.1.8
      297,09/10/2019,10:06,B,172.168.1.8
      310,09/10/2019,10:06,B,172.168.1.8
      212,09/10/2019,10:10,B,172.168.1.8
      207,09/10/2019,10:10,B,172.168.1.8
      214,09/10/2019,10:10,B,172.168.1.8
      112,09/10/2019,10:11,B,172.168.1.8
      258,09/10/2019,10:13,B,172.168.1.8
      256,09/10/2019,10:21,B,172.168.1.8
      116,09/10/2019,10:21,B,172.168.1.8
      206,09/10/2019,10:25,B,172.168.1.8
      261,09/10/2019,10:29,B,172.168.1.8
      216,09/10/2019,10:29,B,172.168.1.8
      204,09/10/2019,10:29,B,172.168.1.8
      211,09/10/2019,10:30,B,172.168.1.8
        9,09/10/2019,10:32,B,172.168.1.8
      101,09/10/2019,10:35,B,172.168.1.8
      213,09/10/2019,10:35,B,172.168.1.8
      209,09/10/2019,10:35,B,172.168.1.8
      210,09/10/2019,10:35,B,172.168.1.8
       18,09/10/2019,10:36,B,172.168.1.8
      203,09/10/2019,10:50,B,172.168.1.8
      202,09/10/2019,10:50,B,172.168.1.8
      251,09/10/2019,10:52,B,172.168.1.8
        2,09/10/2019,11:00,B,172.168.1.8
      215,09/10/2019,11:02,B,172.168.1.8
       19,09/10/2019,11:17,B,172.168.1.8
       73,09/10/2019,11:22,B,172.168.1.8
      293,09/10/2019,11:34,B,172.168.1.8
       30,09/10/2019,11:34,B,172.168.1.8
       22,09/10/2019,11:36,B,172.168.1.8
       26,09/10/2019,11:39,B,172.168.1.8
      309,09/10/2019,11:42,B,172.168.1.8
       27,09/10/2019,11:49,B,172.168.1.8
       52,09/10/2019,12:13,B,172.168.1.8
       31,09/10/2019,12:39,B,172.168.1.8
      201,09/10/2019,13:03,B,172.168.1.8
      255,09/10/2019,13:23,B,172.168.1.8
       69,09/10/2019,13:47,B,172.168.1.8
       64,09/10/2019,14:06,B,172.168.1.8
       36,09/10/2019,14:20,B,172.168.1.8
      312,09/10/2019,14:32,B,172.168.1.8
       65,09/10/2019,14:39,B,172.168.1.8
      303,09/10/2019,14:50,B,172.168.1.8
       23,09/10/2019,15:25,B,172.168.1.8
       21,09/10/2019,15:25,B,172.168.1.8
       20,09/10/2019,15:32,B,172.168.1.8
      121,09/10/2019,15:34,B,172.168.1.8
      301,09/10/2019,15:34,B,172.168.1.8
        5,09/10/2019,15:35,B,172.168.1.8
      298,09/10/2019,15:40,B,172.168.1.8
       24,09/10/2019,15:44,B,172.168.1.8
       24,09/10/2019,15:45,B,172.168.1.8
       16,09/10/2019,15:51,B,172.168.1.8
       72,09/10/2019,15:52,B,172.168.1.8
       64,09/10/2019,15:56,B,172.168.1.8
      299,09/10/2019,16:02,B,172.168.1.8
       18,09/10/2019,16:13,B,172.168.1.8
       28,09/10/2019,16:21,B,172.168.1.8
       35,09/10/2019,16:23,B,172.168.1.8
       27,09/10/2019,16:41,B,172.168.1.8
       73,09/10/2019,16:44,B,172.168.1.8
       73,09/10/2019,16:44,B,172.168.1.8
       73,09/10/2019,16:44,B,172.168.1.8
       14,09/10/2019,16:50,B,172.168.1.8
       32,09/10/2019,16:51,B,172.168.1.8
       10,09/10/2019,16:55,B,172.168.1.8
       22,09/10/2019,16:55,B,172.168.1.8
       22,09/10/2019,16:57,B,172.168.1.8
        2,09/10/2019,16:58,B,172.168.1.8
       19,09/10/2019,16:58,B,172.168.1.8
      256,09/10/2019,16:58,B,172.168.1.8
       25,09/10/2019,17:00,B,172.168.1.8
       17,09/10/2019,17:09,B,172.168.1.8
       11,09/10/2019,17:10,B,172.168.1.8
       26,09/10/2019,17:13,B,172.168.1.8
      297,09/10/2019,17:14,B,172.168.1.8
      271,09/10/2019,17:16,B,172.168.1.8
      251,09/10/2019,17:16,B,172.168.1.8
      254,09/10/2019,17:16,B,172.168.1.8
      101,09/10/2019,17:20,B,172.168.1.8
      289,09/10/2019,17:21,B,172.168.1.8
      283,09/10/2019,17:45,B,172.168.1.8
      261,09/10/2019,17:45,B,172.168.1.8
      258,09/10/2019,17:51,B,172.168.1.8
      116,09/10/2019,17:51,B,172.168.1.8
      300,09/10/2019,17:54,B,172.168.1.8
       30,09/10/2019,17:55,B,172.168.1.8
      260,09/10/2019,17:56,B,172.168.1.8
      290,09/10/2019,17:56,B,172.168.1.8
      287,09/10/2019,17:56,B,172.168.1.8
      268,09/10/2019,17:56,B,172.168.1.8
      268,09/10/2019,17:56,B,172.168.1.8
      296,09/10/2019,17:57,B,172.168.1.8
       37,09/10/2019,17:59,B,172.168.1.8
      293,09/10/2019,18:00,B,172.168.1.8
      273,09/10/2019,18:00,B,172.168.1.8
      310,09/10/2019,18:18,B,172.168.1.8
      117,09/10/2019,18:20,B,172.168.1.8
      112,09/10/2019,18:21,B,172.168.1.8
      310,09/10/2019,18:21,B,172.168.1.8
      310,09/10/2019,18:21,B,172.168.1.8
      121,10/10/2019,06:53,B,172.168.1.8
      273,10/10/2019,07:19,B,172.168.1.8
      125,10/10/2019,07:44,B,172.168.1.8
      204,10/10/2019,07:55,B,172.168.1.8
      202,10/10/2019,07:56,B,172.168.1.8
      296,10/10/2019,07:59,B,172.168.1.8
      215,10/10/2019,07:59,B,172.168.1.8
      203,10/10/2019,08:00,B,172.168.1.8
      287,10/10/2019,08:01,B,172.168.1.8
      299,10/10/2019,08:02,B,172.168.1.8
      300,10/10/2019,08:02,B,172.168.1.8
       65,10/10/2019,08:03,B,172.168.1.8
      210,10/10/2019,08:09,B,172.168.1.8
      126,10/10/2019,08:10,B,172.168.1.8
      208,10/10/2019,08:11,B,172.168.1.8
       52,10/10/2019,08:14,B,172.168.1.8
      214,10/10/2019,08:19,B,172.168.1.8
      260,10/10/2019,08:20,B,172.168.1.8
      260,10/10/2019,08:20,B,172.168.1.8
      301,10/10/2019,08:22,B,172.168.1.8
      216,10/10/2019,08:22,B,172.168.1.8
      212,10/10/2019,08:22,B,172.168.1.8
      205,10/10/2019,08:28,B,172.168.1.8
      211,10/10/2019,08:36,B,172.168.1.8
      303,10/10/2019,08:40,B,172.168.1.8
       36,10/10/2019,08:40,B,172.168.1.8
       18,10/10/2019,08:40,B,172.168.1.8
      309,10/10/2019,08:43,B,172.168.1.8
      312,10/10/2019,08:43,B,172.168.1.8
       11,10/10/2019,08:51,B,172.168.1.8
       24,10/10/2019,08:53,B,172.168.1.8
      298,10/10/2019,08:54,B,172.168.1.8
       23,10/10/2019,08:55,B,172.168.1.8
      115,10/10/2019,08:55,B,172.168.1.8
      120,10/10/2019,08:55,B,172.168.1.8
       17,10/10/2019,08:58,B,172.168.1.8
      207,10/10/2019,08:58,B,172.168.1.8
      207,10/10/2019,08:58,B,172.168.1.8
      209,10/10/2019,09:03,B,172.168.1.8
       20,10/10/2019,09:05,B,172.168.1.8
       14,10/10/2019,09:20,B,172.168.1.8
      268,10/10/2019,09:20,B,172.168.1.8
       37,10/10/2019,09:27,B,172.168.1.8
       25,10/10/2019,09:28,B,172.168.1.8
      122,10/10/2019,09:30,B,172.168.1.8
       32,10/10/2019,09:31,B,172.168.1.8
      112,10/10/2019,09:35,B,172.168.1.8
       64,10/10/2019,09:37,B,172.168.1.8
      290,10/10/2019,09:37,B,172.168.1.8
      206,10/10/2019,09:43,B,172.168.1.8
      283,10/10/2019,09:49,B,172.168.1.8
      117,10/10/2019,09:49,B,172.168.1.8
       30,10/10/2019,09:54,B,172.168.1.8
      128,10/10/2019,09:54,B,172.168.1.8
      116,10/10/2019,09:55,B,172.168.1.8
      109,10/10/2019,09:55,B,172.168.1.8
      110,10/10/2019,09:56,B,172.168.1.8
      256,10/10/2019,09:57,B,172.168.1.8
      201,10/10/2019,09:59,B,172.168.1.8
      201,10/10/2019,09:59,B,172.168.1.8
      123,10/10/2019,10:00,B,172.168.1.8
      271,10/10/2019,10:02,B,172.168.1.8
      289,10/10/2019,10:02,B,172.168.1.8
      297,10/10/2019,10:03,B,172.168.1.8
       35,10/10/2019,10:03,B,172.168.1.8
      127,10/10/2019,10:09,B,172.168.1.8
      310,10/10/2019,10:10,B,172.168.1.8
        9,10/10/2019,10:10,B,172.168.1.8
      254,10/10/2019,10:11,B,172.168.1.8
        5,10/10/2019,10:12,B,172.168.1.8
       10,10/10/2019,10:12,B,172.168.1.8
       72,10/10/2019,10:15,B,172.168.1.8
      106,10/10/2019,10:16,B,172.168.1.8
      101,10/10/2019,10:16,B,172.168.1.8
      295,10/10/2019,10:17,B,172.168.1.8
      131,10/10/2019,10:22,B,172.168.1.8
      261,10/10/2019,10:27,B,172.168.1.8
      251,10/10/2019,10:31,B,172.168.1.8
       28,10/10/2019,10:40,B,172.168.1.8
      293,10/10/2019,10:42,B,172.168.1.8
        8,10/10/2019,10:47,B,172.168.1.8
       26,10/10/2019,10:49,B,172.168.1.8
      114,10/10/2019,11:00,B,172.168.1.8
       12,10/10/2019,11:06,B,172.168.1.8
       16,10/10/2019,11:08,B,172.168.1.8
        2,10/10/2019,11:13,B,172.168.1.8
       19,10/10/2019,11:20,B,172.168.1.8
       22,10/10/2019,11:26,B,172.168.1.8
      305,10/10/2019,11:51,B,172.168.1.8
       64,10/10/2019,12:02,B,172.168.1.8
